OP_Name,Instance,Status,LabellingTime,Notes,TotalTime,Solution
"OP(44,3,3)",0,Solved,"0,0400"," (4t+2)","0,1867","(\infty, 5, 13, 23, 10, 43, 21, 12, 7, 4, 0, 2, 3, 9, 16, 30, 14, 39, 18, 46, 35, 17, \infty, 41, 11, 22, 42, 15, 38, 6, 40, 33, 27, 26, 24, 28, 31, 36, 45, 19, 34, 47, 37, 29) (1, 20, 32) (25, 44, 8) "
"OP(4,4,42)",0,Solved,"0,0460"," (4t+2)","0,0552","(\infty, 1, \infty, 25) (9, 3, 33, 27) (5, 2, 0, 10, 11, 4, 8, 13, 21, 36, 22, 44, 19, 31, 15, 6, 17, 38, 18, 47, 16, 29, 26, 24, 34, 35, 28, 32, 37, 45, 12, 46, 20, 43, 7, 39, 30, 41, 14, 42, 23, 40) "
"OP(4,4,42)",0,Solved,"0,0480"," (4t+2)","0,0579","(\infty, 1, \infty, 25) (9, 3, 33, 27) (5, 2, 0, 10, 11, 4, 8, 13, 21, 36, 22, 44, 19, 31, 15, 6, 17, 38, 18, 47, 16, 29, 26, 24, 34, 35, 28, 32, 37, 45, 12, 46, 20, 43, 7, 39, 30, 41, 14, 42, 23, 40) "
"OP(42,4,4)",0,Solved,"0,0430"," (4t+2)","0,0487","(\infty, 20, 8, 23, 43, 13, 38, 21, 42, 16, 35, 22, 12, 6, 1, 2, 10, 17, 31, 15, 4, \infty, 28, 39, 7, 41, 34, 26, 25, 30, 36, 46, 11, 40, 18, 45, 14, 37, 19, 47, 32, 44) (9, 0, 3, 5) (33, 24, 27, 29) "
"OP(4,6,40)",0,Solved,"0,0460"," (4t+2)","0,0625","(\infty, 1, \infty, 25) (7, 3, 6, 31, 27, 30) (2, 0, 13, 12, 4, 11, 17, 5, 10, 19, 39, 18, 8, 22, 38, 23, 45, 16, 33, 44, 26, 24, 37, 36, 28, 35, 41, 29, 34, 43, 15, 42, 32, 46, 14, 47, 21, 40, 9, 20) "
"OP(6,40,4)",0,Solved,"0,0790"," (4t+2)","0,0914","(\infty, 11, 45, \infty, 21, 35) (18, 7, 3, 0, 9, 19, 34, 46, 23, 15, 8, 2, 4, 5, 40, 14, 41, 13, 44, 12, 42, 31, 27, 24, 33, 43, 10, 22, 47, 39, 32, 26, 28, 29, 16, 38, 17, 37, 20, 36) (1, 6, 25, 30) "
"OP(4,40,3,3)",0,Solved,"0,0460"," (4t+2)","0,0511","(\infty, 15, \infty, 39) (17, 2, 42, 45, 8, 9, 19, 24, 30, 47, 20, 34, 12, 5, 1, 31, 11, 13, 4, 16, 41, 26, 18, 21, 32, 33, 43, 0, 6, 23, 44, 10, 36, 29, 25, 7, 35, 37, 28, 40) (27, 14, 46) (3, 38, 22) "
"OP(4,6,40)",0,Solved,"0,0450"," (4t+2)","0,0502","(\infty, 1, \infty, 25) (7, 3, 6, 31, 27, 30) (2, 0, 13, 12, 4, 11, 17, 5, 10, 19, 39, 18, 8, 22, 38, 23, 45, 16, 33, 44, 26, 24, 37, 36, 28, 35, 41, 29, 34, 43, 15, 42, 32, 46, 14, 47, 21, 40, 9, 20) "
"OP(40,6,4)",0,Solved,"0,0520"," (4t+2)","0,0569","(\infty, 18, 6, 17, 35, 22, 43, 21, 44, 12, 40, 23, 14, 8, 1, 2, 4, 7, 15, 34, \infty, 10, 39, 31, 28, 26, 25, 32, 38, 47, 16, 36, 20, 45, 19, 46, 11, 41, 30, 42) (9, 5, 0, 33, 29, 24) (13, 3, 37, 27) "
"OP(40,5,5)",0,Solved,"0,0920"," (4t+2)","0,0976","(\infty, 17, 2, 3, 1, 13, 33, 14, 39, 23, 10, 40, 18, 4, 45, 5, 8, 12, 22, 43, \infty, 19, 46, 36, 32, 29, 21, 28, 42, 16, 34, 47, 15, 38, 9, 37, 25, 27, 26, 41) (6, 11, 20, 31, 0) (30, 35, 44, 7, 24) "
"OP(40,4,3,3)",0,Solved,"0,0440"," (4t+2)","0,0492","(\infty, 2, 3, 5, 8, 12, 1, 9, 4, 11, 20, 7, 22, 38, 15, 34, 17, 45, 19, 40, \infty, 16, 43, 21, 41, 10, 39, 14, 46, 31, 44, 35, 28, 33, 25, 36, 32, 29, 27, 26) (13, 23, 37, 47) (18, 0, 6) (42, 24, 30) "
"OP(4,8,38)",0,Solved,"0,0430"," (4t+2)","0,0478","(\infty, 18, \infty, 42) (20, 15, 4, 30, 44, 39, 28, 6) (14, 27, 21, 40, 1, 17, 47, 9, 24, 26, 19, 7, 35, 10, 13, 12, 8, 29, 46, 38, 3, 45, 16, 25, 41, 23, 33, 0, 2, 43, 31, 11, 34, 37, 36, 32, 5, 22) "
"OP(8,38,4)",0,Solved,"0,1960"," (4t+2)","0,2016","(\infty, 40, 17, 12, \infty, 36, 41, 16) (14, 0, 6, 27, 46, 5, 35, 37, 45, 34, 2, 1, 23, 8, 20, 33, 42, 4, 7, 38, 24, 30, 3, 22, 29, 11, 13, 21, 10, 26, 25, 47, 32, 44, 9, 18, 28, 31) (43, 15, 19, 39) "
"OP(6,6,38)",0,Solved,"0,0510"," (4t+2)","0,0557","(\infty, 2, 4, \infty, 28, 26) (5, 6, 11, 29, 30, 35) (7, 10, 16, 27, 14, 42, 19, 45, 13, 46, 15, 23, 9, 0, 12, 8, 1, 20, 41, 31, 34, 40, 3, 38, 18, 43, 21, 37, 22, 39, 47, 33, 24, 36, 32, 25, 44, 17) "
"OP(6,38,3,3)",0,Solved,"0,0500"," (4t+2)","0,0553","(\infty, 4, 14, \infty, 38, 28) (34, 47, 20, 40, 21, 39, 13, 36, 19, 11, 7, 1, 2, 9, 18, 32, 17, 6, 22, 10, 23, 44, 16, 45, 15, 37, 12, 43, 35, 31, 25, 26, 33, 42, 8, 41, 30, 46) (0, 5, 3) (24, 29, 27) "
"OP(4,4,4,38)",0,Solved,"0,0450"," (4t+2)","0,0506","(\infty, 13, \infty, 37) (45, 14, 36, 11) (21, 38, 12, 35) (41, 22, 40, 20, 47, 31, 18, 8, 1, 2, 10, 19, 30, 15, 9, 4, 0, 3, 5, 17, 46, 16, 44, 23, 7, 42, 32, 25, 26, 34, 43, 6, 39, 33, 28, 24, 27, 29) "
"OP(4,8,38)",0,Solved,"0,0410"," (4t+2)","0,0453","(\infty, 18, \infty, 42) (20, 15, 4, 30, 44, 39, 28, 6) (14, 27, 21, 40, 1, 17, 47, 9, 24, 26, 19, 7, 35, 10, 13, 12, 8, 29, 46, 38, 3, 45, 16, 25, 41, 23, 33, 0, 2, 43, 31, 11, 34, 37, 36, 32, 5, 22) "
"OP(38,8,4)",0,Solved,"0,0580"," (4t+2)","0,0633","(\infty, 6, 16, 32, 18, 47, 19, 12, 7, 4, 0, 2, 3, 9, 17, 34, 21, 39, 14, \infty, 38, 15, 45, 10, 41, 33, 27, 26, 24, 28, 31, 36, 43, 23, 42, 8, 40, 30) (46, 35, 13, 1, 22, 11, 37, 25) (20, 5, 44, 29) "
"OP(6,6,38)",0,Solved,"0,0550"," (4t+2)","0,0603","(\infty, 2, 4, \infty, 28, 26) (5, 6, 11, 29, 30, 35) (7, 10, 16, 27, 14, 42, 19, 45, 13, 46, 15, 23, 9, 0, 12, 8, 1, 20, 41, 31, 34, 40, 3, 38, 18, 43, 21, 37, 22, 39, 47, 33, 24, 36, 32, 25, 44, 17) "
"OP(38,6,6)",0,Solved,"0,0190"," (4t+2)","0,0236","(\infty, 21, 47, 18, 35, 20, 2, 8, 4, 12, 0, 14, 17, 1, 6, 7, 5, 16, 39, \infty, 15, 40, 29, 31, 30, 25, 41, 38, 24, 36, 28, 32, 26, 44, 11, 42, 23, 45) (3, 13, 33, 46, 19, 10) (27, 37, 9, 22, 43, 34) "
"OP(38,6,3,3)",0,Solved,"0,0540"," (4t+2)","0,0589","(\infty, 12, 3, 11, 4, 8, 18, 40, 13, 0, 6, 5, 7, 2, 14, 45, 20, 17, 46, \infty, 22, 41, 44, 21, 38, 26, 31, 29, 30, 24, 37, 16, 42, 32, 28, 35, 27, 36) (23, 43, 10, 47, 19, 34) (33, 15, 1) (9, 39, 25) "
"OP(4,4,4,38)",0,Solved,"0,0430"," (4t+2)","0,0498","(\infty, 13, \infty, 37) (45, 14, 36, 11) (21, 38, 12, 35) (41, 22, 40, 20, 47, 31, 18, 8, 1, 2, 10, 19, 30, 15, 9, 4, 0, 3, 5, 17, 46, 16, 44, 23, 7, 42, 32, 25, 26, 34, 43, 6, 39, 33, 28, 24, 27, 29) "
"OP(38,4,4,4)",0,Solved,"0,0560"," (4t+2)","0,0621","(\infty, 6, 22, 8, 18, 47, 19, 12, 7, 4, 0, 2, 3, 9, 17, 34, 45, 15, 40, \infty, 16, 39, 21, 10, 41, 33, 27, 26, 24, 28, 31, 36, 43, 23, 42, 32, 46, 30) (13, 35, 14, 1) (37, 11, 38, 25) (20, 5, 44, 29) "
"OP(38,3,3,3,3)",0,Solved,"0,0620"," (4t+2)","0,0674","(\infty, 5, 21, 0, 35, 39, 16, 6, 8, 17, 3, 25, 36, 42, 14, 7, 47, 4, 33, \infty, 9, 28, 23, 31, 38, 18, 12, 1, 27, 41, 32, 30, 40, 15, 11, 24, 45, 29) (44, 43, 26) (20, 19, 2) (13, 46, 10) (37, 22, 34) "
"OP(4,10,36)",0,Solved,"0,0410"," (4t+2)","0,0486","(\infty, 1, \infty, 25) (4, 3, 6, 2, 0, 28, 27, 30, 26, 24) (12, 5, 10, 16, 32, 20, 45, 19, 38, 17, 7, 15, 33, 18, 35, 22, 13, 47, 36, 29, 34, 40, 8, 44, 21, 43, 14, 41, 31, 39, 9, 42, 11, 46, 37, 23) "
"OP(10,36,4)",0,Solved,"0,0540"," (4t+2)","0,0716","(\infty, 6, 16, 32, 14, \infty, 38, 8, 40, 30) (39, 19, 12, 7, 4, 0, 2, 3, 9, 17, 34, 21, 42, 23, 46, 35, 13, 1, 15, 43, 36, 31, 28, 24, 26, 27, 33, 41, 10, 45, 18, 47, 22, 11, 37, 25) (20, 5, 44, 29) "
"OP(6,8,36)",0,Solved,"0,0510"," (4t+2)","0,0560","(\infty, 5, 47, \infty, 23, 29) (35, 39, 20, 36, 11, 15, 44, 12) (34, 43, 21, 22, 40, 3, 6, 8, 28, 1, 13, 26, 18, 33, 38, 0, 31, 17, 10, 19, 45, 46, 16, 27, 30, 32, 4, 25, 37, 2, 42, 9, 14, 24, 7, 41) "
"OP(8,36,6)",0,Solved,"0,0950"," (4t+2)","0,0997","(\infty, 16, 31, 18, \infty, 42, 7, 40) (32, 15, 23, 41, 12, 21, 35, 13, 34, 6, 0, 4, 9, 2, 3, 5, 43, 20, 8, 39, 47, 17, 36, 45, 11, 37, 10, 30, 24, 28, 33, 26, 27, 29, 19, 44) (46, 1, 38, 22, 25, 14) "
"OP(8,36,3,3)",0,Solved,"0,0650"," (4t+2)","0,0699","(\infty, 5, 13, 23, \infty, 47, 37, 29) (19, 34, 21, 12, 7, 4, 0, 2, 3, 9, 16, 30, 14, 39, 18, 46, 35, 17, 43, 10, 45, 36, 31, 28, 24, 26, 27, 33, 40, 6, 38, 15, 42, 22, 11, 41) (1, 20, 32) (25, 44, 8) "
"OP(4,6,4,36)",0,Solved,"0,2640"," (4t+2)","0,2707","(\infty, 10, \infty, 34) (12, 44, 14, 36, 20, 38) (23, 0, 47, 24) (4, 11, 40, 42, 15, 6, 3, 8, 21, 7, 17, 5, 22, 2, 13, 9, 1, 43, 28, 35, 16, 18, 39, 30, 27, 32, 45, 31, 41, 29, 46, 26, 37, 33, 25, 19) "
"OP(4,5,5,36)",0,Solved,"0,0520"," (4t+2)","0,0574","(\infty, 1, \infty, 25) (2, 3, 9, 17, 6) (26, 27, 33, 41, 30) (5, 18, 36, 15, 35, 10, 0, 7, 4, 47, 8, 20, 37, 22, 38, 16, 45, 43, 29, 42, 12, 39, 11, 34, 24, 31, 28, 23, 32, 44, 13, 46, 14, 40, 21, 19) "
"OP(6,36,4,4)",0,Solved,"0,1150"," (4t+2)","0,1208","(\infty, 9, 3, \infty, 27, 33) (0, 4, 2, 12, 11, 41, 20, 42, 14, 5, 13, 47, 16, 45, 22, 10, 7, 39, 24, 28, 26, 36, 35, 17, 44, 18, 38, 29, 37, 23, 40, 21, 46, 34, 31, 15) (19, 8, 1, 6) (43, 32, 25, 30) "
"OP(4,4,36,3,3)",0,Solved,"0,0540"," (4t+2)","0,0605","(\infty, 2, \infty, 26) (3, 4, 27, 28) (5, 8, 1, 6, 15, 11, 9, 20, 7, 19, 41, 22, 38, 21, 36, 16, 37, 23, 29, 32, 25, 30, 39, 35, 33, 44, 31, 43, 17, 46, 14, 45, 12, 40, 13, 47) (18, 0, 10) (42, 24, 34) "
"OP(4,10,36)",0,Solved,"0,0420"," (4t+2)","0,0467","(\infty, 1, \infty, 25) (4, 3, 6, 2, 0, 28, 27, 30, 26, 24) (12, 5, 10, 16, 32, 20, 45, 19, 38, 17, 7, 15, 33, 18, 35, 22, 13, 47, 36, 29, 34, 40, 8, 44, 21, 43, 14, 41, 31, 39, 9, 42, 11, 46, 37, 23) "
"OP(36,10,4)",0,Solved,"0,0510"," (4t+2)","0,0563","(\infty, 19, 6, 18, 34, 15, 36, 21, 46, 20, 40, 23, 14, 8, 1, 2, 4, 7, \infty, 31, 28, 26, 25, 32, 38, 47, 16, 44, 22, 45, 12, 39, 10, 42, 30, 43) (35, 17, 9, 5, 0, 11, 41, 33, 29, 24) (13, 3, 37, 27) "
"OP(6,8,36)",0,Solved,"0,0500"," (4t+2)","0,0551","(\infty, 5, 47, \infty, 23, 29) (35, 39, 20, 36, 11, 15, 44, 12) (34, 43, 21, 22, 40, 3, 6, 8, 28, 1, 13, 26, 18, 33, 38, 0, 31, 17, 10, 19, 45, 46, 16, 27, 30, 32, 4, 25, 37, 2, 42, 9, 14, 24, 7, 41) "
"OP(36,8,6)",0,Solved,"0,1200"," (4t+2)","0,1253","(\infty, 5, 42, 37, 2, 32, 44, 35, 27, 47, 45, 4, 30, 7, 36, 46, 1, 33, \infty, 9, 25, 22, 12, 31, 6, 28, 21, 23, 3, 11, 20, 8, 26, 13, 18, 29) (10, 43, 39, 40, 34, 19, 15, 16) (41, 24, 38, 17, 0, 14) "
"OP(36,8,3,3)",0,Solved,"0,1240"," (4t+2)","0,1301","(\infty, 2, 16, 39, 29, 9, 3, 11, 7, 4, 41, 0, 13, 42, 43, 45, 14, 46, \infty, 22, 38, 21, 19, 18, 37, 24, 17, 28, 31, 35, 27, 33, 5, 15, 40, 26) (1, 6, 36, 10, 25, 30, 12, 34) (44, 32, 23) (20, 8, 47) "
"OP(36,7,7)",0,Solved,"0,0500"," (4t+2)","0,0557","(\infty, 2, 3, 5, 8, 12, 1, 7, 14, 4, 16, 35, 13, 45, 22, 39, 19, 34, \infty, 10, 43, 15, 46, 21, 37, 11, 40, 28, 38, 31, 25, 36, 32, 29, 27, 26) (17, 30, 44, 23, 18, 0, 9) (41, 6, 20, 47, 42, 24, 33) "
"OP(4,6,4,36)",0,Solved,"0,2620"," (4t+2)","0,2684","(\infty, 10, \infty, 34) (12, 44, 14, 36, 20, 38) (23, 0, 47, 24) (4, 11, 40, 42, 15, 6, 3, 8, 21, 7, 17, 5, 22, 2, 13, 9, 1, 43, 28, 35, 16, 18, 39, 30, 27, 32, 45, 31, 41, 29, 46, 26, 37, 33, 25, 19) "
"OP(4,5,5,36)",0,Solved,"0,0530"," (4t+2)","0,0576","(\infty, 1, \infty, 25) (2, 3, 9, 17, 6) (26, 27, 33, 41, 30) (5, 18, 36, 15, 35, 10, 0, 7, 4, 47, 8, 20, 37, 22, 38, 16, 45, 43, 29, 42, 12, 39, 11, 34, 24, 31, 28, 23, 32, 44, 13, 46, 14, 40, 21, 19) "
"OP(36,6,4,4)",0,Solved,"0,0690"," (4t+2)","0,0747","(\infty, 3, 4, 6, 9, 45, 16, 46, 15, 1, 5, 26, 13, 8, 14, 23, 43, 17, \infty, 41, 19, 47, 38, 32, 37, 2, 29, 25, 39, 22, 40, 21, 33, 30, 28, 27) (36, 11, 44, 12, 35, 20) (7, 0, 10, 18) (31, 24, 34, 42) "
"OP(36,5,5,4)",0,Solved,"0,1360"," (4t+2)","0,1420","(\infty, 19, 11, 30, 46, 0, 41, 4, 7, 8, 44, 1, 16, 2, 33, 10, 23, 29, \infty, 5, 47, 34, 9, 26, 40, 25, 20, 32, 31, 28, 17, 24, 22, 6, 35, 43) (12, 21, 3, 13, 39) (36, 45, 27, 37, 15) (14, 18, 38, 42) "
"OP(4,4,36,3,3)",0,Solved,"0,0530"," (4t+2)","0,0573","(\infty, 2, \infty, 26) (3, 4, 27, 28) (5, 8, 1, 6, 15, 11, 9, 20, 7, 19, 41, 22, 38, 21, 36, 16, 37, 23, 29, 32, 25, 30, 39, 35, 33, 44, 31, 43, 17, 46, 14, 45, 12, 40, 13, 47) (18, 0, 10) (42, 24, 34) "
"OP(36,4,4,3,3)",0,Solved,"0,0490"," (4t+2)","0,0536","(\infty, 4, 14, 30, 41, 13, 40, 23, 46, 12, 34, 19, 11, 7, 1, 2, 9, 18, \infty, 42, 33, 26, 25, 31, 35, 43, 10, 36, 22, 47, 16, 37, 17, 6, 38, 28) (20, 8, 21, 39) (44, 32, 45, 15) (0, 5, 3) (24, 29, 27) "
"OP(4,12,34)",0,Solved,"0,0560"," (4t+2)","0,0612","(\infty, 1, \infty, 25) (2, 3, 9, 5, 13, 11, 26, 27, 33, 29, 37, 35) (6, 19, 38, 21, 10, 0, 7, 4, 47, 8, 20, 36, 15, 41, 18, 46, 16, 30, 43, 14, 45, 34, 24, 31, 28, 23, 32, 44, 12, 39, 17, 42, 22, 40) "
"OP(12,34,4)",0,Solved,"0,0870"," (4t+2)","0,0917","(\infty, 9, 8, 45, 35, 27, \infty, 3, 11, 21, 32, 33) (24, 42, 14, 46, 43, 47, 20, 5, 28, 16, 25, 31, 17, 12, 10, 39, 26, 0, 18, 38, 22, 19, 23, 44, 29, 4, 40, 1, 7, 41, 36, 34, 15, 2) (30, 13, 6, 37) "
"OP(6,10,34)",0,Solved,"0,0480"," (4t+2)","0,0534","(\infty, 21, 47, \infty, 23, 45) (13, 5, 3, 9, 22, 37, 29, 27, 33, 46) (7, 4, 0, 16, 17, 6, 1, 8, 20, 34, 11, 2, 12, 42, 15, 43, 14, 31, 28, 24, 40, 41, 30, 25, 32, 44, 10, 35, 26, 36, 18, 39, 19, 38) "
"OP(10,34,6)",0,Solved,"0,0490"," (4t+2)","0,0543","(\infty, 4, 13, 23, 12, \infty, 36, 47, 37, 28) (38, 11, 45, 15, 46, 33, 17, 10, 6, 1, 2, 8, 16, 31, 43, 20, 42, 14, 35, 21, 39, 22, 9, 41, 34, 30, 25, 26, 32, 40, 7, 19, 44, 18) (0, 3, 5, 24, 27, 29) "
"OP(10,34,3,3)",0,Solved,"0,1520"," (4t+2)","0,1569","(\infty, 45, 4, 2, 11, \infty, 35, 26, 28, 21) (13, 46, 15, 42, 23, 36, 14, 34, 20, 9, 41, 16, 6, 5, 1, 7, 19, 37, 22, 39, 18, 47, 12, 38, 10, 44, 33, 17, 40, 30, 29, 25, 31, 43) (3, 0, 8) (27, 24, 32) "
"OP(8,8,34)",0,Solved,"0,0900"," (4t+2)","0,0943","(\infty, 3, 2, 11, \infty, 35, 26, 27) (37, 1, 19, 47, 13, 25, 43, 23) (24, 17, 6, 10, 39, 12, 44, 9, 42, 4, 46, 21, 16, 38, 7, 5, 8, 0, 41, 30, 34, 15, 36, 20, 33, 18, 28, 22, 45, 40, 14, 31, 29, 32) "
"OP(4,8,4,34)",0,Solved,"0,0500"," (4t+2)","0,0546","(\infty, 1, \infty, 25) (2, 3, 0, 6, 26, 27, 24, 30) (23, 4, 47, 28) (5, 7, 19, 8, 40, 17, 35, 21, 14, 10, 18, 9, 22, 12, 39, 13, 44, 29, 31, 43, 32, 16, 41, 11, 45, 38, 34, 42, 33, 46, 36, 15, 37, 20) "
"OP(35,7,5,3)",,Infeasible,,Table config is not valid,,
"OP(8,34,4,4)",0,Solved,"0,0410"," (4t+2)","0,0460","(\infty, 21, 38, 15, \infty, 39, 14, 45) (42, 13, 34, 0, 9, 3, 5, 6, 17, 47, 35, 19, 12, 2, 7, 20, 46, 18, 37, 10, 24, 33, 27, 29, 30, 41, 23, 11, 43, 36, 26, 31, 44, 22) (4, 1, 16, 8) (28, 25, 40, 32) "
"OP(4,6,6,34)",0,Solved,"0,0450"," (4t+2)","0,0586","(\infty, 22, \infty, 46) (44, 14, 36, 11, 40, 23) (20, 38, 12, 35, 16, 47) (41, 13, 45, 31, 18, 8, 1, 2, 10, 19, 30, 15, 9, 4, 0, 3, 5, 17, 37, 21, 7, 42, 32, 25, 26, 34, 43, 6, 39, 33, 28, 24, 27, 29) "
"OP(6,6,34,4)",0,Solved,"0,0510"," (4t+2)","0,0559","(\infty, 18, 6, \infty, 30, 42) (11, 43, 12, 35, 19, 36) (39, 20, 46, 16, 37, 23, 14, 8, 1, 2, 4, 7, 27, 17, 9, 5, 0, 15, 44, 22, 40, 13, 47, 38, 32, 25, 26, 28, 31, 3, 41, 33, 29, 24) (21, 10, 45, 34) "
"OP(4,6,34,3,3)",0,Solved,"0,0450"," (4t+2)","0,0496","(\infty, 22, \infty, 46) (4, 11, 1, 28, 35, 25) (7, 5, 16, 19, 2, 6, 14, 23, 10, 44, 18, 41, 13, 45, 15, 0, 12, 31, 29, 40, 43, 26, 30, 38, 47, 34, 20, 42, 17, 37, 21, 39, 24, 36) (3, 9, 8) (27, 33, 32) "
"OP(6,34,5,5)",0,Solved,"0,1710"," (4t+2)","0,1765","(\infty, 17, 3, \infty, 27, 41) (4, 1, 5, 6, 16, 23, 7, 19, 39, 20, 38, 12, 37, 22, 9, 0, 11, 28, 25, 29, 30, 40, 47, 31, 43, 15, 44, 14, 36, 13, 46, 33, 24, 35) (8, 2, 45, 18, 10) (32, 26, 21, 42, 34) "
"OP(6,34,4,3,3)",0,Solved,"0,0430"," (4t+2)","0,0478","(\infty, 4, 14, \infty, 38, 28) (23, 45, 13, 36, 16, 46, 15, 34, 19, 11, 7, 1, 2, 9, 18, 32, 20, 47, 21, 37, 12, 40, 22, 39, 10, 43, 35, 31, 25, 26, 33, 42, 8, 44) (6, 17, 30, 41) (0, 5, 3) (24, 29, 27) "
"OP(4,4,4,4,34)",0,Solved,"0,0410"," (4t+2)","0,0463","(\infty, 2, \infty, 26) (21, 12, 13, 34) (45, 36, 37, 10) (14, 22, 38, 46) (5, 11, 18, 47, 3, 0, 28, 16, 33, 31, 6, 44, 1, 19, 8, 41, 15, 29, 35, 42, 23, 27, 24, 4, 40, 9, 7, 30, 20, 25, 43, 32, 17, 39) "
"OP(4,34,3,3,3,3)",0,Solved,"0,0580"," (4t+2)","0,0629","(\infty, 11, \infty, 35) (4, 6, 17, 42, 12, 21, 20, 3, 22, 2, 43, 8, 5, 9, 14, 47, 7, 28, 30, 41, 18, 36, 45, 44, 27, 46, 26, 19, 32, 29, 33, 38, 23, 31) (0, 16, 10) (24, 40, 34) (15, 37, 1) (39, 13, 25) "
"OP(4,12,34)",0,Solved,"0,0530"," (4t+2)","0,0586","(\infty, 1, \infty, 25) (2, 3, 9, 5, 13, 11, 26, 27, 33, 29, 37, 35) (6, 19, 38, 21, 10, 0, 7, 4, 47, 8, 20, 36, 15, 41, 18, 46, 16, 30, 43, 14, 45, 34, 24, 31, 28, 23, 32, 44, 12, 39, 17, 42, 22, 40) "
"OP(34,12,4)",0,Solved,"0,0760"," (4t+2)","0,0810","(\infty, 46, 37, 34, 3, 25, 41, 47, 24, 4, 33, 31, 44, 36, 40, 29, 2, \infty, 26, 5, 16, 12, 20, 7, 9, 28, 0, 23, 17, 1, 27, 10, 13, 22) (38, 43, 42, 6, 39, 32, 14, 19, 18, 30, 15, 8) (45, 35, 21, 11) "
"OP(6,10,34)",0,Solved,"0,0490"," (4t+2)","0,0572","(\infty, 21, 47, \infty, 23, 45) (13, 5, 3, 9, 22, 37, 29, 27, 33, 46) (7, 4, 0, 16, 17, 6, 1, 8, 20, 34, 11, 2, 12, 42, 15, 43, 14, 31, 28, 24, 40, 41, 30, 25, 32, 44, 10, 35, 26, 36, 18, 39, 19, 38) "
"OP(34,10,6)",0,Solved,"0,0760"," (4t+2)","0,0810","(\infty, 0, 2, 3, 8, 5, 9, 15, 4, 11, 19, 6, 16, 7, 21, 36, 10, \infty, 34, 12, 45, 31, 40, 30, 43, 35, 28, 39, 33, 29, 32, 27, 26, 24) (13, 44, 14, 41, 25, 37, 20, 38, 17, 1) (18, 46, 23, 42, 22, 47) "
"OP(34,10,3,3)",0,Solved,"0,0600"," (4t+2)","0,0655","(\infty, 34, 19, 11, 6, 2, 8, 15, 29, 7, 18, 36, 17, 33, 46, 21, 38, \infty, 14, 45, 22, 9, 41, 12, 42, 31, 5, 39, 32, 26, 30, 35, 43, 10) (4, 13, 23, 44, 16, 28, 37, 47, 20, 40) (3, 0, 1) (27, 24, 25) "
"OP(8,8,34)",0,Solved,"0,0930"," (4t+2)","0,0977","(\infty, 3, 2, 11, \infty, 35, 26, 27) (37, 1, 19, 47, 13, 25, 43, 23) (24, 17, 6, 10, 39, 12, 44, 9, 42, 4, 46, 21, 16, 38, 7, 5, 8, 0, 41, 30, 34, 15, 36, 20, 33, 18, 28, 22, 45, 40, 14, 31, 29, 32) "
"OP(4,8,4,34)",0,Solved,"0,0470"," (4t+2)","0,0519","(\infty, 1, \infty, 25) (2, 3, 0, 6, 26, 27, 24, 30) (23, 4, 47, 28) (5, 7, 19, 8, 40, 17, 35, 21, 14, 10, 18, 9, 22, 12, 39, 13, 44, 29, 31, 43, 32, 16, 41, 11, 45, 38, 34, 42, 33, 46, 36, 15, 37, 20) "
"OP(34,8,8)",0,Solved,"0,0850"," (4t+2)","0,0897","(\infty, 0, 2, 3, 8, 5, 9, 15, 4, 11, 19, 6, 16, 7, 21, 36, 10, \infty, 34, 12, 45, 31, 40, 30, 43, 35, 28, 39, 33, 29, 32, 27, 26, 24) (14, 44, 17, 37, 25, 42, 23, 46) (38, 20, 41, 13, 1, 18, 47, 22) "
"OP(4,8,4,34)",0,Solved,"0,0460"," (4t+2)","0,0514","(\infty, 1, \infty, 25) (2, 3, 0, 6, 26, 27, 24, 30) (23, 4, 47, 28) (5, 7, 19, 8, 40, 17, 35, 21, 14, 10, 18, 9, 22, 12, 39, 13, 44, 29, 31, 43, 32, 16, 41, 11, 45, 38, 34, 42, 33, 46, 36, 15, 37, 20) "
"OP(34,8,4,4)",0,Solved,"0,0670"," (4t+2)","0,0723","(\infty, 5, 18, 32, 47, 39, 21, 12, 7, 4, 0, 2, 3, 9, 16, 43, 17, \infty, 41, 19, 40, 33, 27, 26, 24, 28, 31, 36, 45, 15, 23, 8, 42, 29) (22, 38, 10, 35, 46, 14, 34, 11) (13, 1, 20, 30) (37, 25, 44, 6) "
"OP(4,6,6,34)",0,Solved,"0,0450"," (4t+2)","0,0497","(\infty, 22, \infty, 46) (44, 14, 36, 11, 40, 23) (20, 38, 12, 35, 16, 47) (41, 13, 45, 31, 18, 8, 1, 2, 10, 19, 30, 15, 9, 4, 0, 3, 5, 17, 37, 21, 7, 42, 32, 25, 26, 34, 43, 6, 39, 33, 28, 24, 27, 29) "
"OP(6,6,34,4)",0,Solved,"0,0490"," (4t+2)","0,0540","(\infty, 18, 6, \infty, 30, 42) (11, 43, 12, 35, 19, 36) (39, 20, 46, 16, 37, 23, 14, 8, 1, 2, 4, 7, 27, 17, 9, 5, 0, 15, 44, 22, 40, 13, 47, 38, 32, 25, 26, 28, 31, 3, 41, 33, 29, 24) (21, 10, 45, 34) "
"OP(4,6,34,3,3)",0,Solved,"0,0430"," (4t+2)","0,0484","(\infty, 22, \infty, 46) (4, 11, 1, 28, 35, 25) (7, 5, 16, 19, 2, 6, 14, 23, 10, 44, 18, 41, 13, 45, 15, 0, 12, 31, 29, 40, 43, 26, 30, 38, 47, 34, 20, 42, 17, 37, 21, 39, 24, 36) (3, 9, 8) (27, 33, 32) "
"OP(34,6,6,4)",0,Solved,"0,0770"," (4t+2)","0,0882","(\infty, 35, 0, 1, 4, 10, 30, 21, 13, 31, 16, 33, 14, 2, 46, 3, 5, \infty, 29, 27, 22, 26, 38, 9, 40, 7, 37, 45, 6, 34, 28, 25, 24, 11) (19, 12, 23, 39, 17, 44) (43, 36, 47, 15, 41, 20) (8, 18, 32, 42) "
"OP(34,6,5,5)",0,Solved,"0,0920"," (4t+2)","0,0965","(\infty, 0, 2, 3, 8, 5, 9, 15, 4, 11, 19, 6, 16, 7, 21, 36, 10, \infty, 34, 12, 45, 31, 40, 30, 43, 35, 28, 39, 33, 29, 32, 27, 26, 24) (18, 46, 23, 42, 22, 47) (13, 25, 41, 14, 44) (37, 1, 17, 38, 20) "
"OP(34,6,4,3,3)",0,Solved,"0,1580"," (4t+2)","0,1627","(\infty, 41, 16, 3, 2, 42, 21, 6, 12, 15, 8, 46, 14, 34, 20, 1, 19, \infty, 43, 25, 44, 10, 38, 22, 32, 39, 36, 30, 45, 18, 26, 27, 40, 17) (37, 33, 24, 13, 9, 0) (29, 7, 5, 31) (23, 28, 11) (47, 4, 35) "
"OP(34,5,5,3,3)",0,Solved,"0,0560"," (4t+2)","0,0608","(\infty, 43, 10, 0, 3, 11, 17, 36, 15, 46, 23, 37, 21, 32, 14, 5, 1, \infty, 25, 29, 38, 8, 45, 13, 47, 22, 39, 12, 41, 35, 27, 24, 34, 19) (7, 20, 40, 18, 6) (31, 44, 16, 42, 30) (4, 9, 2) (28, 33, 26) "
"OP(4,4,4,4,34)",0,Solved,"0,0420"," (4t+2)","0,0464","(\infty, 2, \infty, 26) (21, 12, 13, 34) (45, 36, 37, 10) (14, 22, 38, 46) (5, 11, 18, 47, 3, 0, 28, 16, 33, 31, 6, 44, 1, 19, 8, 41, 15, 29, 35, 42, 23, 27, 24, 4, 40, 9, 7, 30, 20, 25, 43, 32, 17, 39) "
"OP(34,4,4,4,4)",0,Solved,"0,0630"," (4t+2)","0,0674","(\infty, 35, 18, 9, 34, 16, 45, 12, 47, 19, 46, 20, 13, 8, 4, 2, 1, \infty, 25, 26, 28, 32, 37, 44, 22, 43, 23, 36, 21, 40, 10, 33, 42, 11) (0, 3, 14, 6) (24, 27, 38, 30) (17, 31, 15, 5) (41, 7, 39, 29) "
"OP(34,4,3,3,3,3)",0,Solved,"0,1730"," (4t+2)","0,1776","(\infty, 27, 7, 37, 16, 47, 21, 36, 39, 10, 19, 42, 32, 0, 1, 5, 41, \infty, 17, 29, 25, 24, 8, 18, 43, 34, 15, 12, 45, 23, 40, 13, 31, 3) (22, 11, 46, 35) (14, 6, 20) (38, 30, 44) (9, 2, 4) (33, 26, 28) "
"OP(4,14,32)",0,Solved,"0,0450"," (4t+2)","0,0499","(\infty, 42, \infty, 18) (40, 33, 34, 44, 41, 26, 47, 16, 9, 10, 20, 17, 2, 23) (45, 27, 4, 30, 36, 7, 39, 35, 0, 46, 32, 43, 38, 29, 37, 1, 21, 3, 28, 6, 12, 31, 15, 11, 24, 22, 8, 19, 14, 5, 13, 25) "
"OP(14,32,4)",0,Solved,"0,1020"," (4t+2)","0,1070","(\infty, 17, 2, 3, 1, 10, 15, \infty, 39, 34, 25, 27, 26, 41) (7, 44, 19, 47, 33, 16, 4, 45, 5, 8, 12, 22, 38, 11, 37, 18, 31, 20, 43, 23, 9, 40, 28, 21, 29, 32, 36, 46, 14, 35, 13, 42) (6, 0, 30, 24) "
"OP(6,12,32)",0,Solved,"0,0450"," (4t+2)","0,0497","(\infty, 9, 21, \infty, 45, 33) (10, 19, 39, 17, 46, 11, 34, 43, 15, 41, 22, 35) (0, 18, 2, 6, 16, 31, 14, 8, 3, 1, 4, 5, 12, 20, 47, 13, 24, 42, 26, 30, 40, 7, 38, 32, 27, 25, 28, 29, 36, 44, 23, 37) "
"OP(12,32,6)",0,Solved,"0,0390"," (4t+2)","0,0440","(\infty, 4, 13, 23, 36, 22, \infty, 46, 12, 47, 37, 28) (11, 39, 14, 44, 33, 17, 10, 6, 1, 2, 8, 16, 31, 19, 45, 18, 35, 15, 38, 20, 9, 41, 34, 30, 25, 26, 32, 40, 7, 43, 21, 42) (0, 3, 5, 24, 27, 29) "
"OP(12,32,3,3)",0,Solved,"0,2270"," (4t+2)","0,2321","(\infty, 17, 18, 7, 19, 33, \infty, 9, 43, 31, 42, 41) (20, 0, 23, 40, 11, 46, 13, 3, 6, 4, 12, 39, 21, 14, 5, 1, 44, 24, 47, 16, 35, 22, 37, 27, 30, 28, 36, 15, 45, 38, 29, 25) (34, 2, 8) (10, 26, 32) "
"OP(8,10,32)",0,Solved,"0,0460"," (4t+2)","0,0505","(\infty, \infty, 23, 44, 13, 37, 20, 47) (36, 11, 40, 22, 38, 12, 35, 16, 46, 14) (17, 45, 31, 18, 8, 1, 2, 10, 19, 30, 15, 9, 4, 0, 3, 5, 41, 21, 7, 42, 32, 25, 26, 34, 43, 6, 39, 33, 28, 24, 27, 29) "
"OP(4,10,4,32)",0,Solved,"0,0470"," (4t+2)","0,0509","(\infty, 1, \infty, 25) (2, 3, 9, 5, 13, 26, 27, 33, 29, 37) (12, 14, 36, 38) (6, 40, 21, 10, 0, 7, 4, 47, 8, 20, 41, 11, 43, 18, 46, 15, 30, 16, 45, 34, 24, 31, 28, 23, 32, 44, 17, 35, 19, 42, 22, 39) "
"OP(10,32,8)",0,Solved,"0,0520"," (4t+2)","0,0572","(\infty, 5, 15, 23, 41, \infty, 17, 47, 39, 29) (46, 21, 12, 7, 4, 0, 2, 3, 9, 16, 38, 18, 34, 19, 8, 35, 22, 45, 36, 31, 28, 24, 26, 27, 33, 40, 14, 42, 10, 43, 32, 11) (13, 1, 20, 6, 37, 25, 44, 30) "
"OP(33,9,5,3)",,Infeasible,,Table config is not valid,,
"OP(10,32,4,4)",0,Solved,"0,0500"," (4t+2)","0,0544","(\infty, 21, 44, 13, 47, \infty, 23, 37, 20, 45) (3, 12, 2, 17, 46, 33, 15, 11, 0, 8, 1, 6, 18, 38, 16, 43, 27, 36, 26, 41, 22, 9, 39, 35, 24, 32, 25, 30, 42, 14, 40, 19) (10, 7, 5, 4) (34, 31, 29, 28) "
"OP(4,8,6,32)",0,Solved,"0,0430"," (4t+2)","0,0469","(\infty, 1, \infty, 25) (21, 3, 44, 22, 45, 27, 20, 46) (26, 34, 6, 2, 10, 30) (4, 18, 8, 43, 12, 7, 16, 37, 38, 41, 5, 47, 15, 0, 11, 9, 28, 42, 32, 19, 36, 31, 40, 13, 14, 17, 29, 23, 39, 24, 35, 33) "
"OP(6,8,32,4)",0,Solved,"0,2050"," (4t+2)","0,2100","(\infty, 33, 1, \infty, 25, 9) (43, 36, 16, 11, 19, 12, 40, 35) (37, 4, 18, 7, 32, 14, 2, 5, 6, 23, 44, 0, 10, 45, 3, 22, 13, 28, 42, 31, 8, 38, 26, 29, 30, 47, 20, 24, 34, 21, 27, 46) (17, 15, 41, 39) "
"OP(4,8,32,3,3)",0,Solved,"0,0460"," (4t+2)","0,0507","(\infty, 32, \infty, 8) (24, 20, 14, 34, 0, 44, 38, 10) (27, 5, 28, 7, 2, 40, 1, 17, 47, 30, 19, 11, 18, 37, 39, 36, 3, 29, 4, 31, 26, 16, 25, 41, 23, 6, 43, 35, 42, 13, 15, 12) (9, 21, 22) (33, 45, 46) "
"OP(4,7,7,32)",0,Solved,"0,0470"," (4t+2)","0,0514","(\infty, 2, \infty, 26) (3, 4, 6, 9, 1, 16, 12) (27, 28, 30, 33, 25, 40, 36) (5, 11, 21, 8, 19, 38, 13, 41, 20, 34, 22, 39, 23, 18, 0, 7, 29, 35, 45, 32, 43, 14, 37, 17, 44, 10, 46, 15, 47, 42, 24, 31) "
"OP(8,32,6,4)",0,Solved,"0,2110"," (4t+2)","0,2157","(\infty, 31, 13, 5, \infty, 29, 37, 7) (14, 40, 23, 39, 19, 10, 4, 0, 1, 3, 6, 11, 18, 33, 46, 17, 38, 16, 47, 15, 43, 34, 28, 24, 25, 27, 30, 35, 42, 9, 22, 41) (8, 45, 20, 32, 21, 44) (12, 2, 36, 26) "
"OP(8,32,5,5)",0,Solved,"0,0560"," (4t+2)","0,0598","(\infty, 41, 15, 43, \infty, 19, 39, 17) (14, 47, 18, 31, 13, 4, 3, 1, 8, 16, 33, 45, 20, 36, 22, 11, 38, 23, 42, 7, 37, 28, 27, 25, 32, 40, 9, 21, 44, 12, 46, 35) (2, 5, 10, 0, 6) (26, 29, 34, 24, 30) "
"OP(8,32,4,3,3)",0,Solved,"0,0450"," (4t+2)","0,0493","(\infty, 4, 14, 30, \infty, 6, 38, 28) (39, 13, 40, 22, 45, 17, 34, 19, 11, 7, 1, 2, 9, 18, 32, 44, 15, 37, 16, 46, 21, 41, 10, 43, 35, 31, 25, 26, 33, 42, 8, 20) (12, 23, 36, 47) (0, 5, 3) (24, 29, 27) "
"OP(6,6,6,32)",0,Solved,"0,0640"," (4t+2)","0,0700","(\infty, 41, 13, \infty, 37, 17) (15, 45, 16, 5, 20, 46) (39, 21, 40, 29, 44, 22) (0, 4, 6, 14, 8, 3, 2, 18, 11, 1, 10, 7, 19, 33, 12, 47, 24, 28, 30, 38, 32, 27, 26, 42, 35, 25, 34, 31, 43, 9, 36, 23) "
"OP(6,6,32,3,3)",0,Solved,"0,0640"," (4t+2)","0,0682","(\infty, 28, 44, \infty, 20, 4) (42, 45, 39, 18, 21, 15) (23, 37, 33, 41, 46, 27, 12, 43, 8, 30, 10, 40, 2, 25, 24, 35, 47, 13, 9, 17, 22, 3, 36, 19, 32, 6, 34, 16, 26, 1, 0, 11) (31, 29, 38) (7, 5, 14) "
"OP(4,6,4,4,32)",0,Solved,"0,0430"," (4t+2)","0,0471","(\infty, 1, \infty, 25) (2, 3, 0, 26, 27, 24) (4, 23, 11, 6) (28, 47, 35, 30) (5, 19, 8, 33, 17, 7, 42, 14, 10, 16, 46, 15, 36, 21, 13, 20, 29, 43, 32, 9, 41, 31, 18, 38, 34, 40, 22, 39, 12, 45, 37, 44) "
"OP(4,5,5,4,32)",0,Solved,"0,0540"," (4t+2)","0,0598","(\infty, 1, \infty, 25) (2, 3, 9, 17, 6) (26, 27, 33, 41, 30) (11, 13, 35, 37) (5, 38, 22, 10, 0, 7, 4, 47, 8, 21, 40, 20, 43, 12, 42, 15, 29, 14, 46, 34, 24, 31, 28, 23, 32, 45, 16, 44, 19, 36, 18, 39) "
"OP(6,32,4,4,4)",0,Solved,"0,0530"," (4t+2)","0,0578","(\infty, 6, 16, \infty, 40, 30) (32, 21, 39, 19, 12, 7, 4, 0, 2, 3, 9, 17, 34, 18, 47, 22, 8, 45, 15, 43, 36, 31, 28, 24, 26, 27, 33, 41, 10, 42, 23, 46) (13, 35, 14, 1) (37, 11, 38, 25) (20, 5, 44, 29) "
"OP(6,32,3,3,3,3)",0,Solved,"0,0510"," (4t+2)","0,0553","(\infty, 6, 32, \infty, 8, 30) (31, 1, 39, 28, 26, 22, 21, 5, 20, 33, 40, 34, 0, 27, 19, 36, 7, 25, 15, 4, 2, 46, 45, 29, 44, 9, 16, 10, 24, 3, 43, 12) (14, 23, 11) (38, 47, 35) (17, 37, 42) (41, 13, 18) "
"OP(4,4,4,32,3,3)",0,Solved,"0,0510"," (4t+2)","0,0547","(\infty, 4, \infty, 28) (5, 6, 2, 14) (29, 30, 26, 38) (12, 18, 8, 3, 10, 7, 40, 11, 0, 13, 45, 20, 46, 15, 1, 9, 36, 42, 32, 27, 34, 31, 16, 35, 24, 37, 21, 44, 22, 39, 25, 33) (17, 19, 47) (41, 43, 23) "
"OP(4,14,32)",0,Solved,"0,0470"," (4t+2)","0,0523","(\infty, 42, \infty, 18) (40, 33, 34, 44, 41, 26, 47, 16, 9, 10, 20, 17, 2, 23) (45, 27, 4, 30, 36, 7, 39, 35, 0, 46, 32, 43, 38, 29, 37, 1, 21, 3, 28, 6, 12, 31, 15, 11, 24, 22, 8, 19, 14, 5, 13, 25) "
"OP(32,14,4)",0,Solved,"0,0700"," (4t+2)","0,0754","(\infty, 2, 4, 5, 10, 7, 21, 37, 16, 27, 9, 22, 41, 19, 42, 14, \infty, 38, 18, 43, 17, 46, 33, 3, 40, 13, 45, 31, 34, 29, 28, 26) (15, 23, 6, 0, 12, 8, 1, 39, 47, 30, 24, 36, 32, 25) (20, 11, 44, 35) "
"OP(6,12,32)",0,Solved,"0,0530"," (4t+2)","0,0603","(\infty, 9, 21, \infty, 45, 33) (10, 19, 39, 17, 46, 11, 34, 43, 15, 41, 22, 35) (0, 18, 2, 6, 16, 31, 14, 8, 3, 1, 4, 5, 12, 20, 47, 13, 24, 42, 26, 30, 40, 7, 38, 32, 27, 25, 28, 29, 36, 44, 23, 37) "
"OP(32,12,6)",0,Solved,"0,0500"," (4t+2)","0,0558","(\infty, 7, 11, 6, 8, 14, 2, 19, 5, 4, 1, 17, 9, 42, 12, 39, \infty, 15, 36, 18, 33, 41, 25, 28, 29, 43, 26, 38, 32, 30, 35, 31) (16, 45, 10, 0, 23, 3, 40, 21, 34, 24, 47, 27) (20, 13, 22, 44, 37, 46) "
"OP(32,12,3,3)",0,Solved,"0,0890"," (4t+2)","0,0934","(\infty, 37, 23, 11, 8, 0, 9, 16, 5, 7, 6, 12, 44, 18, 43, 15, \infty, 39, 19, 42, 20, 36, 30, 31, 29, 40, 33, 24, 32, 35, 47, 13) (1, 14, 4, 34, 3, 46, 25, 38, 28, 10, 27, 22) (17, 21, 2) (41, 45, 26) "
"OP(8,10,32)",0,Solved,"0,0480"," (4t+2)","0,0520","(\infty, \infty, 23, 44, 13, 37, 20, 47) (36, 11, 40, 22, 38, 12, 35, 16, 46, 14) (17, 45, 31, 18, 8, 1, 2, 10, 19, 30, 15, 9, 4, 0, 3, 5, 41, 21, 7, 42, 32, 25, 26, 34, 43, 6, 39, 33, 28, 24, 27, 29) "
"OP(4,10,4,32)",0,Solved,"0,0480"," (4t+2)","0,0528","(\infty, 1, \infty, 25) (2, 3, 9, 5, 13, 26, 27, 33, 29, 37) (12, 14, 36, 38) (6, 40, 21, 10, 0, 7, 4, 47, 8, 20, 41, 11, 43, 18, 46, 15, 30, 16, 45, 34, 24, 31, 28, 23, 32, 44, 17, 35, 19, 42, 22, 39) "
"OP(32,10,8)",0,Solved,"0,1090"," (4t+2)","0,1146","(\infty, 25, 15, 0, 12, 37, 45, 2, 41, 34, 16, 22, 9, 7, 3, 29, \infty, 5, 27, 31, 33, 46, 40, 10, 17, 26, 21, 13, 36, 24, 39, 1) (23, 6, 43, 44, 28, 47, 30, 19, 20, 4) (8, 42, 14, 11, 32, 18, 38, 35) "
"OP(4,10,4,32)",0,Solved,"0,0490"," (4t+2)","0,0529","(\infty, 1, \infty, 25) (2, 3, 9, 5, 13, 26, 27, 33, 29, 37) (12, 14, 36, 38) (6, 40, 21, 10, 0, 7, 4, 47, 8, 20, 41, 11, 43, 18, 46, 15, 30, 16, 45, 34, 24, 31, 28, 23, 32, 44, 17, 35, 19, 42, 22, 39) "
"OP(32,10,4,4)",0,Solved,"0,0540"," (4t+2)","0,0592","(\infty, 18, 35, 10, 40, 21, 47, 13, 41, 20, 32, 19, 12, 6, 1, 2, \infty, 26, 25, 30, 36, 43, 8, 44, 17, 37, 23, 45, 16, 34, 11, 42) (15, 4, 14, 22, 7, 39, 28, 38, 46, 31) (9, 0, 3, 5) (33, 24, 27, 29) "
"OP(32,9,9)",0,Solved,"0,0700"," (4t+2)","0,0757","(\infty, 4, 5, 7, 2, 16, 20, 46, 15, 3, 19, 38, 13, 6, 0, 10, \infty, 34, 24, 30, 37, 14, 43, 27, 39, 22, 44, 40, 26, 31, 29, 28) (11, 32, 47, 12, 1, 9, 18, 21, 41) (35, 8, 23, 36, 25, 33, 42, 45, 17) "
"OP(4,8,6,32)",0,Solved,"0,0440"," (4t+2)","0,0501","(\infty, 1, \infty, 25) (21, 3, 44, 22, 45, 27, 20, 46) (26, 34, 6, 2, 10, 30) (4, 18, 8, 43, 12, 7, 16, 37, 38, 41, 5, 47, 15, 0, 11, 9, 28, 42, 32, 19, 36, 31, 40, 13, 14, 17, 29, 23, 39, 24, 35, 33) "
"OP(6,8,32,4)",0,Solved,"0,2110"," (4t+2)","0,2166","(\infty, 33, 1, \infty, 25, 9) (43, 36, 16, 11, 19, 12, 40, 35) (37, 4, 18, 7, 32, 14, 2, 5, 6, 23, 44, 0, 10, 45, 3, 22, 13, 28, 42, 31, 8, 38, 26, 29, 30, 47, 20, 24, 34, 21, 27, 46) (17, 15, 41, 39) "
"OP(4,8,32,3,3)",0,Solved,"0,0460"," (4t+2)","0,0503","(\infty, 32, \infty, 8) (24, 20, 14, 34, 0, 44, 38, 10) (27, 5, 28, 7, 2, 40, 1, 17, 47, 30, 19, 11, 18, 37, 39, 36, 3, 29, 4, 31, 26, 16, 25, 41, 23, 6, 43, 35, 42, 13, 15, 12) (9, 21, 22) (33, 45, 46) "
"OP(4,7,7,32)",0,Solved,"0,0460"," (4t+2)","0,0507","(\infty, 2, \infty, 26) (3, 4, 6, 9, 1, 16, 12) (27, 28, 30, 33, 25, 40, 36) (5, 11, 21, 8, 19, 38, 13, 41, 20, 34, 22, 39, 23, 18, 0, 7, 29, 35, 45, 32, 43, 14, 37, 17, 44, 10, 46, 15, 47, 42, 24, 31) "
"OP(32,8,6,4)",0,Solved,"0,0510"," (4t+2)","0,0554","(\infty, 2, 4, 5, 17, 37, 14, 31, 16, 27, 45, 19, 46, 33, 23, 42, \infty, 18, 47, 9, 22, 43, 21, 3, 40, 7, 38, 13, 41, 29, 28, 26) (15, 10, 6, 0, 39, 34, 30, 24) (11, 8, 1, 35, 32, 25) (20, 12, 44, 36) "
"OP(32,8,5,5)",0,Solved,"0,0630"," (4t+2)","0,0677","(\infty, 21, 8, 42, 16, 14, 43, 7, 15, 47, 2, 30, 0, 1, 22, 13, \infty, 37, 46, 25, 24, 6, 26, 23, 39, 31, 19, 38, 40, 18, 32, 45) (41, 36, 11, 28, 17, 12, 35, 4) (10, 20, 5, 9, 3) (34, 44, 29, 33, 27) "
"OP(32,8,4,3,3)",0,Solved,"0,0900"," (4t+2)","0,0945","(\infty, 43, 13, 7, 0, 10, 5, 6, 8, 11, 2, 18, 44, 21, 38, 9, \infty, 33, 14, 45, 20, 42, 26, 35, 32, 30, 29, 34, 24, 31, 37, 19) (46, 12, 16, 1, 22, 36, 40, 25) (4, 17, 28, 41) (23, 3, 15) (47, 27, 39) "
"OP(32,7,7,4)",0,Solved,"0,1480"," (4t+2)","0,1527","(\infty, 45, 4, 2, 7, 8, 44, 13, 40, 15, 43, 10, 36, 23, 9, 41, \infty, 17, 33, 47, 12, 34, 19, 39, 16, 37, 20, 32, 31, 26, 28, 21) (6, 14, 5, 1, 11, 22, 3) (30, 38, 29, 25, 35, 46, 27) (0, 18, 24, 42) "
"OP(6,6,6,32)",0,Solved,"0,0600"," (4t+2)","0,0644","(\infty, 41, 13, \infty, 37, 17) (15, 45, 16, 5, 20, 46) (39, 21, 40, 29, 44, 22) (0, 4, 6, 14, 8, 3, 2, 18, 11, 1, 10, 7, 19, 33, 12, 47, 24, 28, 30, 38, 32, 27, 26, 42, 35, 25, 34, 31, 43, 9, 36, 23) "
"OP(6,6,32,3,3)",0,Solved,"0,0650"," (4t+2)","0,0697","(\infty, 28, 44, \infty, 20, 4) (42, 45, 39, 18, 21, 15) (23, 37, 33, 41, 46, 27, 12, 43, 8, 30, 10, 40, 2, 25, 24, 35, 47, 13, 9, 17, 22, 3, 36, 19, 32, 6, 34, 16, 26, 1, 0, 11) (31, 29, 38) (7, 5, 14) "
"OP(4,6,4,4,32)",0,Solved,"0,0450"," (4t+2)","0,0493","(\infty, 1, \infty, 25) (2, 3, 0, 26, 27, 24) (4, 23, 11, 6) (28, 47, 35, 30) (5, 19, 8, 33, 17, 7, 42, 14, 10, 16, 46, 15, 36, 21, 13, 20, 29, 43, 32, 9, 41, 31, 18, 38, 34, 40, 22, 39, 12, 45, 37, 44) "
"OP(32,6,6,6)",0,Solved,"0,0490"," (4t+2)","0,0543","(\infty, 2, 3, 5, 8, 12, 1, 9, 4, 11, 20, 7, 17, 43, 10, 38, \infty, 14, 34, 19, 41, 31, 44, 35, 28, 33, 25, 36, 32, 29, 27, 26) (37, 16, 45, 22, 39, 23) (13, 40, 21, 46, 15, 47) (18, 0, 6, 42, 24, 30) "
"OP(32,6,6,3,3)",0,Solved,"0,0490"," (4t+2)","0,0531","(\infty, 2, 3, 5, 8, 12, 1, 9, 4, 11, 20, 7, 17, 43, 10, 38, \infty, 14, 34, 19, 41, 31, 44, 35, 28, 33, 25, 36, 32, 29, 27, 26) (37, 16, 45, 22, 39, 23) (13, 40, 21, 46, 15, 47) (18, 0, 6) (42, 24, 30) "
"OP(4,5,5,4,32)",0,Solved,"0,0560"," (4t+2)","0,0707","(\infty, 1, \infty, 25) (2, 3, 9, 17, 6) (26, 27, 33, 41, 30) (11, 13, 35, 37) (5, 38, 22, 10, 0, 7, 4, 47, 8, 21, 40, 20, 43, 12, 42, 15, 29, 14, 46, 34, 24, 31, 28, 23, 32, 45, 16, 44, 19, 36, 18, 39) "
"OP(32,6,4,4,4)",0,Solved,"0,0500"," (4t+2)","0,0573","(\infty, 4, 7, 11, 6, 18, 43, 33, 16, 27, 45, 13, 41, 14, 36, 22, \infty, 46, 12, 38, 17, 37, 21, 3, 40, 9, 19, 42, 30, 35, 31, 28) (15, 23, 10, 39, 47, 34) (0, 2, 8, 1) (24, 26, 32, 25) (20, 5, 44, 29) "
"OP(32,6,3,3,3,3)",0,Solved,"0,0890"," (4t+2)","0,0936","(\infty, 1, 2, 15, 37, 33, 16, 36, 11, 20, 34, 28, 30, 38, 8, 23, \infty, 47, 32, 14, 6, 4, 10, 44, 35, 12, 40, 9, 13, 39, 26, 25) (43, 27, 24, 19, 3, 0) (29, 41, 22) (5, 17, 46) (7, 18, 45) (31, 42, 21) "
"OP(4,4,5,5,32)",0,Solved,"0,0520"," (4t+2)","0,0568","(\infty, 2, \infty, 26) (3, 4, 27, 28) (5, 8, 1, 9, 19) (29, 32, 25, 33, 43) (10, 12, 16, 7, 20, 39, 17, 38, 21, 37, 22, 11, 23, 18, 0, 6, 34, 36, 40, 31, 44, 15, 41, 14, 45, 13, 46, 35, 47, 42, 24, 30) "
"OP(32,5,5,4,4)",0,Solved,"0,0870"," (4t+2)","0,0918","(\infty, 41, 18, 40, 22, 43, 10, 5, 1, 9, 37, 20, 39, 7, 6, 3, \infty, 27, 30, 31, 15, 44, 13, 33, 25, 29, 34, 19, 46, 16, 42, 17) (4, 11, 21, 8, 2) (28, 35, 45, 32, 26) (0, 14, 23, 12) (24, 38, 47, 36) "
"OP(4,4,4,32,3,3)",0,Solved,"0,0510"," (4t+2)","0,0552","(\infty, 4, \infty, 28) (5, 6, 2, 14) (29, 30, 26, 38) (12, 18, 8, 3, 10, 7, 40, 11, 0, 13, 45, 20, 46, 15, 1, 9, 36, 42, 32, 27, 34, 31, 16, 35, 24, 37, 21, 44, 22, 39, 25, 33) (17, 19, 47) (41, 43, 23) "
"OP(32,4,4,4,3,3)",0,Solved,"0,1620"," (4t+2)","0,1658","(\infty, 0, 2, 1, 5, 10, 17, 7, 22, 4, 20, 40, 21, 38, 11, 36, \infty, 12, 35, 14, 45, 16, 44, 28, 46, 31, 41, 34, 29, 25, 26, 24) (6, 3, 9, 18) (30, 27, 33, 42) (8, 19, 32, 43) (23, 37, 15) (47, 13, 39) "
"OP(32,3,3,3,3,3,3)",0,Solved,"0,0430"," (4t+2)","0,0472","(\infty, 20, 39, 13, 41, 14, 32, 16, 6, 19, 33, 18, 11, 7, 1, 2, \infty, 26, 25, 31, 35, 42, 9, 43, 30, 40, 8, 38, 17, 37, 15, 44) (12, 4, 21) (36, 28, 45) (22, 47, 10) (46, 23, 34) (0, 5, 3) (24, 29, 27) "
"OP(4,16,30)",0,Solved,"0,0120"," (4t+2)","0,0161","(\infty, 1, \infty, 25) (4, 3, 6, 2, 0, 5, 11, 18, 28, 27, 30, 26, 24, 29, 35, 42) (41, 20, 9, 32, 15, 7, 16, 34, 46, 12, 47, 14, 43, 21, 37, 17, 44, 33, 8, 39, 31, 40, 10, 22, 36, 23, 38, 19, 45, 13) "
"OP(16,30,4)",0,Solved,"0,2190"," (4t+2)","0,2239","(\infty, 0, 1, 3, 6, 13, 8, 4, \infty, 28, 32, 37, 30, 27, 25, 24) (2, 10, 20, 9, 15, 29, 41, 12, 42, 14, 45, 19, 35, 22, 47, 26, 34, 44, 33, 39, 5, 17, 36, 18, 38, 21, 43, 11, 46, 23) (7, 40, 31, 16) "
"OP(6,14,30)",0,Solved,"0,0470"," (4t+2)","0,0512","(\infty, 46, 20, \infty, 44, 22) (5, 6, 3, 9, 16, 8, 4, 29, 30, 27, 33, 40, 32, 28) (0, 12, 43, 14, 1, 34, 45, 17, 7, 2, 11, 13, 47, 15, 42, 24, 36, 19, 38, 25, 10, 21, 41, 31, 26, 35, 37, 23, 39, 18) "
"OP(14,30,6)",0,Solved,"0,0480"," (4t+2)","0,0524","(\infty, 15, 41, 13, 5, 3, 9, \infty, 33, 27, 29, 37, 17, 39) (20, 7, 4, 0, 34, 18, 6, 1, 8, 19, 38, 11, 2, 12, 45, 44, 31, 28, 24, 10, 42, 30, 25, 32, 43, 14, 35, 26, 36, 21) (16, 47, 22, 40, 23, 46) "
"OP(14,30,3,3)",0,Solved,"0,0490"," (4t+2)","0,0538","(\infty, 4, 14, 30, 17, 47, 22, \infty, 46, 23, 41, 6, 38, 28) (36, 16, 45, 34, 19, 11, 7, 1, 2, 9, 18, 32, 44, 13, 39, 12, 40, 21, 10, 43, 35, 31, 25, 26, 33, 42, 8, 20, 37, 15) (0, 5, 3) (24, 29, 27) "
"OP(8,12,30)",0,Solved,"0,0630"," (4t+2)","0,0680","(\infty, 22, 44, 14, \infty, 38, 20, 46) (23, 11, 36, 17, 37, 16, 47, 35, 12, 41, 13, 40) (45, 31, 18, 8, 1, 2, 10, 19, 30, 15, 9, 4, 0, 3, 5, 21, 7, 42, 32, 25, 26, 34, 43, 6, 39, 33, 28, 24, 27, 29) "
"OP(4,12,4,30)",0,Solved,"0,0800"," (4t+2)","0,0841","(\infty, 35, \infty, 11) (0, 1, 4, 14, 23, 41, 24, 25, 28, 38, 47, 17) (13, 21, 37, 45) (6, 31, 16, 2, 46, 3, 5, 18, 12, 19, 39, 10, 32, 20, 9, 30, 7, 40, 26, 22, 27, 29, 42, 36, 43, 15, 34, 8, 44, 33) "
"OP(12,30,8)",0,Solved,"0,0760"," (4t+2)","0,0805","(\infty, 34, 3, 40, 25, 32, \infty, 8, 1, 16, 27, 10) (36, 45, 44, 24, 46, 43, 33, 41, 6, 38, 2, 31, 37, 35, 39, 12, 21, 20, 0, 22, 19, 9, 17, 30, 14, 26, 7, 13, 11, 15) (42, 47, 29, 4, 18, 23, 5, 28) "
"OP(31,11,5,3)",,Infeasible,,Table config is not valid,,
"OP(12,30,4,4)",0,Solved,"0,0400"," (4t+2)","0,0445","(\infty, \infty, 23, 8, 20, 43, 13, 37, 19, 44, 32, 47) (45, 16, 42, 14, 35, 22, 12, 6, 1, 2, 10, 17, 31, 15, 4, 21, 40, 18, 38, 11, 46, 36, 30, 25, 26, 34, 41, 7, 39, 28) (9, 0, 3, 5) (33, 24, 27, 29) "
"OP(10,10,30)",0,Solved,"0,0410"," (4t+2)","0,0475","(\infty, 22, 5, 11, 14, \infty, 38, 35, 29, 46) (30, 1, 3, 28, 24, 6, 25, 27, 4, 0) (12, 40, 2, 7, 42, 15, 47, 13, 20, 21, 33, 41, 8, 19, 10, 36, 16, 26, 31, 18, 39, 23, 37, 44, 45, 9, 17, 32, 43, 34) "
"OP(4,10,6,30)",0,Solved,"0,0440"," (4t+2)","0,0497","(\infty, 16, \infty, 40) (5, 7, 10, 39, 43, 29, 31, 34, 15, 19) (42, 14, 3, 18, 38, 27) (47, 4, 12, 2, 11, 41, 20, 45, 13, 1, 8, 9, 22, 0, 6, 23, 28, 36, 26, 35, 17, 44, 21, 37, 25, 32, 33, 46, 24, 30) "
"OP(6,10,30,4)",0,Solved,"0,1240"," (4t+2)","0,1299","(\infty, 14, 44, \infty, 20, 38) (25, 40, 28, 21, 15, 1, 16, 4, 45, 39) (35, 9, 0, 10, 13, 2, 22, 18, 41, 36, 19, 6, 5, 3, 32, 11, 33, 24, 34, 37, 26, 46, 42, 17, 12, 43, 30, 29, 27, 8) (7, 47, 31, 23) "
"OP(4,10,30,3,3)",0,Solved,"0,0550"," (4t+2)","0,0595","(\infty, 3, \infty, 27) (45, 15, 47, 18, 41, 21, 39, 23, 42, 17) (40, 14, 0, 11, 46, 19, 9, 8, 44, 13, 4, 6, 12, 5, 1, 16, 38, 24, 35, 22, 43, 33, 32, 20, 37, 28, 30, 36, 29, 25) (2, 10, 7) (26, 34, 31) "
"OP(31,9,7,3)",,Infeasible,,Table config is not valid,,
"OP(10,30,6,4)",0,Solved,"0,0480"," (4t+2)","0,0517","(\infty, 19, 6, 17, 35, \infty, 11, 41, 30, 43) (22, 45, 18, 44, 12, 40, 23, 14, 8, 1, 2, 4, 7, 15, 34, 46, 21, 42, 20, 36, 16, 47, 38, 32, 25, 26, 28, 31, 39, 10) (9, 5, 0, 33, 29, 24) (13, 3, 37, 27) "
"OP(10,30,5,5)",0,Solved,"0,0460"," (4t+2)","0,0510","(\infty, 5, 18, 46, 17, \infty, 41, 22, 42, 29) (37, 11, 0, 10, 19, 44, 12, 39, 21, 38, 23, 9, 2, 6, 7, 13, 35, 24, 34, 43, 20, 36, 15, 45, 14, 47, 33, 26, 30, 31) (4, 16, 8, 3, 1) (28, 40, 32, 27, 25) "
"OP(10,30,4,3,3)",0,Solved,"0,1530"," (4t+2)","0,1578","(\infty, 25, 2, 4, 5, \infty, 29, 28, 26, 1) (8, 0, 9, 14, 20, 39, 22, 36, 18, 40, 13, 6, 3, 7, 17, 32, 24, 33, 38, 44, 15, 46, 12, 42, 16, 37, 30, 27, 31, 41) (10, 21, 34, 45) (19, 35, 47) (43, 11, 23) "
"OP(4,8,8,30)",0,Solved,"0,0480"," (4t+2)","0,0529","(\infty, 18, \infty, 42) (47, 16, 14, 36, 4, 34, 33, 6) (23, 40, 38, 12, 28, 10, 9, 30) (11, 20, 5, 43, 15, 26, 13, 25, 21, 7, 32, 24, 27, 22, 41, 35, 44, 29, 19, 39, 2, 37, 1, 45, 31, 8, 0, 3, 46, 17) "
"OP(8,8,30,4)",0,Solved,"0,1360"," (4t+2)","0,1404","(\infty, 20, 40, 2, \infty, 26, 16, 44) (6, 13, 10, 18, 30, 37, 34, 42) (7, 8, 12, 39, 23, 4, 19, 1, 14, 9, 0, 17, 11, 22, 45, 31, 32, 36, 15, 47, 28, 43, 25, 38, 33, 24, 41, 35, 46, 21) (5, 3, 29, 27) "
"OP(6,8,6,30)",0,Solved,"0,2800"," (4t+2)","0,2836","(\infty, 9, 7, \infty, 31, 33) (21, 4, 38, 20, 45, 28, 14, 44) (34, 5, 17, 10, 29, 41) (22, 23, 2, 37, 42, 16, 12, 3, 19, 8, 0, 6, 39, 11, 1, 46, 47, 26, 13, 18, 40, 36, 27, 43, 32, 24, 30, 15, 35, 25) "
"OP(6,8,30,3,3)",0,Solved,"0,0820"," (4t+2)","0,0853","(\infty, 47, 13, \infty, 37, 23) (40, 7, 4, 14, 16, 31, 28, 38) (41, 21, 42, 20, 36, 11, 22, 34, 15, 6, 19, 27, 9, 5, 0, 17, 45, 18, 44, 12, 35, 46, 10, 39, 30, 43, 3, 33, 29, 24) (1, 8, 2) (25, 32, 26) "
"OP(4,8,4,4,30)",0,Solved,"0,0390"," (4t+2)","0,0429","(\infty, 13, \infty, 37) (12, 40, 23, 11, 36, 16, 47, 35) (44, 14, 41, 22) (20, 38, 17, 46) (45, 31, 18, 8, 1, 2, 10, 19, 30, 15, 9, 4, 0, 3, 5, 21, 7, 42, 32, 25, 26, 34, 43, 6, 39, 33, 28, 24, 27, 29) "
"OP(6,7,7,30)",0,Solved,"0,0890"," (4t+2)","0,0926","(\infty, 3, 41, \infty, 17, 27) (0, 6, 10, 15, 47, 12, 11) (24, 30, 34, 39, 23, 36, 35) (43, 14, 2, 9, 1, 16, 7, 5, 8, 28, 42, 21, 46, 20, 37, 19, 38, 26, 33, 25, 40, 31, 29, 32, 4, 18, 45, 22, 44, 13) "
"OP(8,30,6,6)",0,Solved,"0,0430"," (4t+2)","0,0494","(\infty, 36, 16, 4, \infty, 28, 40, 12) (41, 7, 37, 20, 42, 15, 47, 34, 19, 8, 1, 2, 11, 21, 46, 17, 31, 13, 44, 18, 39, 23, 10, 43, 32, 25, 26, 35, 45, 22) (9, 14, 6, 0, 3, 5) (33, 38, 30, 24, 27, 29) "
"OP(8,30,6,3,3)",0,Solved,"0,0740"," (4t+2)","0,0794","(\infty, 1, 19, 41, \infty, 17, 43, 25) (35, 10, 0, 33, 27, 36, 7, 5, 37, 2, 39, 22, 23, 20, 6, 11, 34, 24, 9, 3, 12, 31, 29, 13, 26, 15, 46, 47, 44, 30) (21, 42, 38, 45, 18, 14) (8, 16, 28) (32, 40, 4) "
"OP(31,7,5,4,3)",,Infeasible,,Table config is not valid,,
"OP(8,30,4,4,4)",0,Solved,"0,0920"," (4t+2)","0,0976","(\infty, 38, 28, 6, \infty, 30, 4, 14) (36, 32, 9, 3, 37, 7, 0, 39, 34, 47, 35, 46, 18, 16, 43, 12, 8, 33, 27, 13, 31, 24, 15, 10, 23, 11, 22, 42, 40, 19) (20, 21, 2, 5) (44, 45, 26, 29) (17, 1, 41, 25) "
"OP(8,30,3,3,3,3)",0,Solved,"0,0570"," (4t+2)","0,0607","(\infty, 4, 14, 30, \infty, 6, 38, 28) (44, 16, 37, 15, 46, 21, 34, 19, 11, 7, 1, 2, 9, 18, 32, 20, 40, 13, 39, 22, 45, 10, 43, 35, 31, 25, 26, 33, 42, 8) (23, 12, 41) (47, 36, 17) (0, 5, 3) (24, 29, 27) "
"OP(4,6,6,4,30)",0,Solved,"0,0480"," (4t+2)","0,0520","(\infty, 8, \infty, 32) (9, 5, 6, 3, 12, 19) (33, 29, 30, 27, 36, 43) (15, 4, 39, 28) (0, 14, 45, 16, 1, 17, 35, 13, 7, 2, 10, 46, 18, 20, 47, 24, 38, 21, 40, 25, 41, 11, 37, 31, 26, 34, 22, 42, 44, 23) "
"OP(4,6,5,5,30)",0,Solved,"0,0560"," (4t+2)","0,0601","(\infty, 21, \infty, 45) (19, 46, 23, 43, 22, 47) (3, 13, 9, 6, 4) (27, 37, 33, 30, 28) (0, 5, 14, 7, 1, 12, 20, 32, 15, 2, 17, 35, 16, 42, 10, 24, 29, 38, 31, 25, 36, 44, 8, 39, 26, 41, 11, 40, 18, 34) "
"OP(6,6,30,4,4)",0,Solved,"0,2270"," (4t+2)","0,2324","(\infty, 18, 44, \infty, 20, 42) (14, 5, 3, 38, 29, 27) (1, 4, 12, 32, 47, 22, 43, 9, 21, 39, 40, 11, 0, 10, 41, 25, 28, 36, 8, 23, 46, 19, 33, 45, 15, 16, 35, 24, 34, 17) (13, 6, 2, 7) (37, 30, 26, 31) "
"OP(4,6,4,30,3,3)",0,Solved,"0,0640"," (4t+2)","0,0684","(\infty, 21, \infty, 45) (6, 13, 39, 30, 37, 15) (3, 0, 27, 24) (10, 2, 4, 9, 42, 19, 8, 7, 41, 12, 47, 16, 44, 14, 46, 34, 26, 28, 33, 18, 43, 32, 31, 17, 36, 23, 40, 20, 38, 22) (11, 1, 5) (35, 25, 29) "
"OP(6,30,5,5,4)",0,Solved,"0,0930"," (4t+2)","0,0964","(\infty, 39, 13, \infty, 37, 15) (4, 44, 23, 6, 21, 14, 2, 12, 1, 10, 8, 7, 11, 16, 0, 28, 20, 47, 30, 45, 38, 26, 36, 25, 34, 32, 31, 35, 40, 24) (18, 5, 19, 22, 41) (42, 29, 43, 46, 17) (9, 3, 33, 27) "
"OP(4,5,5,30,3,3)",0,Solved,"0,0490"," (4t+2)","0,0533","(\infty, 4, \infty, 28) (6, 16, 34, 45, 22) (30, 40, 10, 21, 46) (17, 38, 23, 36, 19, 11, 7, 1, 2, 9, 18, 32, 20, 39, 13, 41, 14, 47, 12, 43, 35, 31, 25, 26, 33, 42, 8, 44, 15, 37) (0, 5, 3) (24, 29, 27) "
"OP(6,30,4,4,3,3)",0,Solved,"0,0470"," (4t+2)","0,0512","(\infty, 2, 4, \infty, 28, 26) (6, 7, 10, 19, 36, 16, 27, 11, 41, 33, 23, 45, 22, 15, 42, 30, 31, 34, 43, 12, 40, 3, 35, 17, 9, 47, 21, 46, 39, 18) (13, 0, 14, 8) (37, 24, 38, 32) (1, 20, 5) (25, 44, 29) "
"OP(4,4,4,4,4,30)",0,Solved,"0,0450"," (4t+2)","0,0504","(\infty, 1, \infty, 25) (8, 3, 5, 2) (32, 27, 29, 26) (0, 10, 11, 4) (24, 34, 35, 28) (6, 14, 23, 36, 19, 7, 18, 33, 15, 37, 21, 46, 17, 44, 16, 30, 38, 47, 12, 43, 31, 42, 9, 39, 13, 45, 22, 41, 20, 40) "
"OP(4,4,30,3,3,3,3)",0,Solved,"0,0630"," (4t+2)","0,0674","(\infty, 13, \infty, 37) (8, 30, 32, 6) (9, 18, 14, 1, 15, 43, 44, 2, 23, 4, 40, 17, 22, 11, 3, 33, 42, 38, 25, 39, 19, 20, 26, 47, 28, 16, 41, 46, 35, 27) (7, 0, 10) (31, 24, 34) (5, 21, 36) (29, 45, 12) "
"OP(4,16,30)",0,Solved,"0,0110"," (4t+2)","0,0151","(\infty, 1, \infty, 25) (4, 3, 6, 2, 0, 5, 11, 18, 28, 27, 30, 26, 24, 29, 35, 42) (41, 20, 9, 32, 15, 7, 16, 34, 46, 12, 47, 14, 43, 21, 37, 17, 44, 33, 8, 39, 31, 40, 10, 22, 36, 23, 38, 19, 45, 13) "
"OP(30,16,4)",0,Solved,"0,0500"," (4t+2)","0,0545","(\infty, 2, 4, 5, 10, 7, 21, 37, 16, 27, 9, 19, 41, 22, 42, \infty, 18, 46, 17, 43, 33, 3, 40, 13, 45, 31, 34, 29, 28, 26) (38, 15, 23, 6, 0, 12, 8, 1, 14, 39, 47, 30, 24, 36, 32, 25) (20, 11, 44, 35) "
"OP(6,14,30)",0,Solved,"0,0460"," (4t+2)","0,0510","(\infty, 46, 20, \infty, 44, 22) (5, 6, 3, 9, 16, 8, 4, 29, 30, 27, 33, 40, 32, 28) (0, 12, 43, 14, 1, 34, 45, 17, 7, 2, 11, 13, 47, 15, 42, 24, 36, 19, 38, 25, 10, 21, 41, 31, 26, 35, 37, 23, 39, 18) "
"OP(30,14,6)",0,Solved,"0,0430"," (4t+2)","0,0475","(\infty, 2, 3, 5, 8, 12, 1, 9, 4, 11, 20, 7, 17, 34, 14, \infty, 38, 10, 41, 31, 44, 35, 28, 33, 25, 36, 32, 29, 27, 26) (15, 40, 21, 43, 22, 37, 23, 39, 16, 45, 19, 46, 13, 47) (18, 0, 6, 42, 24, 30) "
"OP(30,14,3,3)",0,Solved,"0,0560"," (4t+2)","0,0606","(\infty, 2, 3, 5, 8, 12, 1, 9, 4, 11, 20, 7, 17, 34, 14, \infty, 38, 10, 41, 31, 44, 35, 28, 33, 25, 36, 32, 29, 27, 26) (15, 40, 21, 43, 22, 37, 23, 39, 16, 45, 19, 46, 13, 47) (18, 0, 6) (42, 24, 30) "
"OP(8,12,30)",0,Solved,"0,0540"," (4t+2)","0,0584","(\infty, 22, 44, 14, \infty, 38, 20, 46) (23, 11, 36, 17, 37, 16, 47, 35, 12, 41, 13, 40) (45, 31, 18, 8, 1, 2, 10, 19, 30, 15, 9, 4, 0, 3, 5, 21, 7, 42, 32, 25, 26, 34, 43, 6, 39, 33, 28, 24, 27, 29) "
"OP(4,12,4,30)",0,Solved,"0,0820"," (4t+2)","0,0866","(\infty, 35, \infty, 11) (0, 1, 4, 14, 23, 41, 24, 25, 28, 38, 47, 17) (13, 21, 37, 45) (6, 31, 16, 2, 46, 3, 5, 18, 12, 19, 39, 10, 32, 20, 9, 30, 7, 40, 26, 22, 27, 29, 42, 36, 43, 15, 34, 8, 44, 33) "
"OP(30,12,8)",0,Solved,"0,0980"," (4t+2)","0,1028","(\infty, 2, 4, 7, 6, 45, 13, 8, 44, 9, 15, 23, 38, 18, 40, \infty, 16, 42, 14, 47, 39, 33, 20, 32, 37, 21, 30, 31, 28, 26) (0, 27, 41, 22, 11, 34, 24, 3, 17, 46, 35, 10) (25, 43, 12, 5, 1, 19, 36, 29) "
"OP(4,12,4,30)",0,Solved,"0,0800"," (4t+2)","0,0843","(\infty, 35, \infty, 11) (0, 1, 4, 14, 23, 41, 24, 25, 28, 38, 47, 17) (13, 21, 37, 45) (6, 31, 16, 2, 46, 3, 5, 18, 12, 19, 39, 10, 32, 20, 9, 30, 7, 40, 26, 22, 27, 29, 42, 36, 43, 15, 34, 8, 44, 33) "
"OP(30,12,4,4)",0,Solved,"0,0510"," (4t+2)","0,0560","(\infty, 47, 18, 1, 5, 15, 43, 17, 44, 11, 4, 13, 14, 6, 3, \infty, 27, 30, 38, 37, 28, 35, 20, 41, 19, 39, 29, 25, 42, 23) (21, 8, 2, 7, 9, 34, 45, 32, 26, 31, 33, 10) (16, 46, 12, 0) (40, 22, 36, 24) "
"OP(10,10,30)",0,Solved,"0,0400"," (4t+2)","0,0441","(\infty, 22, 5, 11, 14, \infty, 38, 35, 29, 46) (30, 1, 3, 28, 24, 6, 25, 27, 4, 0) (12, 40, 2, 7, 42, 15, 47, 13, 20, 21, 33, 41, 8, 19, 10, 36, 16, 26, 31, 18, 39, 23, 37, 44, 45, 9, 17, 32, 43, 34) "
"OP(4,10,6,30)",0,Solved,"0,0460"," (4t+2)","0,0501","(\infty, 16, \infty, 40) (5, 7, 10, 39, 43, 29, 31, 34, 15, 19) (42, 14, 3, 18, 38, 27) (47, 4, 12, 2, 11, 41, 20, 45, 13, 1, 8, 9, 22, 0, 6, 23, 28, 36, 26, 35, 17, 44, 21, 37, 25, 32, 33, 46, 24, 30) "
"OP(6,10,30,4)",0,Solved,"0,1250"," (4t+2)","0,1289","(\infty, 14, 44, \infty, 20, 38) (25, 40, 28, 21, 15, 1, 16, 4, 45, 39) (35, 9, 0, 10, 13, 2, 22, 18, 41, 36, 19, 6, 5, 3, 32, 11, 33, 24, 34, 37, 26, 46, 42, 17, 12, 43, 30, 29, 27, 8) (7, 47, 31, 23) "
"OP(4,10,30,3,3)",0,Solved,"0,0580"," (4t+2)","0,0618","(\infty, 3, \infty, 27) (45, 15, 47, 18, 41, 21, 39, 23, 42, 17) (40, 14, 0, 11, 46, 19, 9, 8, 44, 13, 4, 6, 12, 5, 1, 16, 38, 24, 35, 22, 43, 33, 32, 20, 37, 28, 30, 36, 29, 25) (2, 10, 7) (26, 34, 31) "
"OP(30,10,10)",0,Solved,"0,0670"," (4t+2)","0,0717","(\infty, 47, 36, 18, 46, 20, 45, 13, 30, 15, 9, 5, 2, 0, 1, \infty, 25, 24, 26, 29, 33, 39, 6, 37, 21, 44, 22, 42, 12, 23) (4, 17, 31, 19, 10, 3, 8, 16, 35, 14) (28, 41, 7, 43, 34, 27, 32, 40, 11, 38) "
"OP(4,10,6,30)",0,Solved,"0,0440"," (4t+2)","0,0497","(\infty, 16, \infty, 40) (5, 7, 10, 39, 43, 29, 31, 34, 15, 19) (42, 14, 3, 18, 38, 27) (47, 4, 12, 2, 11, 41, 20, 45, 13, 1, 8, 9, 22, 0, 6, 23, 28, 36, 26, 35, 17, 44, 21, 37, 25, 32, 33, 46, 24, 30) "
"OP(30,10,6,4)",0,Solved,"0,1580"," (4t+2)","0,1632","(\infty, 2, 3, 7, 0, 45, 5, 11, 20, 6, 16, 46, 9, 41, 18, \infty, 42, 17, 33, 22, 40, 30, 44, 35, 29, 21, 24, 31, 27, 26) (32, 15, 28, 1, 13, 8, 39, 4, 25, 37) (23, 38, 19, 47, 14, 43) (34, 12, 10, 36) "
"OP(30,10,5,5)",0,Solved,"0,0700"," (4t+2)","0,0754","(\infty, 38, 28, 34, 41, 36, 1, 24, 46, 44, 45, 31, 39, 43, 40, \infty, 16, 19, 15, 7, 21, 20, 22, 0, 25, 12, 17, 10, 4, 14) (32, 2, 35, 47, 27, 8, 26, 11, 23, 3) (6, 33, 42, 5, 37) (30, 9, 18, 29, 13) "
"OP(30,10,4,3,3)",0,Solved,"0,1420"," (4t+2)","0,1455","(\infty, 31, 36, 47, 34, 46, 24, 44, 30, 39, 40, 42, 38, 35, 25, \infty, 1, 11, 14, 18, 16, 15, 6, 20, 0, 22, 10, 23, 12, 7) (32, 3, 28, 45, 29, 8, 27, 4, 21, 5) (37, 43, 13, 19) (41, 33, 26) (17, 9, 2) "
"OP(4,8,8,30)",0,Solved,"0,0480"," (4t+2)","0,0524","(\infty, 18, \infty, 42) (47, 16, 14, 36, 4, 34, 33, 6) (23, 40, 38, 12, 28, 10, 9, 30) (11, 20, 5, 43, 15, 26, 13, 25, 21, 7, 32, 24, 27, 22, 41, 35, 44, 29, 19, 39, 2, 37, 1, 45, 31, 8, 0, 3, 46, 17) "
"OP(8,8,30,4)",0,Solved,"0,1340"," (4t+2)","0,1383","(\infty, 20, 40, 2, \infty, 26, 16, 44) (6, 13, 10, 18, 30, 37, 34, 42) (7, 8, 12, 39, 23, 4, 19, 1, 14, 9, 0, 17, 11, 22, 45, 31, 32, 36, 15, 47, 28, 43, 25, 38, 33, 24, 41, 35, 46, 21) (5, 3, 29, 27) "
"OP(6,8,6,30)",0,Solved,"0,2730"," (4t+2)","0,2770","(\infty, 9, 7, \infty, 31, 33) (21, 4, 38, 20, 45, 28, 14, 44) (34, 5, 17, 10, 29, 41) (22, 23, 2, 37, 42, 16, 12, 3, 19, 8, 0, 6, 39, 11, 1, 46, 47, 26, 13, 18, 40, 36, 27, 43, 32, 24, 30, 15, 35, 25) "
"OP(6,8,30,3,3)",0,Solved,"0,0870"," (4t+2)","0,0906","(\infty, 47, 13, \infty, 37, 23) (40, 7, 4, 14, 16, 31, 28, 38) (41, 21, 42, 20, 36, 11, 22, 34, 15, 6, 19, 27, 9, 5, 0, 17, 45, 18, 44, 12, 35, 46, 10, 39, 30, 43, 3, 33, 29, 24) (1, 8, 2) (25, 32, 26) "
"OP(4,8,4,4,30)",0,Solved,"0,0390"," (4t+2)","0,0434","(\infty, 13, \infty, 37) (12, 40, 23, 11, 36, 16, 47, 35) (44, 14, 41, 22) (20, 38, 17, 46) (45, 31, 18, 8, 1, 2, 10, 19, 30, 15, 9, 4, 0, 3, 5, 21, 7, 42, 32, 25, 26, 34, 43, 6, 39, 33, 28, 24, 27, 29) "
"OP(30,8,8,4)",0,Solved,"0,0480"," (4t+2)","0,0520","(\infty, 43, 23, 42, 8, 2, 5, 9, 21, 10, 0, 13, 40, 17, 39, \infty, 15, 41, 16, 37, 24, 34, 45, 33, 29, 26, 32, 18, 47, 19) (12, 20, 38, 22, 7, 6, 1, 3) (36, 44, 14, 46, 31, 30, 25, 27) (11, 4, 35, 28) "
"OP(6,7,7,30)",0,Solved,"0,0850"," (4t+2)","0,0887","(\infty, 3, 41, \infty, 17, 27) (0, 6, 10, 15, 47, 12, 11) (24, 30, 34, 39, 23, 36, 35) (43, 14, 2, 9, 1, 16, 7, 5, 8, 28, 42, 21, 46, 20, 37, 19, 38, 26, 33, 25, 40, 31, 29, 32, 4, 18, 45, 22, 44, 13) "
"OP(30,8,6,6)",0,Solved,"0,0590"," (4t+2)","0,0632","(\infty, 33, 20, 46, 13, 47, 19, 12, 8, 0, 18, 2, 7, 16, 39, \infty, 15, 40, 31, 26, 42, 24, 32, 36, 43, 23, 37, 22, 44, 9) (35, 6, 3, 1, 11, 30, 27, 25) (4, 5, 17, 38, 21, 10) (28, 29, 41, 14, 45, 34) "
"OP(30,8,6,3,3)",0,Solved,"0,1170"," (4t+2)","0,1214","(\infty, 20, 7, 4, 2, 17, 38, 45, 6, 36, 13, 42, 43, 35, 46, \infty, 22, 11, 19, 18, 37, 12, 30, 21, 14, 41, 26, 28, 31, 44) (9, 23, 1, 5, 33, 47, 25, 29) (32, 15, 3, 8, 39, 27) (10, 0, 16) (34, 24, 40) "
"OP(4,8,4,4,30)",0,Solved,"0,0390"," (4t+2)","0,0437","(\infty, 13, \infty, 37) (12, 40, 23, 11, 36, 16, 47, 35) (44, 14, 41, 22) (20, 38, 17, 46) (45, 31, 18, 8, 1, 2, 10, 19, 30, 15, 9, 4, 0, 3, 5, 21, 7, 42, 32, 25, 26, 34, 43, 6, 39, 33, 28, 24, 27, 29) "
"OP(30,8,4,4,4)",0,Solved,"0,0680"," (4t+2)","0,0716","(\infty, 19, 11, 16, 5, 21, 3, 4, 7, 14, 1, 39, 10, 41, 13, \infty, 37, 17, 34, 15, 25, 38, 31, 28, 27, 45, 29, 40, 35, 43) (24, 46, 23, 2, 0, 22, 47, 26) (8, 12, 6, 20) (32, 36, 30, 44) (18, 9, 42, 33) "
"OP(30,8,3,3,3,3)",0,Solved,"0,0460"," (4t+2)","0,0496","(\infty, 11, 3, 16, 32, 47, 13, 44, 15, 45, 22, 43, 17, 12, 1, \infty, 25, 36, 41, 19, 46, 21, 39, 20, 37, 23, 8, 40, 27, 35) (2, 9, 18, 38, 26, 33, 42, 14) (4, 5, 7) (28, 29, 31) (0, 10, 6) (24, 34, 30) "
"OP(30,7,7,6)",0,Solved,"0,0570"," (4t+2)","0,0616","(\infty, 16, 7, 15, 32, 14, 41, 13, 45, 22, 34, 19, 9, 23, 36, \infty, 12, 47, 33, 43, 10, 46, 21, 37, 17, 38, 8, 39, 31, 40) (4, 0, 3, 29, 18, 11, 6) (28, 24, 27, 5, 42, 35, 30) (2, 1, 20, 26, 25, 44) "
"OP(30,7,7,3,3)",0,Solved,"0,0550"," (4t+2)","0,0603","(\infty, 0, 12, 7, 13, 21, 5, 8, 6, 15, 14, 1, 35, 9, 42, \infty, 18, 33, 11, 25, 38, 39, 30, 32, 29, 45, 37, 31, 36, 24) (23, 3, 44, 34, 16, 41, 4) (47, 27, 20, 10, 40, 17, 28) (46, 2, 19) (22, 26, 43) "
"OP(4,6,6,4,30)",0,Solved,"0,0480"," (4t+2)","0,0517","(\infty, 8, \infty, 32) (9, 5, 6, 3, 12, 19) (33, 29, 30, 27, 36, 43) (15, 4, 39, 28) (0, 14, 45, 16, 1, 17, 35, 13, 7, 2, 10, 46, 18, 20, 47, 24, 38, 21, 40, 25, 41, 11, 37, 31, 26, 34, 22, 42, 44, 23) "
"OP(4,6,5,5,30)",0,Solved,"0,0550"," (4t+2)","0,0588","(\infty, 21, \infty, 45) (19, 46, 23, 43, 22, 47) (3, 13, 9, 6, 4) (27, 37, 33, 30, 28) (0, 5, 14, 7, 1, 12, 20, 32, 15, 2, 17, 35, 16, 42, 10, 24, 29, 38, 31, 25, 36, 44, 8, 39, 26, 41, 11, 40, 18, 34) "
"OP(6,6,30,4,4)",0,Solved,"0,2260"," (4t+2)","0,2303","(\infty, 18, 44, \infty, 20, 42) (14, 5, 3, 38, 29, 27) (1, 4, 12, 32, 47, 22, 43, 9, 21, 39, 40, 11, 0, 10, 41, 25, 28, 36, 8, 23, 46, 19, 33, 45, 15, 16, 35, 24, 34, 17) (13, 6, 2, 7) (37, 30, 26, 31) "
"OP(4,6,4,30,3,3)",0,Solved,"0,0600"," (4t+2)","0,0640","(\infty, 21, \infty, 45) (6, 13, 39, 30, 37, 15) (3, 0, 27, 24) (10, 2, 4, 9, 42, 19, 8, 7, 41, 12, 47, 16, 44, 14, 46, 34, 26, 28, 33, 18, 43, 32, 31, 17, 36, 23, 40, 20, 38, 22) (11, 1, 5) (35, 25, 29) "
"OP(4,5,5,6,30)",0,Solved,"0,0460"," (4t+2)","0,0505","(\infty, 11, \infty, 35) (20, 6, 17, 33, 45) (44, 30, 41, 9, 21) (10, 43, 14, 34, 19, 38) (18, 40, 22, 13, 7, 4, 0, 1, 3, 8, 15, 23, 2, 12, 29, 42, 16, 46, 37, 31, 28, 24, 25, 27, 32, 39, 47, 26, 36, 5) "
"OP(30,6,6,4,4)",0,Solved,"0,0550"," (4t+2)","0,0606","(\infty, \infty, 23, 12, 2, 21, 43, 15, 46, 32, 16, 3, 10, 35, 20, 41, 17, 44, 11, 34, 27, 40, 8, 22, 39, 19, 45, 26, 36, 47) (1, 7, 4, 6, 14, 13) (25, 31, 28, 30, 38, 37) (0, 5, 9, 18) (24, 29, 33, 42) "
"OP(30,6,5,5,4)",0,Solved,"0,0500"," (4t+2)","0,0545","(\infty, 17, 3, 6, 18, 34, 14, 47, 21, 44, 15, 46, 33, 12, 1, \infty, 25, 36, 9, 22, 39, 20, 45, 23, 38, 10, 42, 30, 27, 41) (2, 11, 16, 26, 35, 40) (8, 4, 5, 7, 0) (32, 28, 29, 31, 24) (13, 19, 37, 43) "
"OP(4,5,5,30,3,3)",0,Solved,"0,0480"," (4t+2)","0,0530","(\infty, 4, \infty, 28) (6, 16, 34, 45, 22) (30, 40, 10, 21, 46) (17, 38, 23, 36, 19, 11, 7, 1, 2, 9, 18, 32, 20, 39, 13, 41, 14, 47, 12, 43, 35, 31, 25, 26, 33, 42, 8, 44, 15, 37) (0, 5, 3) (24, 29, 27) "
"OP(30,6,4,4,3,3)",0,Solved,"0,0480"," (4t+2)","0,0518","(\infty, 2, 4, 7, 6, 42, 12, 33, 16, 27, 11, 21, 41, 19, 10, \infty, 34, 43, 17, 45, 35, 3, 40, 9, 36, 18, 30, 31, 28, 26) (22, 15, 23, 46, 39, 47) (13, 0, 14, 8) (37, 24, 38, 32) (1, 20, 5) (25, 44, 29) "
"OP(30,5,5,5,5)",0,Solved,"0,0950"," (4t+2)","0,0986","(\infty, 10, 43, 21, 7, 23, 0, 4, 9, 20, 40, 11, 42, 12, 22, \infty, 46, 36, 18, 35, 16, 44, 33, 28, 24, 47, 31, 45, 19, 34) (8, 15, 2, 41, 14) (32, 39, 26, 17, 38) (3, 6, 5, 13, 1) (27, 30, 29, 37, 25) "
"OP(30,5,5,4,3,3)",0,Solved,"0,0600"," (4t+2)","0,0641","(\infty, 9, 1, 0, 36, 18, 34, 29, 40, 27, 23, 21, 31, 4, 11, \infty, 35, 28, 7, 45, 47, 3, 16, 5, 10, 42, 12, 24, 25, 33) (37, 15, 46, 43, 14) (13, 39, 22, 19, 38) (41, 8, 17, 32) (20, 6, 26) (44, 30, 2) "
"OP(4,4,4,4,4,30)",0,Solved,"0,0410"," (4t+2)","0,0459","(\infty, 1, \infty, 25) (8, 3, 5, 2) (32, 27, 29, 26) (0, 10, 11, 4) (24, 34, 35, 28) (6, 14, 23, 36, 19, 7, 18, 33, 15, 37, 21, 46, 17, 44, 16, 30, 38, 47, 12, 43, 31, 42, 9, 39, 13, 45, 22, 41, 20, 40) "
"OP(4,4,30,3,3,3,3)",0,Solved,"0,0630"," (4t+2)","0,0692","(\infty, 13, \infty, 37) (8, 30, 32, 6) (9, 18, 14, 1, 15, 43, 44, 2, 23, 4, 40, 17, 22, 11, 3, 33, 42, 38, 25, 39, 19, 20, 26, 47, 28, 16, 41, 46, 35, 27) (7, 0, 10) (31, 24, 34) (5, 21, 36) (29, 45, 12) "
"OP(30,4,4,4,4,4)",0,Solved,"0,1920"," (4t+2)","0,1959","(\infty, 9, 8, 44, 21, 4, 43, 47, 5, 34, 6, 22, 17, 14, 35, \infty, 11, 38, 41, 46, 30, 10, 29, 23, 19, 28, 45, 20, 32, 33) (16, 42, 12, 1) (40, 18, 36, 25) (7, 0, 2, 15) (31, 24, 26, 39) (13, 3, 37, 27) "
"OP(30,4,4,3,3,3,3)",0,Solved,"0,0440"," (4t+2)","0,0483","(\infty, 21, 37, 23, 38, 20, 40, 19, 6, 1, 9, 18, 7, 0, 3, \infty, 27, 24, 31, 42, 33, 25, 30, 43, 16, 44, 14, 47, 13, 45) (15, 46, 17, 5) (39, 22, 41, 29) (11, 10, 36) (35, 34, 12) (8, 2, 4) (32, 26, 28) "
"OP(4,18,28)",0,Solved,"0,0460"," (4t+2)","0,0508","(\infty, 12, \infty, 36) (23, 32, 9, 43, 25, 10, 15, 3, 31, 47, 8, 33, 19, 1, 34, 39, 27, 7) (20, 30, 24, 26, 18, 21, 40, 14, 35, 22, 29, 28, 17, 13, 44, 6, 0, 2, 42, 45, 16, 38, 11, 46, 5, 4, 41, 37) "
"OP(18,28,4)",0,Solved,"0,0650"," (4t+2)","0,0698","(\infty, 44, 12, 11, 7, 5, 14, 9, 6, \infty, 30, 33, 38, 29, 31, 35, 36, 20) (4, 18, 47, 19, 41, 16, 3, 15, 21, 0, 10, 2, 13, 46, 28, 42, 23, 43, 17, 40, 27, 39, 45, 24, 34, 26, 37, 22) (1, 8, 25, 32) "
"OP(6,16,28)",0,Solved,"0,0500"," (4t+2)","0,0555","(\infty, 47, 15, \infty, 39, 23) (44, 17, 3, 1, 6, 7, 11, 37, 20, 41, 27, 25, 30, 31, 35, 13) (18, 46, 38, 19, 8, 2, 5, 28, 16, 9, 0, 10, 45, 12, 42, 22, 14, 43, 32, 26, 29, 4, 40, 33, 24, 34, 21, 36) "
"OP(16,28,6)",0,Solved,"0,0600"," (4t+2)","0,0647","(\infty, 5, 12, 21, 6, 16, 37, 15, \infty, 39, 13, 40, 30, 45, 36, 29) (7, 4, 0, 2, 3, 8, 14, 22, 10, 23, 43, 18, 35, 17, 31, 28, 24, 26, 27, 32, 38, 46, 34, 47, 19, 42, 11, 41) (1, 20, 9, 25, 44, 33) "
"OP(16,28,3,3)",0,Solved,"0,0570"," (4t+2)","0,0613","(\infty, 5, 13, 22, 10, 21, 36, 23, \infty, 47, 12, 45, 34, 46, 37, 29) (7, 4, 0, 2, 3, 9, 16, 32, 42, 19, 39, 17, 35, 14, 31, 28, 24, 26, 27, 33, 40, 8, 18, 43, 15, 41, 11, 38) (1, 20, 6) (25, 44, 30) "
"OP(8,14,28)",0,Solved,"0,0440"," (4t+2)","0,0483","(\infty, 1, 4, 11, \infty, 35, 28, 25) (3, 2, 0, 5, 9, 15, 6, 27, 26, 24, 29, 33, 39, 30) (18, 7, 17, 34, 22, 44, 21, 37, 19, 38, 23, 36, 16, 8, 42, 31, 41, 10, 46, 20, 45, 13, 43, 14, 47, 12, 40, 32) "
"OP(4,14,4,28)",0,Solved,"0,0550"," (4t+2)","0,0621","(\infty, 2, \infty, 26) (20, 45, 10, 36, 18, 39, 29, 44, 21, 34, 12, 42, 15, 5) (40, 9, 16, 33) (46, 38, 37, 35, 1, 17, 6, 0, 4, 23, 32, 27, 7, 19, 22, 14, 13, 11, 25, 41, 30, 24, 28, 47, 8, 3, 31, 43) "
"OP(14,28,8)",0,Solved,"0,0590"," (4t+2)","0,0637","(\infty, 5, 15, 30, 47, 13, 45, \infty, 21, 37, 23, 6, 39, 29) (16, 7, 4, 0, 2, 3, 9, 17, 38, 18, 36, 10, 22, 35, 40, 31, 28, 24, 26, 27, 33, 41, 14, 42, 12, 34, 46, 11) (8, 1, 20, 43, 32, 25, 44, 19) "
"OP(29,13,5,3)",,Infeasible,,Table config is not valid,,
"OP(14,28,4,4)",0,Solved,"0,0430"," (4t+2)","0,0478","(\infty, \infty, 23, 8, 38, 19, 42, 21, 45, 18, 43, 14, 32, 47) (16, 44, 13, 35, 22, 12, 6, 1, 2, 10, 17, 31, 15, 4, 40, 20, 37, 11, 46, 36, 30, 25, 26, 34, 41, 7, 39, 28) (9, 0, 3, 5) (33, 24, 27, 29) "
"OP(10,12,28)",0,Solved,"0,0550"," (4t+2)","0,0602","(\infty, 2, 3, 5, 8, \infty, 32, 29, 27, 26) (7, 1, 9, 16, 6, 15, 31, 25, 33, 40, 30, 39) (11, 22, 10, 44, 17, 37, 14, 43, 21, 36, 23, 18, 0, 4, 35, 46, 34, 20, 41, 13, 38, 19, 45, 12, 47, 42, 24, 28) "
"OP(4,12,6,28)",0,Solved,"0,0450"," (4t+2)","0,0509","(\infty, 1, \infty, 25) (2, 3, 9, 5, 13, 11, 26, 27, 33, 29, 37, 35) (12, 42, 22, 36, 18, 46) (21, 10, 0, 7, 4, 47, 8, 20, 39, 16, 43, 17, 30, 14, 45, 34, 24, 31, 28, 23, 32, 44, 15, 40, 19, 41, 6, 38) "
"OP(6,12,28,4)",0,Solved,"0,1720"," (4t+2)","0,1767","(\infty, 17, 1, \infty, 25, 41) (2, 3, 5, 8, 12, 18, 26, 27, 29, 32, 36, 42) (39, 19, 37, 16, 4, 45, 6, 11, 22, 47, 14, 31, 9, 44, 15, 43, 13, 40, 28, 21, 30, 35, 46, 23, 38, 7, 33, 20) (10, 0, 34, 24) "
"OP(4,12,28,3,3)",0,Solved,"0,0740"," (4t+2)","0,0782","(\infty, 39, \infty, 15) (24, 45, 29, 28, 31, 40, 0, 21, 5, 4, 7, 16) (41, 10, 30, 37, 2, 25, 3, 46, 44, 33, 19, 38, 23, 35, 17, 34, 6, 13, 26, 1, 27, 22, 20, 9, 43, 14, 47, 11) (32, 36, 42) (8, 12, 18) "
"OP(12,28,10)",0,Solved,"0,0970"," (4t+2)","0,1008","(\infty, 19, 8, 0, 1, 3, \infty, 27, 25, 24, 32, 43) (39, 4, 7, 2, 9, 5, 14, 34, 11, 41, 12, 22, 37, 21, 15, 28, 31, 26, 33, 29, 38, 10, 35, 17, 36, 46, 13, 45) (23, 44, 30, 42, 16, 47, 20, 6, 18, 40) "
"OP(29,11,7,3)",,Infeasible,,Table config is not valid,,
"OP(12,28,6,4)",0,Solved,"0,2510"," (4t+2)","0,2551","(\infty, 11, 4, 9, 1, 21, \infty, 45, 25, 33, 28, 35) (42, 3, 26, 37, 10, 44, 0, 46, 8, 41, 6, 38, 16, 15, 18, 27, 2, 13, 34, 20, 24, 22, 32, 17, 30, 14, 40, 39) (12, 43, 7, 36, 19, 31) (5, 23, 29, 47) "
"OP(12,28,5,5)",0,Solved,"0,0690"," (4t+2)","0,0732","(\infty, 14, 7, 1, 23, 10, \infty, 34, 47, 25, 31, 38) (5, 6, 42, 8, 0, 3, 46, 16, 45, 17, 44, 28, 37, 12, 29, 30, 18, 32, 24, 27, 22, 40, 21, 41, 20, 4, 13, 36) (11, 9, 19, 15, 26) (35, 33, 43, 39, 2) "
"OP(12,28,4,3,3)",0,Solved,"0,1690"," (4t+2)","0,1733","(\infty, 1, 2, 0, 4, 9, \infty, 33, 28, 24, 26, 25) (6, 3, 13, 21, 38, 22, 40, 11, 39, 17, 44, 7, 32, 18, 30, 27, 37, 45, 14, 46, 16, 35, 15, 41, 20, 31, 8, 42) (34, 19, 10, 43) (5, 12, 47) (29, 36, 23) "
"OP(4,10,8,28)",0,Solved,"0,0370"," (4t+2)","0,0420","(\infty, 1, \infty, 25) (2, 3, 9, 5, 13, 26, 27, 33, 29, 37) (6, 17, 35, 15, 30, 41, 11, 39) (12, 10, 0, 7, 4, 47, 8, 20, 42, 19, 40, 21, 38, 22, 36, 34, 24, 31, 28, 23, 32, 44, 18, 43, 16, 45, 14, 46) "
"OP(8,10,28,4)",0,Solved,"0,0780"," (4t+2)","0,0820","(\infty, 7, 17, 33, \infty, 9, 41, 31) (21, 42, 11, 40, 22, 45, 18, 35, 16, 46) (10, 3, 2, 0, 4, 1, 6, 12, 20, 8, 19, 39, 13, 47, 34, 27, 26, 24, 28, 25, 30, 36, 44, 32, 43, 15, 37, 23) (5, 14, 29, 38) "
"OP(6,10,6,28)",0,Solved,"0,0490"," (4t+2)","0,0543","(\infty, 25, 29, \infty, 5, 1) (20, 26, 38, 45, 7, 44, 2, 14, 21, 31) (8, 17, 3, 32, 41, 27) (13, 46, 28, 36, 33, 35, 18, 40, 15, 47, 0, 43, 30, 10, 37, 22, 4, 12, 9, 11, 42, 16, 39, 23, 24, 19, 6, 34) "
"OP(6,10,28,3,3)",0,Solved,"0,1450"," (4t+2)","0,1483","(\infty, 4, 42, \infty, 18, 28) (39, 9, 22, 8, 40, 15, 33, 46, 32, 16) (13, 2, 6, 5, 0, 19, 21, 1, 7, 10, 17, 38, 23, 11, 37, 26, 30, 29, 24, 43, 45, 25, 31, 34, 41, 14, 47, 35) (12, 3, 20) (36, 27, 44) "
"OP(4,10,4,4,28)",0,Solved,"0,0470"," (4t+2)","0,0508","(\infty, 1, \infty, 25) (2, 3, 9, 5, 13, 26, 27, 33, 29, 37) (6, 17, 35, 18) (30, 41, 11, 42) (12, 10, 0, 7, 4, 47, 8, 22, 38, 15, 44, 16, 43, 21, 36, 34, 24, 31, 28, 23, 32, 46, 14, 39, 20, 40, 19, 45) "
"OP(4,9,9,28)",0,Solved,"0,0440"," (4t+2)","0,0475","(\infty, 22, \infty, 46) (16, 36, 20, 7, 37, 23, 45, 14, 35) (40, 12, 44, 31, 13, 47, 21, 38, 11) (41, 18, 8, 1, 2, 10, 19, 30, 15, 9, 4, 0, 3, 5, 17, 42, 32, 25, 26, 34, 43, 6, 39, 33, 28, 24, 27, 29) "
"OP(10,28,8,4)",0,Solved,"0,0490"," (4t+2)","0,0531","(\infty, \infty, 23, 10, 17, 3, 27, 41, 34, 47) (2, 13, 8, 46, 6, 21, 9, 25, 4, 0, 20, 11, 5, 7, 26, 37, 32, 22, 30, 45, 33, 1, 28, 24, 44, 35, 29, 31) (16, 42, 12, 43, 40, 18, 36, 19) (14, 15, 38, 39) "
"OP(29,9,7,5)",,Infeasible,,Table config is not valid,,
"OP(10,28,6,6)",0,Solved,"0,0400"," (4t+2)","0,0453","(\infty, 15, 46, 10, 45, \infty, 21, 34, 22, 39) (44, 19, 12, 8, 0, 18, 2, 7, 16, 37, 17, 6, 3, 1, 20, 43, 36, 32, 24, 42, 26, 31, 40, 13, 41, 30, 27, 25) (4, 5, 11, 33, 47, 14) (28, 29, 35, 9, 23, 38) "
"OP(10,28,6,3,3)",0,Solved,"0,0840"," (4t+2)","0,0882","(\infty, 43, 15, 41, 3, \infty, 27, 17, 39, 19) (22, 40, 1, 36, 5, 11, 34, 38, 9, 23, 44, 8, 0, 45, 46, 16, 25, 12, 29, 35, 10, 14, 33, 47, 20, 32, 24, 21) (37, 4, 6, 13, 28, 30) (18, 2, 7) (42, 26, 31) "
"OP(29,9,5,4,3)",,Infeasible,,Table config is not valid,,
"OP(10,28,4,4,4)",0,Solved,"0,0480"," (4t+2)","0,0521","(\infty, 4, 7, 11, 6, \infty, 30, 35, 31, 28) (17, 45, 33, 16, 27, 14, 36, 22, 43, 13, 23, 15, 34, 18, 41, 21, 9, 40, 3, 38, 12, 46, 19, 37, 47, 39, 10, 42) (0, 2, 8, 1) (24, 26, 32, 25) (20, 5, 44, 29) "
"OP(10,28,3,3,3,3)",0,Solved,"0,0520"," (4t+2)","0,0563","(\infty, 15, 40, 23, 45, \infty, 21, 47, 16, 39) (3, 5, 19, 11, 4, 0, 18, 9, 6, 1, 7, 20, 41, 8, 27, 29, 43, 35, 28, 24, 42, 33, 30, 25, 31, 44, 17, 32) (2, 13, 12) (26, 37, 36) (10, 38, 22) (34, 14, 46) "
"OP(6,8,8,28)",0,Solved,"0,0950"," (4t+2)","0,1007","(\infty, 0, 2, \infty, 26, 24) (3, 6, 5, 9, 15, 4, 16, 8) (27, 30, 29, 33, 39, 28, 40, 32) (7, 14, 23, 10, 20, 36, 11, 42, 13, 46, 25, 43, 17, 45, 31, 38, 47, 34, 44, 12, 35, 18, 37, 22, 1, 19, 41, 21) "
"OP(8,8,28,6)",0,Solved,"0,0630"," (4t+2)","0,0672","(\infty, 5, 12, 21, \infty, 45, 36, 29) (6, 16, 37, 15, 30, 40, 13, 39) (7, 4, 0, 2, 3, 8, 14, 22, 10, 23, 43, 18, 35, 17, 31, 28, 24, 26, 27, 32, 38, 46, 34, 47, 19, 42, 11, 41) (1, 20, 9, 25, 44, 33) "
"OP(8,8,28,3,3)",0,Solved,"0,0750"," (4t+2)","0,0790","(\infty, 44, 23, 40, \infty, 16, 47, 20) (42, 12, 3, 5, 18, 36, 27, 29) (0, 11, 21, 9, 1, 4, 10, 17, 32, 46, 14, 37, 15, 43, 24, 35, 45, 33, 25, 28, 34, 41, 8, 22, 38, 13, 39, 19) (6, 7, 2) (30, 31, 26) "
"OP(4,8,6,4,28)",0,Solved,"0,1880"," (4t+2)","0,1938","(\infty, 1, \infty, 25) (2, 3, 5, 8, 26, 27, 29, 32) (7, 16, 41, 31, 40, 17) (10, 23, 34, 47) (14, 42, 20, 39, 22, 37, 21, 33, 19, 12, 4, 0, 6, 11, 38, 18, 44, 15, 46, 13, 45, 9, 43, 36, 28, 24, 30, 35) "
"OP(4,8,5,5,28)",0,Solved,"0,0380"," (4t+2)","0,0425","(\infty, 1, \infty, 25) (15, 3, 9, 2, 39, 27, 33, 26) (0, 17, 14, 4, 8) (24, 41, 38, 28, 32) (22, 6, 21, 20, 7, 16, 36, 10, 5, 35, 37, 23, 42, 19, 46, 30, 45, 44, 31, 40, 12, 34, 29, 11, 13, 47, 18, 43) "
"OP(6,8,28,4,4)",0,Solved,"0,0470"," (4t+2)","0,0516","(\infty, 2, 4, \infty, 28, 26) (5, 6, 11, 37, 29, 30, 35, 13) (22, 16, 27, 7, 38, 17, 42, 10, 45, 15, 19, 9, 0, 12, 46, 40, 3, 31, 14, 41, 18, 34, 21, 39, 43, 33, 24, 36) (8, 1, 20, 23) (32, 25, 44, 47) "
"OP(4,8,4,28,3,3)",0,Solved,"0,1050"," (4t+2)","0,1095","(\infty, 20, \infty, 44) (0, 8, 13, 34, 24, 32, 37, 10) (1, 2, 25, 26) (18, 38, 22, 36, 5, 9, 15, 41, 23, 35, 6, 3, 40, 7, 42, 14, 46, 12, 29, 33, 39, 17, 47, 11, 30, 27, 16, 31) (43, 4, 45) (19, 28, 21) "
"OP(8,28,7,7)",0,Solved,"0,0950"," (4t+2)","0,1006","(\infty, 21, 37, 19, \infty, 43, 13, 45) (12, 2, 3, 11, 8, 1, 14, 41, 18, 33, 47, 10, 5, 7, 36, 26, 27, 35, 32, 25, 38, 17, 42, 9, 23, 34, 29, 31) (0, 4, 40, 20, 46, 15, 6) (24, 28, 16, 44, 22, 39, 30) "
"OP(4,7,7,4,28)",0,Solved,"0,0840"," (4t+2)","0,0888","(\infty, 1, \infty, 25) (2, 3, 5, 8, 13, 23, 16) (26, 27, 29, 32, 37, 47, 40) (7, 15, 31, 39) (4, 0, 6, 35, 10, 19, 36, 21, 9, 22, 42, 20, 38, 17, 28, 24, 30, 11, 34, 43, 12, 45, 33, 46, 18, 44, 14, 41) "
"OP(29,7,6,5,3)",,Infeasible,,Table config is not valid,,
"OP(8,28,6,4,4)",0,Solved,"0,0780"," (4t+2)","0,0828","(\infty, 14, 7, 2, \infty, 26, 31, 38) (47, 12, 43, 18, 45, 16, 1, 35, 13, 5, 6, 3, 9, 39, 23, 36, 19, 42, 21, 40, 25, 11, 37, 29, 30, 27, 33, 15) (4, 8, 17, 28, 32, 41) (20, 0, 10, 22) (44, 24, 34, 46) "
"OP(8,28,5,5,4)",0,Solved,"0,0440"," (4t+2)","0,0486","(\infty, 6, 34, 16, \infty, 40, 10, 30) (42, 8, 19, 12, 7, 4, 0, 2, 3, 9, 17, 46, 23, 39, 18, 32, 43, 36, 31, 28, 24, 26, 27, 33, 41, 22, 47, 15) (14, 45, 35, 13, 1) (38, 21, 11, 37, 25) (20, 5, 44, 29) "
"OP(29,7,5,3,3,3)",,Infeasible,,Table config is not valid,,
"OP(8,28,4,4,3,3)",0,Solved,"0,0450"," (4t+2)","0,0505","(\infty, 4, 14, 30, \infty, 6, 38, 28) (16, 37, 12, 23, 41, 21, 34, 19, 11, 7, 1, 2, 9, 18, 40, 13, 36, 47, 17, 45, 10, 43, 35, 31, 25, 26, 33, 42) (20, 8, 22, 39) (44, 32, 46, 15) (0, 5, 3) (24, 29, 27) "
"OP(4,6,6,6,28)",0,Solved,"0,0500"," (4t+2)","0,0540","(\infty, 2, \infty, 26) (3, 4, 6, 9, 1, 12) (27, 28, 30, 33, 25, 36) (5, 11, 15, 29, 35, 39) (8, 20, 10, 45, 17, 43, 14, 46, 13, 40, 23, 18, 0, 7, 32, 44, 34, 21, 41, 19, 38, 22, 37, 16, 47, 42, 24, 31) "
"OP(6,6,6,28,4)",0,Solved,"0,0510"," (4t+2)","0,0547","(\infty, 2, 10, \infty, 34, 26) (22, 6, 37, 23, 35, 16) (46, 30, 13, 47, 11, 40) (27, 18, 43, 17, 45, 12, 33, 15, 14, 4, 0, 5, 8, 1, 3, 42, 19, 41, 21, 36, 9, 39, 38, 28, 24, 29, 32, 25) (20, 7, 44, 31) "
"OP(4,6,6,28,3,3)",0,Solved,"0,0550"," (4t+2)","0,0607","(\infty, 8, \infty, 32) (14, 44, 23, 42, 22, 39) (38, 20, 47, 18, 46, 15) (19, 7, 0, 10, 16, 1, 12, 21, 37, 3, 11, 9, 4, 17, 43, 31, 24, 34, 40, 25, 36, 45, 13, 27, 35, 33, 28, 41) (5, 2, 6) (29, 26, 30) "
"OP(6,6,28,5,5)",0,Solved,"0,0460"," (4t+2)","0,0501","(\infty, 14, 42, \infty, 18, 38) (13, 43, 21, 37, 19, 45) (22, 12, 7, 4, 0, 2, 3, 9, 16, 29, 15, 32, 17, 6, 46, 36, 31, 28, 24, 26, 27, 33, 40, 5, 39, 8, 41, 30) (35, 10, 1, 20, 47) (11, 34, 25, 44, 23) "
"OP(6,6,28,4,3,3)",0,Solved,"0,0620"," (4t+2)","0,0664","(\infty, 13, 23, \infty, 47, 37) (12, 4, 10, 36, 28, 34) (11, 42, 17, 2, 43, 7, 3, 21, 1, 20, 15, 6, 5, 8, 35, 18, 41, 26, 19, 31, 27, 45, 25, 44, 39, 30, 29, 32) (22, 9, 46, 33) (0, 14, 16) (24, 38, 40) "
"OP(4,6,4,4,4,28)",0,Solved,"0,0830"," (4t+2)","0,0878","(\infty, 31, \infty, 7) (38, 3, 8, 14, 27, 32) (10, 40, 47, 19) (34, 16, 23, 43) (2, 42, 26, 18) (9, 11, 37, 1, 22, 12, 41, 4, 21, 20, 24, 39, 5, 30, 33, 35, 13, 25, 46, 36, 17, 28, 45, 44, 0, 15, 29, 6) "
"OP(4,6,28,3,3,3,3)",0,Solved,"0,0640"," (4t+2)","0,0695","(\infty, 20, \infty, 44) (1, 13, 38, 25, 37, 14) (23, 3, 18, 4, 8, 16, 46, 17, 39, 12, 9, 10, 19, 30, 47, 27, 42, 28, 32, 40, 22, 41, 15, 36, 33, 34, 43, 6) (11, 5, 21) (35, 29, 45) (7, 2, 0) (31, 26, 24) "
"OP(6,28,5,5,3,3)",0,Solved,"0,0890"," (4t+2)","0,0950","(\infty, 4, 6, \infty, 30, 28) (15, 10, 44, 22, 1, 2, 5, 13, 41, 16, 3, 9, 45, 7, 39, 34, 20, 46, 25, 26, 29, 37, 17, 40, 27, 33, 21, 31) (8, 12, 43, 14, 23) (32, 36, 19, 38, 47) (18, 0, 11) (42, 24, 35) "
"OP(4,5,5,4,4,28)",0,Solved,"0,0710"," (4t+2)","0,0748","(\infty, 3, \infty, 27) (4, 5, 7, 13, 9) (28, 29, 31, 37, 33) (30, 18, 1, 19) (6, 42, 25, 43) (26, 11, 8, 15, 23, 46, 20, 36, 16, 45, 10, 0, 14, 41, 2, 35, 32, 39, 47, 22, 44, 12, 40, 21, 34, 24, 38, 17) "
"OP(6,28,4,4,4,4)",0,Solved,"0,0400"," (4t+2)","0,0446","(\infty, 1, 7, \infty, 31, 25) (46, 3, 44, 0, 11, 13, 10, 36, 9, 41, 40, 21, 8, 42, 22, 27, 20, 24, 35, 37, 34, 12, 33, 17, 16, 45, 32, 18) (38, 28, 19, 2) (14, 4, 43, 26) (39, 6, 29, 47) (15, 30, 5, 23) "
"OP(6,28,4,3,3,3,3)",0,Solved,"0,1930"," (4t+2)","0,1989","(\infty, 45, 17, \infty, 41, 21) (7, 2, 4, 11, 8, 18, 27, 23, 38, 6, 37, 12, 33, 39, 31, 26, 28, 35, 32, 42, 3, 47, 14, 30, 13, 36, 9, 15) (40, 29, 16, 5) (0, 22, 34) (24, 46, 10) (1, 20, 19) (25, 44, 43) "
"OP(4,4,4,4,28,3,3)",0,Solved,"0,0380"," (4t+2)","0,0420","(\infty, 5, \infty, 29) (28, 42, 9, 38) (4, 18, 33, 14) (41, 40, 17, 16) (22, 6, 36, 47, 43, 35, 13, 34, 31, 26, 20, 3, 39, 0, 46, 30, 12, 23, 19, 11, 37, 10, 7, 2, 44, 27, 15, 24) (32, 25, 45) (8, 1, 21) "
"OP(4,28,3,3,3,3,3,3)",0,Solved,"0,0700"," (4t+2)","0,0744","(\infty, 11, \infty, 35) (0, 20, 39, 2, 18, 32, 1, 27, 12, 37, 16, 14, 9, 21, 24, 44, 15, 26, 42, 8, 25, 3, 36, 13, 40, 38, 33, 45) (19, 6, 10) (43, 30, 34) (47, 7, 17) (23, 31, 41) (5, 4, 46) (29, 28, 22) "
"OP(4,18,28)",0,Solved,"0,0470"," (4t+2)","0,0523","(\infty, 12, \infty, 36) (23, 32, 9, 43, 25, 10, 15, 3, 31, 47, 8, 33, 19, 1, 34, 39, 27, 7) (20, 30, 24, 26, 18, 21, 40, 14, 35, 22, 29, 28, 17, 13, 44, 6, 0, 2, 42, 45, 16, 38, 11, 46, 5, 4, 41, 37) "
"OP(28,18,4)",0,Solved,"0,0790"," (4t+2)","0,0831","(\infty, 39, 12, 42, 34, 0, 28, 37, 30, 46, 20, 33, 38, 23, \infty, 47, 14, 9, 44, 22, 6, 13, 4, 24, 10, 18, 36, 15) (31, 43, 26, 45, 8, 5, 11, 1, 3, 7, 19, 2, 21, 32, 29, 35, 25, 27) (41, 16, 17, 40) "
"OP(6,16,28)",0,Solved,"0,0470"," (4t+2)","0,0546","(\infty, 47, 15, \infty, 39, 23) (44, 17, 3, 1, 6, 7, 11, 37, 20, 41, 27, 25, 30, 31, 35, 13) (18, 46, 38, 19, 8, 2, 5, 28, 16, 9, 0, 10, 45, 12, 42, 22, 14, 43, 32, 26, 29, 4, 40, 33, 24, 34, 21, 36) "
"OP(28,16,6)",0,Solved,"0,0570"," (4t+2)","0,0675","(\infty, 1, 4, 10, 3, 2, 0, 5, 9, 17, 32, 44, 23, 45, \infty, 21, 47, 20, 8, 41, 33, 29, 24, 26, 27, 34, 28, 25) (15, 6, 16, 36, 22, 35, 18, 7, 39, 30, 40, 12, 46, 11, 42, 31) (38, 13, 43, 14, 37, 19) "
"OP(28,16,3,3)",0,Solved,"0,0930"," (4t+2)","0,0974","(\infty, 17, 2, 3, 1, 6, 12, 20, 8, 34, 14, 39, 18, 5, \infty, 29, 42, 15, 38, 10, 32, 44, 36, 30, 25, 27, 26, 41) (45, 4, 7, 11, 22, 40, 23, 37, 21, 28, 31, 35, 46, 16, 47, 13) (9, 19, 0) (33, 43, 24) "
"OP(8,14,28)",0,Solved,"0,0450"," (4t+2)","0,0495","(\infty, 1, 4, 11, \infty, 35, 28, 25) (3, 2, 0, 5, 9, 15, 6, 27, 26, 24, 29, 33, 39, 30) (18, 7, 17, 34, 22, 44, 21, 37, 19, 38, 23, 36, 16, 8, 42, 31, 41, 10, 46, 20, 45, 13, 43, 14, 47, 12, 40, 32) "
"OP(4,14,4,28)",0,Solved,"0,0550"," (4t+2)","0,0588","(\infty, 2, \infty, 26) (20, 45, 10, 36, 18, 39, 29, 44, 21, 34, 12, 42, 15, 5) (40, 9, 16, 33) (46, 38, 37, 35, 1, 17, 6, 0, 4, 23, 32, 27, 7, 19, 22, 14, 13, 11, 25, 41, 30, 24, 28, 47, 8, 3, 31, 43) "
"OP(28,14,8)",0,Solved,"0,0530"," (4t+2)","0,0571","(\infty, 45, 19, 24, 40, 25, 13, 33, 4, 35, 22, 18, 12, 39, \infty, 15, 36, 42, 46, 11, 28, 9, 37, 1, 16, 0, 43, 21) (47, 2, 20, 34, 41, 31, 32, 23, 26, 44, 10, 17, 7, 8) (30, 5, 3, 14, 6, 29, 27, 38) "
"OP(4,14,4,28)",0,Solved,"0,0540"," (4t+2)","0,0594","(\infty, 2, \infty, 26) (20, 45, 10, 36, 18, 39, 29, 44, 21, 34, 12, 42, 15, 5) (40, 9, 16, 33) (46, 38, 37, 35, 1, 17, 6, 0, 4, 23, 32, 27, 7, 19, 22, 14, 13, 11, 25, 41, 30, 24, 28, 47, 8, 3, 31, 43) "
"OP(28,14,4,4)",0,Solved,"0,0270"," (4t+2)","0,0313","(\infty, 21, 44, 12, 47, 18, 46, 32, 15, 4, 16, 34, 19, 41, \infty, 17, 43, 10, 40, 28, 39, 8, 22, 42, 23, 36, 20, 45) (1, 2, 7, 13, 6, 14, 35, 25, 26, 31, 37, 30, 38, 11) (9, 0, 3, 5) (33, 24, 27, 29) "
"OP(10,12,28)",0,Solved,"0,0520"," (4t+2)","0,0560","(\infty, 2, 3, 5, 8, \infty, 32, 29, 27, 26) (7, 1, 9, 16, 6, 15, 31, 25, 33, 40, 30, 39) (11, 22, 10, 44, 17, 37, 14, 43, 21, 36, 23, 18, 0, 4, 35, 46, 34, 20, 41, 13, 38, 19, 45, 12, 47, 42, 24, 28) "
"OP(4,12,6,28)",0,Solved,"0,0480"," (4t+2)","0,0523","(\infty, 1, \infty, 25) (2, 3, 9, 5, 13, 11, 26, 27, 33, 29, 37, 35) (12, 42, 22, 36, 18, 46) (21, 10, 0, 7, 4, 47, 8, 20, 39, 16, 43, 17, 30, 14, 45, 34, 24, 31, 28, 23, 32, 44, 15, 40, 19, 41, 6, 38) "
"OP(6,12,28,4)",0,Solved,"0,1650"," (4t+2)","0,1692","(\infty, 17, 1, \infty, 25, 41) (2, 3, 5, 8, 12, 18, 26, 27, 29, 32, 36, 42) (39, 19, 37, 16, 4, 45, 6, 11, 22, 47, 14, 31, 9, 44, 15, 43, 13, 40, 28, 21, 30, 35, 46, 23, 38, 7, 33, 20) (10, 0, 34, 24) "
"OP(4,12,28,3,3)",0,Solved,"0,0790"," (4t+2)","0,0833","(\infty, 39, \infty, 15) (24, 45, 29, 28, 31, 40, 0, 21, 5, 4, 7, 16) (41, 10, 30, 37, 2, 25, 3, 46, 44, 33, 19, 38, 23, 35, 17, 34, 6, 13, 26, 1, 27, 22, 20, 9, 43, 14, 47, 11) (32, 36, 42) (8, 12, 18) "
"OP(28,12,10)",0,Solved,"0,0600"," (4t+2)","0,0641","(\infty, 0, 8, 42, 19, 10, 6, 23, 13, 7, 22, 1, 21, 2, \infty, 26, 45, 25, 46, 31, 37, 47, 30, 34, 43, 18, 32, 24) (3, 4, 20, 15, 12, 14, 27, 28, 44, 39, 36, 38) (11, 41, 5, 16, 9, 35, 17, 29, 40, 33) "
"OP(4,12,6,28)",0,Solved,"0,0470"," (4t+2)","0,0514","(\infty, 1, \infty, 25) (2, 3, 9, 5, 13, 11, 26, 27, 33, 29, 37, 35) (12, 42, 22, 36, 18, 46) (21, 10, 0, 7, 4, 47, 8, 20, 39, 16, 43, 17, 30, 14, 45, 34, 24, 31, 28, 23, 32, 44, 15, 40, 19, 41, 6, 38) "
"OP(28,12,6,4)",0,Solved,"0,1500"," (4t+2)","0,1544","(\infty, 45, 4, 2, 7, 8, 20, 33, 15, 35, 19, 42, 16, 47, \infty, 23, 40, 18, 43, 11, 39, 9, 44, 32, 31, 26, 28, 21) (14, 41, 22, 13, 5, 1, 38, 17, 46, 37, 29, 25) (12, 6, 3, 36, 30, 27) (0, 10, 24, 34) "
"OP(28,12,5,5)",0,Solved,"0,0530"," (4t+2)","0,0577","(\infty, 30, 15, 33, 34, 32, 41, 21, 35, 3, 43, 16, 47, 12, \infty, 36, 23, 40, 19, 27, 11, 45, 17, 8, 10, 9, 39, 6) (31, 24, 14, 20, 46, 2, 7, 0, 38, 44, 22, 26) (25, 28, 5, 42, 13) (1, 4, 29, 18, 37) "
"OP(28,12,4,3,3)",0,Solved,"0,1500"," (4t+2)","0,1537","(\infty, 20, 15, 47, 2, 22, 10, 14, 43, 21, 4, 11, 1, 0, \infty, 24, 25, 35, 28, 45, 19, 38, 34, 46, 26, 23, 39, 44) (17, 3, 18, 7, 9, 32, 41, 27, 42, 31, 33, 8) (12, 6, 36, 30) (13, 40, 5) (37, 16, 29) "
"OP(28,11,11)",0,Solved,"0,0470"," (4t+2)","0,0506","(\infty, 2, 3, 5, 8, 12, 1, 7, 14, 4, 16, 35, 10, 44, \infty, 20, 34, 11, 40, 28, 38, 31, 25, 36, 32, 29, 27, 26) (17, 30, 45, 13, 39, 22, 43, 23, 18, 0, 9) (41, 6, 21, 37, 15, 46, 19, 47, 42, 24, 33) "
"OP(4,10,8,28)",0,Solved,"0,0380"," (4t+2)","0,0427","(\infty, 1, \infty, 25) (2, 3, 9, 5, 13, 26, 27, 33, 29, 37) (6, 17, 35, 15, 30, 41, 11, 39) (12, 10, 0, 7, 4, 47, 8, 20, 42, 19, 40, 21, 38, 22, 36, 34, 24, 31, 28, 23, 32, 44, 18, 43, 16, 45, 14, 46) "
"OP(8,10,28,4)",0,Solved,"0,0830"," (4t+2)","0,0869","(\infty, 7, 17, 33, \infty, 9, 41, 31) (21, 42, 11, 40, 22, 45, 18, 35, 16, 46) (10, 3, 2, 0, 4, 1, 6, 12, 20, 8, 19, 39, 13, 47, 34, 27, 26, 24, 28, 25, 30, 36, 44, 32, 43, 15, 37, 23) (5, 14, 29, 38) "
"OP(6,10,6,28)",0,Solved,"0,0520"," (4t+2)","0,0565","(\infty, 25, 29, \infty, 5, 1) (20, 26, 38, 45, 7, 44, 2, 14, 21, 31) (8, 17, 3, 32, 41, 27) (13, 46, 28, 36, 33, 35, 18, 40, 15, 47, 0, 43, 30, 10, 37, 22, 4, 12, 9, 11, 42, 16, 39, 23, 24, 19, 6, 34) "
"OP(6,10,28,3,3)",0,Solved,"0,1470"," (4t+2)","0,1513","(\infty, 4, 42, \infty, 18, 28) (39, 9, 22, 8, 40, 15, 33, 46, 32, 16) (13, 2, 6, 5, 0, 19, 21, 1, 7, 10, 17, 38, 23, 11, 37, 26, 30, 29, 24, 43, 45, 25, 31, 34, 41, 14, 47, 35) (12, 3, 20) (36, 27, 44) "
"OP(4,10,4,4,28)",0,Solved,"0,0440"," (4t+2)","0,0474","(\infty, 1, \infty, 25) (2, 3, 9, 5, 13, 26, 27, 33, 29, 37) (6, 17, 35, 18) (30, 41, 11, 42) (12, 10, 0, 7, 4, 47, 8, 22, 38, 15, 44, 16, 43, 21, 36, 34, 24, 31, 28, 23, 32, 46, 14, 39, 20, 40, 19, 45) "
"OP(4,9,9,28)",0,Solved,"0,0460"," (4t+2)","0,0495","(\infty, 22, \infty, 46) (16, 36, 20, 7, 37, 23, 45, 14, 35) (40, 12, 44, 31, 13, 47, 21, 38, 11) (41, 18, 8, 1, 2, 10, 19, 30, 15, 9, 4, 0, 3, 5, 17, 42, 32, 25, 26, 34, 43, 6, 39, 33, 28, 24, 27, 29) "
"OP(28,10,8,4)",0,Solved,"0,0510"," (4t+2)","0,0556","(\infty, 6, 17, 34, 47, 18, 8, 22, 38, 11, 39, 21, 43, 20, \infty, 44, 19, 45, 15, 35, 14, 46, 32, 42, 23, 10, 41, 30) (1, 2, 4, 7, 13, 25, 26, 28, 31, 37) (16, 9, 5, 0, 40, 33, 29, 24) (3, 12, 27, 36) "
"OP(6,10,6,28)",0,Solved,"0,0500"," (4t+2)","0,0540","(\infty, 25, 29, \infty, 5, 1) (20, 26, 38, 45, 7, 44, 2, 14, 21, 31) (8, 17, 3, 32, 41, 27) (13, 46, 28, 36, 33, 35, 18, 40, 15, 47, 0, 43, 30, 10, 37, 22, 4, 12, 9, 11, 42, 16, 39, 23, 24, 19, 6, 34) "
"OP(28,10,6,6)",0,Solved,"0,0500"," (4t+2)","0,0543","(\infty, 18, 43, 28, 36, 27, 10, 8, 29, 22, 26, 39, 40, 24, \infty, 0, 16, 15, 2, 46, 5, 32, 34, 3, 12, 4, 19, 42) (44, 33, 14, 11, 6, 20, 9, 38, 35, 30) (37, 7, 17, 23, 45, 25) (13, 31, 41, 47, 21, 1) "
"OP(28,10,6,3,3)",0,Solved,"0,2350"," (4t+2)","0,2402","(\infty, 17, 42, 23, 8, 22, 40, 20, 19, 36, 15, 6, 3, 5, \infty, 29, 27, 30, 39, 12, 43, 44, 16, 46, 32, 47, 18, 41) (21, 10, 4, 0, 13, 45, 34, 28, 24, 37) (9, 1, 11, 33, 25, 35) (2, 7, 14) (26, 31, 38) "
"OP(4,10,4,4,28)",0,Solved,"0,0440"," (4t+2)","0,0476","(\infty, 1, \infty, 25) (2, 3, 9, 5, 13, 26, 27, 33, 29, 37) (6, 17, 35, 18) (30, 41, 11, 42) (12, 10, 0, 7, 4, 47, 8, 22, 38, 15, 44, 16, 43, 21, 36, 34, 24, 31, 28, 23, 32, 46, 14, 39, 20, 40, 19, 45) "
"OP(28,10,4,4,4)",0,Solved,"0,0790"," (4t+2)","0,0823","(\infty, 39, 45, 2, 24, 41, 42, 33, 43, 32, 47, 35, 3, 37, \infty, 13, 27, 11, 23, 8, 19, 9, 18, 17, 0, 26, 21, 15) (40, 36, 29, 6, 34, 16, 12, 5, 30, 10) (44, 25, 38, 46) (20, 1, 14, 22) (31, 28, 7, 4) "
"OP(28,10,3,3,3,3)",0,Solved,"0,0410"," (4t+2)","0,0455","(\infty, 38, 16, 46, 11, 47, 33, 17, 7, 18, 39, 10, 43, 20, \infty, 44, 19, 34, 15, 42, 31, 41, 9, 23, 35, 22, 40, 14) (1, 2, 6, 12, 32, 25, 26, 30, 36, 8) (4, 21, 13) (28, 45, 37) (0, 5, 3) (24, 29, 27) "
"OP(28,9,9,4)",0,Solved,"0,0910"," (4t+2)","0,0950","(\infty, 11, 2, 8, 36, 4, 21, 16, 41, 20, 1, 14, 10, 3, \infty, 27, 34, 38, 25, 44, 17, 40, 45, 28, 12, 32, 26, 35) (39, 9, 6, 18, 7, 47, 0, 22, 37) (15, 33, 30, 42, 31, 23, 24, 46, 13) (19, 5, 43, 29) "
"OP(6,8,8,28)",0,Solved,"0,0850"," (4t+2)","0,0891","(\infty, 0, 2, \infty, 26, 24) (3, 6, 5, 9, 15, 4, 16, 8) (27, 30, 29, 33, 39, 28, 40, 32) (7, 14, 23, 10, 20, 36, 11, 42, 13, 46, 25, 43, 17, 45, 31, 38, 47, 34, 44, 12, 35, 18, 37, 22, 1, 19, 41, 21) "
"OP(8,8,28,6)",0,Solved,"0,0600"," (4t+2)","0,0654","(\infty, 5, 12, 21, \infty, 45, 36, 29) (6, 16, 37, 15, 30, 40, 13, 39) (7, 4, 0, 2, 3, 8, 14, 22, 10, 23, 43, 18, 35, 17, 31, 28, 24, 26, 27, 32, 38, 46, 34, 47, 19, 42, 11, 41) (1, 20, 9, 25, 44, 33) "
"OP(8,8,28,3,3)",0,Solved,"0,0720"," (4t+2)","0,0787","(\infty, 44, 23, 40, \infty, 16, 47, 20) (42, 12, 3, 5, 18, 36, 27, 29) (0, 11, 21, 9, 1, 4, 10, 17, 32, 46, 14, 37, 15, 43, 24, 35, 45, 33, 25, 28, 34, 41, 8, 22, 38, 13, 39, 19) (6, 7, 2) (30, 31, 26) "
"OP(4,8,6,4,28)",0,Solved,"0,1820"," (4t+2)","0,1871","(\infty, 1, \infty, 25) (2, 3, 5, 8, 26, 27, 29, 32) (7, 16, 41, 31, 40, 17) (10, 23, 34, 47) (14, 42, 20, 39, 22, 37, 21, 33, 19, 12, 4, 0, 6, 11, 38, 18, 44, 15, 46, 13, 45, 9, 43, 36, 28, 24, 30, 35) "
"OP(4,8,5,5,28)",0,Solved,"0,0390"," (4t+2)","0,0426","(\infty, 1, \infty, 25) (15, 3, 9, 2, 39, 27, 33, 26) (0, 17, 14, 4, 8) (24, 41, 38, 28, 32) (22, 6, 21, 20, 7, 16, 36, 10, 5, 35, 37, 23, 42, 19, 46, 30, 45, 44, 31, 40, 12, 34, 29, 11, 13, 47, 18, 43) "
"OP(6,8,28,4,4)",0,Solved,"0,0470"," (4t+2)","0,0511","(\infty, 2, 4, \infty, 28, 26) (5, 6, 11, 37, 29, 30, 35, 13) (22, 16, 27, 7, 38, 17, 42, 10, 45, 15, 19, 9, 0, 12, 46, 40, 3, 31, 14, 41, 18, 34, 21, 39, 43, 33, 24, 36) (8, 1, 20, 23) (32, 25, 44, 47) "
"OP(4,8,4,28,3,3)",0,Solved,"0,1110"," (4t+2)","0,1153","(\infty, 20, \infty, 44) (0, 8, 13, 34, 24, 32, 37, 10) (1, 2, 25, 26) (18, 38, 22, 36, 5, 9, 15, 41, 23, 35, 6, 3, 40, 7, 42, 14, 46, 12, 29, 33, 39, 17, 47, 11, 30, 27, 16, 31) (43, 4, 45) (19, 28, 21) "
"OP(28,8,8,6)",0,Solved,"0,0460"," (4t+2)","0,0494","(\infty, 2, 3, 5, 8, 12, 1, 9, 4, 11, 20, 7, 17, 34, \infty, 10, 41, 31, 44, 35, 28, 33, 25, 36, 32, 29, 27, 26) (37, 15, 43, 16, 45, 22, 38, 23) (13, 39, 19, 40, 21, 46, 14, 47) (18, 0, 6, 42, 24, 30) "
"OP(28,8,8,3,3)",0,Solved,"0,0420"," (4t+2)","0,0465","(\infty, 4, 14, 30, 13, 39, 16, 44, 23, 41, 22, 10, 21, 36, \infty, 12, 45, 34, 46, 17, 47, 20, 40, 15, 37, 6, 38, 28) (1, 2, 9, 18, 32, 19, 11, 7) (25, 26, 33, 42, 8, 43, 35, 31) (0, 5, 3) (24, 29, 27) "
"OP(28,8,7,7)",0,Solved,"0,0740"," (4t+2)","0,0781","(\infty, 4, 5, 7, 2, 11, 15, 32, 13, 3, 16, 44, 21, 42, \infty, 18, 45, 20, 40, 27, 37, 8, 39, 35, 26, 31, 29, 28) (0, 6, 22, 10, 24, 30, 46, 34) (23, 38, 1, 9, 12, 19, 41) (47, 14, 25, 33, 36, 43, 17) "
"OP(4,7,7,4,28)",0,Solved,"0,0860"," (4t+2)","0,0922","(\infty, 1, \infty, 25) (2, 3, 5, 8, 13, 23, 16) (26, 27, 29, 32, 37, 47, 40) (7, 15, 31, 39) (4, 0, 6, 35, 10, 19, 36, 21, 9, 22, 42, 20, 38, 17, 28, 24, 30, 11, 34, 43, 12, 45, 33, 46, 18, 44, 14, 41) "
"OP(4,8,5,5,28)",0,Solved,"0,0420"," (4t+2)","0,0466","(\infty, 1, \infty, 25) (15, 3, 9, 2, 39, 27, 33, 26) (0, 17, 14, 4, 8) (24, 41, 38, 28, 32) (22, 6, 21, 20, 7, 16, 36, 10, 5, 35, 37, 23, 42, 19, 46, 30, 45, 44, 31, 40, 12, 34, 29, 11, 13, 47, 18, 43) "
"OP(28,8,6,4,4)",0,Solved,"0,1560"," (4t+2)","0,1606","(\infty, 1, 37, 2, 8, 3, 4, 6, 44, 10, 14, 11, 29, 21, \infty, 45, 5, 35, 38, 34, 20, 30, 28, 27, 32, 26, 13, 25) (7, 0, 9, 46, 31, 24, 33, 22) (42, 23, 39, 18, 47, 15) (36, 19, 41, 16) (12, 43, 17, 40) "
"OP(28,8,5,5,4)",0,Solved,"0,0750"," (4t+2)","0,0791","(\infty, 26, 33, 20, 17, 16, 35, 43, 31, 36, 22, 13, 45, 30, \infty, 6, 21, 37, 46, 12, 7, 19, 11, 40, 41, 44, 9, 2) (38, 18, 39, 8, 14, 42, 15, 32) (0, 4, 29, 47, 10) (24, 28, 5, 23, 34) (27, 25, 3, 1) "
"OP(4,8,4,28,3,3)",0,Solved,"0,1090"," (4t+2)","0,1136","(\infty, 20, \infty, 44) (0, 8, 13, 34, 24, 32, 37, 10) (1, 2, 25, 26) (18, 38, 22, 36, 5, 9, 15, 41, 23, 35, 6, 3, 40, 7, 42, 14, 46, 12, 29, 33, 39, 17, 47, 11, 30, 27, 16, 31) (43, 4, 45) (19, 28, 21) "
"OP(28,8,4,4,3,3)",0,Solved,"0,0520"," (4t+2)","0,0568","(\infty, 38, 31, 34, 40, 4, 29, 33, 42, 32, 12, 39, 47, 46, \infty, 22, 23, 15, 36, 8, 18, 9, 5, 28, 16, 10, 7, 14) (43, 17, 6, 24, 19, 41, 30, 0) (3, 1, 35, 20) (27, 25, 11, 44) (26, 13, 45) (2, 37, 21) "
"OP(4,7,7,4,28)",0,Solved,"0,0820"," (4t+2)","0,0865","(\infty, 1, \infty, 25) (2, 3, 5, 8, 13, 23, 16) (26, 27, 29, 32, 37, 47, 40) (7, 15, 31, 39) (4, 0, 6, 35, 10, 19, 36, 21, 9, 22, 42, 20, 38, 17, 28, 24, 30, 11, 34, 43, 12, 45, 33, 46, 18, 44, 14, 41) "
"OP(28,7,7,4,4)",0,Solved,"0,0450"," (4t+2)","0,0490","(\infty, 14, 44, 15, 5, 3, 6, 19, 11, 4, 0, 12, 33, 16, \infty, 40, 9, 36, 24, 28, 35, 43, 30, 27, 29, 39, 20, 38) (1, 10, 42, 41, 13, 2, 7) (25, 34, 18, 17, 37, 26, 31) (22, 45, 23, 8) (46, 21, 47, 32) "
"OP(4,6,6,6,28)",0,Solved,"0,0480"," (4t+2)","0,0545","(\infty, 2, \infty, 26) (3, 4, 6, 9, 1, 12) (27, 28, 30, 33, 25, 36) (5, 11, 15, 29, 35, 39) (8, 20, 10, 45, 17, 43, 14, 46, 13, 40, 23, 18, 0, 7, 32, 44, 34, 21, 41, 19, 38, 22, 37, 16, 47, 42, 24, 31) "
"OP(6,6,6,28,4)",0,Solved,"0,0540"," (4t+2)","0,0580","(\infty, 2, 10, \infty, 34, 26) (22, 6, 37, 23, 35, 16) (46, 30, 13, 47, 11, 40) (27, 18, 43, 17, 45, 12, 33, 15, 14, 4, 0, 5, 8, 1, 3, 42, 19, 41, 21, 36, 9, 39, 38, 28, 24, 29, 32, 25) (20, 7, 44, 31) "
"OP(4,6,6,28,3,3)",0,Solved,"0,0570"," (4t+2)","0,0607","(\infty, 8, \infty, 32) (14, 44, 23, 42, 22, 39) (38, 20, 47, 18, 46, 15) (19, 7, 0, 10, 16, 1, 12, 21, 37, 3, 11, 9, 4, 17, 43, 31, 24, 34, 40, 25, 36, 45, 13, 27, 35, 33, 28, 41) (5, 2, 6) (29, 26, 30) "
"OP(6,6,28,5,5)",0,Solved,"0,0500"," (4t+2)","0,0547","(\infty, 14, 42, \infty, 18, 38) (13, 43, 21, 37, 19, 45) (22, 12, 7, 4, 0, 2, 3, 9, 16, 29, 15, 32, 17, 6, 46, 36, 31, 28, 24, 26, 27, 33, 40, 5, 39, 8, 41, 30) (35, 10, 1, 20, 47) (11, 34, 25, 44, 23) "
"OP(6,6,28,4,3,3)",0,Solved,"0,0620"," (4t+2)","0,0663","(\infty, 13, 23, \infty, 47, 37) (12, 4, 10, 36, 28, 34) (11, 42, 17, 2, 43, 7, 3, 21, 1, 20, 15, 6, 5, 8, 35, 18, 41, 26, 19, 31, 27, 45, 25, 44, 39, 30, 29, 32) (22, 9, 46, 33) (0, 14, 16) (24, 38, 40) "
"OP(4,6,4,4,4,28)",0,Solved,"0,0870"," (4t+2)","0,0913","(\infty, 31, \infty, 7) (38, 3, 8, 14, 27, 32) (10, 40, 47, 19) (34, 16, 23, 43) (2, 42, 26, 18) (9, 11, 37, 1, 22, 12, 41, 4, 21, 20, 24, 39, 5, 30, 33, 35, 13, 25, 46, 36, 17, 28, 45, 44, 0, 15, 29, 6) "
"OP(4,6,28,3,3,3,3)",0,Solved,"0,0670"," (4t+2)","0,0721","(\infty, 20, \infty, 44) (1, 13, 38, 25, 37, 14) (23, 3, 18, 4, 8, 16, 46, 17, 39, 12, 9, 10, 19, 30, 47, 27, 42, 28, 32, 40, 22, 41, 15, 36, 33, 34, 43, 6) (11, 5, 21) (35, 29, 45) (7, 2, 0) (31, 26, 24) "
"OP(28,6,6,6,4)",0,Solved,"0,0480"," (4t+2)","0,0521","(\infty, 6, 12, 23, 39, 22, 10, 45, 17, 35, 14, 43, 18, 44, \infty, 20, 42, 19, 38, 11, 41, 21, 34, 46, 15, 47, 36, 30) (1, 2, 4, 7, 16, 8) (25, 26, 28, 31, 40, 32) (9, 5, 0, 33, 29, 24) (3, 13, 27, 37) "
"OP(28,6,6,5,5)",0,Solved,"0,0420"," (4t+2)","0,0457","(\infty, 22, 7, 21, 39, 20, 36, 9, 8, 2, 5, 13, 41, 18, \infty, 42, 17, 37, 29, 26, 32, 33, 12, 44, 15, 45, 31, 46) (4, 14, 40, 23, 11, 0) (28, 38, 16, 47, 35, 24) (1, 6, 19, 10, 3) (25, 30, 43, 34, 27) "
"OP(28,6,6,4,3,3)",0,Solved,"0,0530"," (4t+2)","0,0573","(\infty, 2, 3, 5, 8, 12, 1, 9, 4, 11, 20, 7, 22, 38, \infty, 14, 46, 31, 44, 35, 28, 33, 25, 36, 32, 29, 27, 26) (10, 39, 16, 43, 21, 41) (34, 15, 40, 19, 45, 17) (13, 23, 37, 47) (18, 0, 6) (42, 24, 30) "
"OP(28,6,5,5,3,3)",0,Solved,"0,0480"," (4t+2)","0,0530","(\infty, 11, 44, 19, 45, 15, 42, 23, 10, 9, 5, 13, 6, 1, \infty, 25, 30, 37, 29, 33, 34, 47, 18, 39, 21, 43, 20, 35) (8, 2, 12, 32, 26, 36) (3, 14, 46, 0, 17) (27, 38, 22, 24, 41) (7, 16, 4) (31, 40, 28) "
"OP(4,5,5,4,4,28)",0,Solved,"0,0720"," (4t+2)","0,0762","(\infty, 3, \infty, 27) (4, 5, 7, 13, 9) (28, 29, 31, 37, 33) (30, 18, 1, 19) (6, 42, 25, 43) (26, 11, 8, 15, 23, 46, 20, 36, 16, 45, 10, 0, 14, 41, 2, 35, 32, 39, 47, 22, 44, 12, 40, 21, 34, 24, 38, 17) "
"OP(28,6,4,4,4,4)",0,Solved,"0,0540"," (4t+2)","0,0584","(\infty, 4, 5, 7, 2, 11, 45, 19, 40, 3, 15, 46, 23, 42, \infty, 18, 47, 22, 39, 27, 16, 43, 21, 35, 26, 31, 29, 28) (0, 6, 34, 24, 30, 10) (14, 32, 17, 1) (38, 8, 41, 25) (9, 12, 20, 13) (33, 36, 44, 37) "
"OP(28,6,4,3,3,3,3)",0,Solved,"0,0980"," (4t+2)","0,1040","(\infty, 15, 43, 14, 8, 35, 46, 5, 23, 13, 4, 16, 20, 33, \infty, 9, 44, 40, 28, 37, 47, 29, 22, 11, 32, 38, 19, 39) (6, 21, 7, 30, 45, 31) (18, 2, 42, 26) (17, 12, 34) (41, 36, 10) (3, 0, 1) (27, 24, 25) "
"OP(4,4,4,5,5,28)",0,Solved,"0,0520"," (4t+2)","0,0559","(\infty, 5, \infty, 29) (7, 15, 32, 42) (31, 39, 8, 18) (4, 6, 9, 14, 0) (28, 30, 33, 38, 24) (2, 3, 10, 16, 46, 37, 21, 43, 23, 35, 12, 1, 20, 41, 26, 27, 34, 40, 22, 13, 45, 19, 47, 11, 36, 25, 44, 17) "
"OP(28,5,5,4,4,4)",0,Solved,"0,1060"," (4t+2)","0,1101","(\infty, 11, 5, 20, 4, 3, 21, 7, 0, 46, 9, 6, 23, 43, \infty, 19, 47, 30, 33, 22, 24, 31, 45, 27, 28, 44, 29, 35) (2, 42, 17, 8, 12) (26, 18, 41, 32, 36) (1, 14, 40, 13) (25, 38, 16, 37) (10, 15, 34, 39) "
"OP(28,5,5,3,3,3,3)",0,Solved,"0,0580"," (4t+2)","0,0614","(\infty, 5, 2, 23, 1, 17, 8, 4, 15, 3, 22, 7, 21, 11, \infty, 35, 45, 31, 46, 27, 39, 28, 32, 41, 25, 47, 26, 29) (10, 9, 14, 42, 40) (34, 33, 38, 18, 16) (6, 0, 13) (30, 24, 37) (20, 12, 43) (44, 36, 19) "
"OP(4,4,4,4,28,3,3)",0,Solved,"0,0400"," (4t+2)","0,0440","(\infty, 5, \infty, 29) (28, 42, 9, 38) (4, 18, 33, 14) (41, 40, 17, 16) (22, 6, 36, 47, 43, 35, 13, 34, 31, 26, 20, 3, 39, 0, 46, 30, 12, 23, 19, 11, 37, 10, 7, 2, 44, 27, 15, 24) (32, 25, 45) (8, 1, 21) "
"OP(28,4,4,4,4,3,3)",0,Solved,"0,0470"," (4t+2)","0,0518","(\infty, 39, 16, 45, 14, 46, 33, 18, 8, 20, 34, 13, 41, 23, \infty, 47, 17, 37, 10, 44, 32, 42, 9, 22, 38, 21, 40, 15) (1, 2, 11, 7) (25, 26, 35, 31) (19, 30, 4, 12) (43, 6, 28, 36) (0, 5, 3) (24, 29, 27) "
"OP(28,4,3,3,3,3,3,3)",0,Solved,"0,2010"," (4t+2)","0,2058","(\infty, 8, 5, 3, 9, 22, 11, 2, 10, 20, 38, 17, 43, 18, \infty, 42, 19, 41, 14, 44, 34, 26, 35, 46, 33, 27, 29, 32) (0, 4, 24, 28) (36, 21, 7) (12, 45, 31) (13, 6, 1) (37, 30, 25) (16, 47, 15) (40, 23, 39) "
"OP(4,20,26)",0,Solved,"0,0470"," (4t+2)","0,0512","(\infty, 21, \infty, 45) (46, 16, 36, 17, 7, 23, 11, 38, 13, 44, 22, 40, 12, 41, 31, 47, 35, 14, 37, 20) (42, 8, 1, 2, 10, 19, 30, 15, 9, 4, 0, 3, 5, 18, 32, 25, 26, 34, 43, 6, 39, 33, 28, 24, 27, 29) "
"OP(20,26,4)",0,Solved,"0,0500"," (4t+2)","0,0551","(\infty, 40, 8, 6, 20, 21, 47, 4, 19, 12, \infty, 36, 43, 28, 23, 45, 44, 30, 32, 16) (0, 11, 46, 18, 9, 13, 3, 39, 14, 41, 10, 2, 5, 24, 35, 22, 42, 33, 37, 27, 15, 38, 17, 34, 26, 29) (31, 1, 7, 25) "
"OP(6,18,26)",0,Solved,"0,1630"," (4t+2)","0,1668","(\infty, 8, 20, \infty, 44, 32) (18, 13, 3, 23, 1, 14, 43, 2, 11, 42, 37, 27, 47, 25, 38, 19, 26, 35) (9, 15, 0, 21, 5, 7, 4, 12, 46, 16, 17, 6, 10, 33, 39, 24, 45, 29, 31, 28, 36, 22, 40, 41, 30, 34) "
"OP(18,26,6)",0,Solved,"0,0490"," (4t+2)","0,0535","(\infty, 1, 4, 10, 3, 2, 0, 5, 9, \infty, 33, 29, 24, 26, 27, 34, 28, 25) (19, 8, 44, 21, 41, 23, 14, 6, 16, 31, 18, 37, 11, 43, 32, 20, 45, 17, 47, 38, 30, 40, 7, 42, 13, 35) (15, 46, 12, 39, 22, 36) "
"OP(18,26,3,3)",0,Solved,"0,0470"," (4t+2)","0,0516","(\infty, 5, 10, 18, 7, 17, 33, 16, 39, \infty, 15, 40, 9, 41, 31, 42, 34, 29) (4, 0, 2, 3, 6, 12, 21, 47, 19, 37, 22, 35, 14, 28, 24, 26, 27, 30, 36, 45, 23, 43, 13, 46, 11, 38) (1, 20, 8) (25, 44, 32) "
"OP(8,16,26)",0,Solved,"0,0480"," (4t+2)","0,0527","(\infty, 1, 4, 11, \infty, 35, 28, 25) (3, 2, 0, 5, 9, 15, 6, 14, 27, 26, 24, 29, 33, 39, 30, 38) (20, 32, 17, 7, 18, 34, 13, 43, 12, 46, 23, 45, 16, 44, 8, 41, 31, 42, 10, 37, 19, 36, 22, 47, 21, 40) "
"OP(4,16,4,26)",0,Solved,"0,0530"," (4t+2)","0,0575","(\infty, 22, \infty, 46) (9, 5, 6, 3, 12, 42, 11, 4, 33, 29, 30, 27, 36, 18, 35, 28) (0, 14, 24, 38) (19, 17, 1, 16, 39, 13, 7, 2, 10, 21, 8, 44, 23, 43, 41, 25, 40, 15, 37, 31, 26, 34, 45, 32, 20, 47) "
"OP(16,26,8)",0,Solved,"0,0620"," (4t+2)","0,0665","(\infty, 33, 14, 40, 12, 46, 15, 45, \infty, 21, 39, 22, 36, 16, 38, 9) (47, 20, 7, 17, 32, 43, 18, 10, 3, 2, 0, 6, 11, 23, 44, 31, 41, 8, 19, 42, 34, 27, 26, 24, 30, 35) (5, 1, 4, 13, 29, 25, 28, 37) "
"OP(27,15,5,3)",,Infeasible,,Table config is not valid,,
"OP(16,26,4,4)",0,Solved,"0,0560"," (4t+2)","0,0603","(\infty, 38, 8, 37, 20, 45, 18, 40, \infty, 16, 42, 21, 44, 13, 32, 14) (43, 23, 35, 22, 12, 6, 1, 2, 10, 17, 31, 15, 4, 19, 47, 11, 46, 36, 30, 25, 26, 34, 41, 7, 39, 28) (9, 0, 3, 5) (33, 24, 27, 29) "
"OP(10,14,26)",0,Solved,"0,0540"," (4t+2)","0,0578","(\infty, 2, 4, 5, 10, \infty, 34, 29, 28, 26) (7, 17, 37, 16, 27, 9, 18, 31, 41, 13, 40, 3, 33, 42) (45, 19, 22, 38, 15, 23, 6, 0, 12, 8, 1, 20, 35, 21, 43, 46, 14, 39, 47, 30, 24, 36, 32, 25, 44, 11) "
"OP(4,14,6,26)",0,Solved,"0,0470"," (4t+2)","0,0507","(\infty, 16, \infty, 40) (42, 13, 5, 3, 6, 11, 43, 18, 37, 29, 27, 30, 35, 19) (4, 0, 15, 28, 24, 39) (8, 7, 1, 10, 38, 21, 9, 2, 12, 23, 41, 20, 46, 32, 31, 25, 34, 14, 45, 33, 26, 36, 47, 17, 44, 22) "
"OP(6,14,26,4)",0,Solved,"0,0430"," (4t+2)","0,0479","(\infty, 18, 6, \infty, 30, 42) (22, 36, 11, 40, 19, 37, 20, 46, 12, 35, 16, 43, 13, 44) (39, 23, 14, 8, 1, 2, 4, 7, 27, 17, 9, 5, 0, 15, 47, 38, 32, 25, 26, 28, 31, 3, 41, 33, 29, 24) (21, 10, 45, 34) "
"OP(4,14,26,3,3)",0,Solved,"0,0570"," (4t+2)","0,0625","(\infty, 18, \infty, 42) (23, 8, 2, 5, 16, 39, 17, 47, 32, 26, 29, 40, 15, 41) (9, 38, 22, 43, 12, 0, 10, 6, 1, 3, 11, 4, 13, 33, 14, 46, 19, 36, 24, 34, 30, 25, 27, 35, 28, 37) (20, 7, 21) (44, 31, 45) "
"OP(14,26,10)",0,Solved,"0,0840"," (4t+2)","0,0891","(\infty, 17, 2, 3, 1, 13, 31, \infty, 7, 37, 25, 27, 26, 41) (47, 16, 38, 10, 42, 15, 4, 45, 5, 8, 12, 22, 9, 23, 40, 14, 34, 18, 39, 28, 21, 29, 32, 36, 46, 33) (43, 20, 11, 6, 0, 19, 44, 35, 30, 24) "
"OP(27,13,7,3)",,Infeasible,,Table config is not valid,,
"OP(14,26,6,4)",0,Solved,"0,0590"," (4t+2)","0,0636","(\infty, 8, 19, 45, 15, 6, 20, \infty, 44, 30, 39, 21, 43, 32) (14, 7, 47, 42, 11, 1, 16, 41, 9, 13, 0, 12, 10, 38, 31, 23, 18, 35, 25, 40, 17, 33, 37, 24, 36, 34) (4, 3, 22, 28, 27, 46) (2, 5, 26, 29) "
"OP(14,26,5,5)",0,Solved,"0,0470"," (4t+2)","0,0512","(\infty, \infty, 23, 13, 32, 16, 4, 17, 41, 28, 40, 8, 37, 47) (22, 44, 21, 10, 30, 15, 7, 1, 2, 11, 18, 36, 19, 46, 20, 45, 34, 6, 39, 31, 25, 26, 35, 42, 12, 43) (9, 14, 0, 3, 5) (33, 38, 24, 27, 29) "
"OP(14,26,4,3,3)",0,Solved,"0,0460"," (4t+2)","0,0503","(\infty, 4, 14, 30, 13, 40, 22, \infty, 46, 16, 37, 6, 38, 28) (21, 41, 15, 34, 19, 11, 7, 1, 2, 9, 18, 32, 20, 45, 17, 39, 10, 43, 35, 31, 25, 26, 33, 42, 8, 44) (12, 23, 36, 47) (0, 5, 3) (24, 29, 27) "
"OP(12,12,26)",0,Solved,"0,0660"," (4t+2)","0,0705","(\infty, 0, 7, 18, 41, 22, \infty, 46, 17, 42, 31, 24) (1, 9, 3, 12, 15, 43, 25, 33, 27, 36, 39, 19) (2, 23, 11, 44, 13, 45, 10, 5, 6, 8, 4, 14, 40, 26, 47, 35, 20, 37, 21, 34, 29, 30, 32, 28, 38, 16) "
"OP(4,12,8,26)",0,Solved,"0,0520"," (4t+2)","0,0561","(\infty, 1, \infty, 25) (2, 3, 9, 5, 13, 11, 26, 27, 33, 29, 37, 35) (6, 18, 45, 17, 30, 42, 21, 41) (10, 0, 7, 4, 47, 8, 19, 36, 14, 46, 16, 39, 20, 34, 24, 31, 28, 23, 32, 43, 12, 38, 22, 40, 15, 44) "
"OP(8,12,26,4)",0,Solved,"0,0920"," (4t+2)","0,0961","(\infty, 37, 15, 33, \infty, 9, 39, 13) (1, 44, 8, 31, 2, 36, 25, 20, 32, 7, 26, 12) (43, 35, 18, 34, 21, 17, 27, 30, 28, 0, 47, 40, 46, 19, 11, 42, 10, 45, 41, 3, 6, 4, 24, 23, 16, 22) (29, 38, 5, 14) "
"OP(6,12,6,26)",0,Solved,"0,0560"," (4t+2)","0,0601","(\infty, 42, 14, \infty, 38, 18) (13, 5, 3, 6, 11, 22, 37, 29, 27, 30, 35, 46) (4, 0, 16, 28, 24, 40) (8, 7, 1, 10, 41, 23, 9, 2, 12, 39, 20, 45, 19, 32, 31, 25, 34, 17, 47, 33, 26, 36, 15, 44, 21, 43) "
"OP(6,12,26,3,3)",0,Solved,"0,1670"," (4t+2)","0,1714","(\infty, 21, 47, \infty, 23, 45) (43, 10, 7, 1, 6, 40, 19, 34, 31, 25, 30, 16) (44, 9, 0, 18, 41, 22, 12, 5, 3, 11, 39, 8, 4, 20, 33, 24, 42, 17, 46, 36, 29, 27, 35, 15, 32, 28) (2, 14, 13) (26, 38, 37) "
"OP(4,12,4,4,26)",0,Solved,"0,0510"," (4t+2)","0,0554","(\infty, 12, \infty, 36) (35, 16, 37, 17, 7, 23, 11, 40, 13, 41, 31, 47) (44, 22, 45, 14) (20, 46, 21, 38) (42, 8, 1, 2, 10, 19, 30, 15, 9, 4, 0, 3, 5, 18, 32, 25, 26, 34, 43, 6, 39, 33, 28, 24, 27, 29) "
"OP(27,11,9,3)",,Infeasible,,Table config is not valid,,
"OP(12,26,8,4)",0,Solved,"0,0480"," (4t+2)","0,0521","(\infty, 14, 32, 18, 45, 16, \infty, 40, 21, 42, 8, 38) (19, 12, 7, 4, 0, 2, 3, 9, 17, 34, 47, 22, 6, 43, 36, 31, 28, 24, 26, 27, 33, 41, 10, 23, 46, 30) (15, 35, 13, 1, 39, 11, 37, 25) (20, 5, 44, 29) "
"OP(27,11,7,5)",,Infeasible,,Table config is not valid,,
"OP(12,26,6,6)",0,Solved,"0,0500"," (4t+2)","0,0543","(\infty, 36, 16, 4, 17, 44, \infty, 20, 41, 28, 40, 12) (13, 39, 22, 47, 18, 34, 19, 8, 1, 2, 11, 21, 7, 37, 15, 46, 23, 42, 10, 43, 32, 25, 26, 35, 45, 31) (9, 14, 6, 0, 3, 5) (33, 38, 30, 24, 27, 29) "
"OP(12,26,6,3,3)",0,Solved,"0,1910"," (4t+2)","0,1953","(\infty, 47, 40, 11, 6, 3, \infty, 27, 30, 35, 16, 23) (19, 2, 8, 10, 22, 0, 9, 37, 5, 1, 41, 7, 20, 43, 26, 32, 34, 46, 24, 33, 13, 29, 25, 17, 31, 44) (18, 45, 12, 42, 21, 36) (4, 15, 14) (28, 39, 38) "
"OP(27,11,5,4,3)",,Infeasible,,Table config is not valid,,
"OP(12,26,4,4,4)",0,Solved,"0,0420"," (4t+2)","0,0475","(\infty, 4, 7, 11, 6, 18, \infty, 42, 30, 35, 31, 28) (17, 33, 16, 27, 13, 43, 21, 46, 36, 23, 15, 34, 14, 41, 9, 40, 3, 37, 19, 45, 22, 12, 47, 39, 10, 38) (0, 2, 8, 1) (24, 26, 32, 25) (20, 5, 44, 29) "
"OP(12,26,3,3,3,3)",0,Solved,"0,0400"," (4t+2)","0,0443","(\infty, 4, 14, 30, 17, 46, \infty, 22, 41, 6, 38, 28) (44, 21, 39, 13, 34, 19, 11, 7, 1, 2, 9, 18, 32, 20, 45, 15, 37, 10, 43, 35, 31, 25, 26, 33, 42, 8) (23, 12, 40) (47, 36, 16) (0, 5, 3) (24, 29, 27) "
"OP(4,10,10,26)",0,Solved,"0,0480"," (4t+2)","0,0519","(\infty, 21, \infty, 45) (46, 16, 36, 17, 7, 23, 35, 14, 37, 20) (22, 40, 12, 41, 31, 47, 11, 38, 13, 44) (42, 8, 1, 2, 10, 19, 30, 15, 9, 4, 0, 3, 5, 18, 32, 25, 26, 34, 43, 6, 39, 33, 28, 24, 27, 29) "
"OP(10,10,26,4)",0,Solved,"0,0500"," (4t+2)","0,0538","(\infty, 2, 4, 5, 10, \infty, 34, 29, 28, 26) (13, 31, 45, 16, 27, 37, 7, 21, 40, 3) (9, 22, 19, 42, 14, 41, 15, 23, 6, 0, 12, 8, 1, 33, 46, 43, 18, 38, 17, 39, 47, 30, 24, 36, 32, 25) (20, 11, 44, 35) "
"OP(6,10,8,26)",0,Solved,"0,0830"," (4t+2)","0,0875","(\infty, 27, 45, \infty, 21, 3) (5, 24, 47, 34, 43, 29, 0, 23, 10, 19) (38, 39, 32, 35, 14, 15, 8, 11) (33, 2, 30, 4, 42, 31, 37, 25, 40, 36, 44, 46, 41, 9, 26, 6, 28, 18, 7, 13, 1, 16, 12, 20, 22, 17) "
"OP(8,10,26,6)",0,Solved,"0,0680"," (4t+2)","0,0744","(\infty, 41, 43, 27, \infty, 3, 19, 17) (29, 4, 35, 24, 46, 5, 28, 11, 0, 22) (38, 44, 34, 25, 45, 33, 6, 7, 40, 36, 2, 37, 32, 14, 20, 10, 1, 21, 9, 30, 31, 16, 12, 26, 13, 8) (42, 39, 47, 18, 15, 23) "
"OP(8,10,26,3,3)",0,Solved,"0,1650"," (4t+2)","0,1699","(\infty, 0, 16, 36, \infty, 12, 40, 24) (39, 22, 14, 8, 3, 15, 46, 38, 32, 27) (17, 4, 7, 5, 23, 37, 18, 43, 21, 6, 2, 9, 20, 41, 28, 31, 29, 47, 13, 42, 19, 45, 30, 26, 33, 44) (1, 11, 10) (25, 35, 34) "
"OP(4,10,6,4,26)",0,Solved,"0,0980"," (4t+2)","0,1023","(\infty, 19, \infty, 43) (8, 0, 1, 3, 39, 32, 24, 25, 27, 15) (2, 5, 9, 26, 29, 33) (4, 10, 28, 34) (7, 12, 21, 11, 46, 20, 47, 13, 42, 14, 30, 41, 16, 31, 36, 45, 35, 22, 44, 23, 37, 18, 38, 6, 17, 40) "
"OP(4,10,5,5,26)",0,Solved,"0,0440"," (4t+2)","0,0474","(\infty, 1, \infty, 25) (2, 3, 9, 5, 13, 26, 27, 33, 29, 37) (6, 17, 15, 35, 18) (30, 41, 39, 11, 42) (10, 0, 7, 4, 47, 8, 22, 38, 20, 43, 16, 45, 12, 34, 24, 31, 28, 23, 32, 46, 14, 44, 19, 40, 21, 36) "
"OP(6,10,26,4,4)",0,Solved,"0,0890"," (4t+2)","0,0935","(\infty, 0, 14, \infty, 38, 24) (2, 23, 15, 43, 10, 26, 47, 39, 19, 34) (5, 12, 22, 4, 1, 3, 9, 18, 40, 11, 7, 6, 17, 29, 36, 46, 28, 25, 27, 33, 42, 16, 35, 31, 30, 41) (44, 21, 8, 13) (20, 45, 32, 37) "
"OP(4,10,4,26,3,3)",0,Solved,"0,1350"," (4t+2)","0,1393","(\infty, 13, \infty, 37) (6, 5, 22, 43, 8, 30, 29, 46, 19, 32) (14, 4, 38, 28) (3, 10, 18, 0, 11, 9, 21, 12, 7, 1, 17, 2, 47, 27, 34, 42, 24, 35, 33, 45, 36, 31, 25, 41, 26, 23) (15, 44, 40) (39, 20, 16) "
"OP(6,9,9,26)",0,Solved,"0,0460"," (4t+2)","0,0497","(\infty, 42, 26, \infty, 2, 18) (46, 39, 41, 38, 5, 28, 0, 34, 35) (22, 15, 17, 14, 29, 4, 24, 10, 11) (37, 19, 27, 36, 23, 44, 8, 30, 1, 7, 45, 40, 9, 13, 43, 3, 12, 47, 20, 32, 6, 25, 31, 21, 16, 33) "
"OP(10,26,8,6)",0,Solved,"0,0600"," (4t+2)","0,0634","(\infty, 3, 4, 6, 9, \infty, 33, 30, 28, 27) (22, 45, 17, 5, 1, 15, 26, 13, 8, 14, 23, 42, 16, 46, 21, 41, 29, 25, 39, 2, 37, 32, 38, 47, 18, 40) (36, 19, 35, 20, 12, 43, 11, 44) (0, 7, 34, 24, 31, 10) "
"OP(10,26,8,3,3)",0,Solved,"0,2830"," (4t+2)","0,2873","(\infty, 2, 3, 5, 8, \infty, 32, 29, 27, 26) (33, 20, 13, 21, 43, 23, 14, 4, 0, 17, 31, 15, 42, 9, 44, 37, 45, 19, 47, 38, 28, 24, 41, 7, 39, 18) (10, 35, 16, 46, 34, 11, 40, 22) (6, 1, 12) (30, 25, 36) "
"OP(10,26,7,7)",0,Solved,"0,0590"," (4t+2)","0,0725","(\infty, 4, 5, 7, 2, \infty, 26, 31, 29, 28) (8, 11, 41, 12, 3, 15, 47, 13, 6, 0, 10, 14, 45, 32, 35, 17, 36, 27, 39, 23, 37, 30, 24, 34, 38, 21) (42, 16, 1, 9, 20, 43, 22) (18, 40, 25, 33, 44, 19, 46) "
"OP(27,9,7,4,3)",,Infeasible,,Table config is not valid,,
"OP(27,9,6,5,3)",,Infeasible,,Table config is not valid,,
"OP(10,26,6,4,4)",0,Solved,"0,0580"," (4t+2)","0,0639","(\infty, 5, 18, 10, 43, \infty, 19, 34, 42, 29) (41, 21, 12, 7, 4, 0, 2, 3, 9, 16, 38, 15, 47, 17, 45, 36, 31, 28, 24, 26, 27, 33, 40, 14, 39, 23) (22, 8, 35, 46, 32, 11) (13, 1, 20, 30) (37, 25, 44, 6) "
"OP(10,26,5,5,4)",0,Solved,"0,0470"," (4t+2)","0,0517","(\infty, 6, 22, 42, 8, \infty, 32, 18, 46, 30) (40, 19, 12, 7, 4, 0, 2, 3, 9, 17, 47, 10, 39, 16, 43, 36, 31, 28, 24, 26, 27, 33, 41, 23, 34, 15) (14, 45, 35, 13, 1) (38, 21, 11, 37, 25) (20, 5, 44, 29) "
"OP(27,9,5,3,3,3)",,Infeasible,,Table config is not valid,,
"OP(10,26,4,4,3,3)",0,Solved,"0,0640"," (4t+2)","0,0680","(\infty, 3, 4, 6, 9, \infty, 33, 30, 28, 27) (5, 22, 34, 15, 1, 16, 26, 13, 8, 14, 23, 43, 21, 29, 46, 10, 39, 25, 40, 2, 37, 32, 38, 47, 19, 45) (36, 18, 41, 20) (12, 42, 17, 44) (0, 7, 11) (24, 31, 35) "
"OP(8,8,8,26)",0,Solved,"0,1670"," (4t+2)","0,1724","(\infty, 25, 14, 41, \infty, 17, 38, 1) (0, 9, 5, 6, 40, 8, 10, 13) (24, 33, 29, 30, 16, 32, 34, 37) (4, 23, 43, 7, 22, 45, 15, 20, 27, 35, 18, 12, 2, 28, 47, 19, 31, 46, 21, 39, 44, 3, 11, 42, 36, 26) "
"OP(4,8,8,4,26)",0,Solved,"0,0420"," (4t+2)","0,0456","(\infty, \infty, 23, 47) (9, 5, 6, 3, 12, 31, 14, 4) (33, 29, 30, 27, 36, 7, 38, 28) (0, 11, 24, 35) (43, 16, 1, 13, 45, 15, 8, 2, 10, 44, 22, 42, 17, 19, 40, 25, 37, 21, 39, 32, 26, 34, 20, 46, 18, 41) "
"OP(27,8,7,5,3)",,Infeasible,,Table config is not valid,,
"OP(8,8,26,4,4)",0,Solved,"0,0970"," (4t+2)","0,1002","(\infty, 17, 2, 3, \infty, 27, 26, 41) (1, 6, 8, 34, 25, 30, 32, 10) (13, 47, 19, 38, 15, 5, 45, 9, 12, 18, 35, 46, 16, 37, 23, 43, 14, 39, 29, 21, 33, 36, 42, 11, 22, 40) (4, 20, 7, 0) (28, 44, 31, 24) "
"OP(4,8,6,6,26)",0,Solved,"0,0380"," (4t+2)","0,0420","(\infty, 40, \infty, 16) (31, 38, 43, 28, 7, 14, 19, 4) (46, 27, 35, 34, 24, 42) (22, 3, 11, 10, 0, 18) (37, 5, 30, 39, 33, 2, 36, 25, 47, 45, 32, 44, 41, 13, 29, 6, 15, 9, 26, 12, 1, 23, 21, 8, 20, 17) "
"OP(6,8,6,26,4)",0,Solved,"0,0530"," (4t+2)","0,0576","(\infty, 2, 4, \infty, 28, 26) (5, 6, 11, 42, 29, 30, 35, 18) (19, 16, 27, 43, 40, 3) (10, 31, 21, 46, 17, 37, 15, 23, 9, 0, 12, 8, 1, 34, 7, 45, 22, 41, 13, 39, 47, 33, 24, 36, 32, 25) (20, 14, 44, 38) "
"OP(4,8,6,26,3,3)",0,Solved,"0,0520"," (4t+2)","0,0562","(\infty, 2, \infty, 26) (4, 5, 7, 13, 28, 29, 31, 37) (6, 23, 16, 30, 47, 40) (27, 45, 22, 34, 42, 14, 41, 15, 19, 9, 0, 11, 8, 3, 21, 46, 10, 18, 38, 17, 39, 43, 33, 24, 35, 32) (1, 20, 36) (25, 44, 12) "
"OP(6,8,26,5,5)",0,Solved,"0,0440"," (4t+2)","0,0473","(\infty, 15, 17, \infty, 41, 39) (1, 14, 32, 11, 25, 38, 8, 35) (4, 13, 2, 7, 45, 23, 22, 19, 36, 20, 16, 24, 5, 28, 37, 26, 31, 21, 47, 46, 43, 12, 44, 40, 0, 29) (42, 30, 10, 3, 9) (18, 6, 34, 27, 33) "
"OP(6,8,26,4,3,3)",0,Solved,"0,1500"," (4t+2)","0,1547","(\infty, 18, 46, \infty, 22, 42) (35, 12, 41, 3, 11, 36, 17, 27) (44, 23, 37, 15, 6, 5, 1, 14, 9, 45, 8, 2, 4, 20, 47, 13, 39, 30, 29, 25, 38, 33, 21, 32, 26, 28) (0, 7, 24, 31) (10, 43, 40) (34, 19, 16) "
"OP(4,8,4,4,4,26)",0,Solved,"0,0430"," (4t+2)","0,0466","(\infty, 2, \infty, 26) (43, 9, 5, 8, 19, 33, 29, 32) (4, 11, 6, 14) (28, 35, 30, 38) (0, 23, 24, 47) (22, 37, 20, 7, 1, 17, 15, 3, 12, 34, 16, 45, 18, 46, 13, 44, 31, 25, 41, 39, 27, 36, 10, 40, 21, 42) "
"OP(4,8,26,3,3,3,3)",0,Solved,"0,1080"," (4t+2)","0,1122","(\infty, 5, \infty, 29) (12, 10, 18, 47, 36, 34, 42, 23) (22, 15, 20, 41, 21, 6, 37, 19, 3, 9, 0, 25, 11, 46, 39, 44, 17, 45, 30, 13, 43, 27, 33, 24, 1, 35) (8, 7, 4) (32, 31, 28) (26, 16, 38) (2, 40, 14) "
"OP(4,7,7,6,26)",0,Solved,"0,0130"," (4t+2)","0,0174","(\infty, 29, \infty, 5) (16, 30, 13, 11, 15, 7, 42) (40, 6, 37, 35, 39, 31, 18) (24, 45, 36, 0, 21, 12) (3, 2, 22, 47, 17, 33, 14, 8, 19, 4, 1, 44, 34, 27, 26, 46, 23, 41, 9, 38, 32, 43, 28, 25, 20, 10) "
"OP(6,7,7,26,4)",0,Solved,"0,2430"," (4t+2)","0,2466","(\infty, 3, 5, \infty, 29, 27) (6, 0, 7, 15, 2, 23, 9) (30, 24, 31, 39, 26, 47, 33) (4, 8, 38, 12, 44, 13, 46, 41, 21, 10, 1, 11, 40, 28, 32, 14, 36, 20, 37, 22, 17, 45, 34, 25, 35, 16) (18, 43, 42, 19) "
"OP(4,7,7,26,3,3)",0,Solved,"0,1250"," (4t+2)","0,1283","(\infty, 2, \infty, 26) (33, 3, 4, 6, 10, 13, 19) (9, 27, 28, 30, 34, 37, 43) (8, 17, 5, 0, 7, 20, 36, 21, 40, 18, 38, 1, 11, 32, 41, 29, 24, 31, 44, 12, 45, 16, 42, 14, 25, 35) (15, 23, 46) (39, 47, 22) "
"OP(8,26,6,6,4)",0,Solved,"0,1310"," (4t+2)","0,1357","(\infty, 46, 16, 30, \infty, 6, 40, 22) (23, 38, 19, 41, 32, 5, 7, 44, 4, 3, 9, 2, 15, 47, 14, 43, 17, 8, 29, 31, 20, 28, 27, 33, 26, 39) (18, 13, 10, 0, 12, 35) (42, 37, 34, 24, 36, 11) (21, 1, 45, 25) "
"OP(8,26,6,5,5)",0,Solved,"0,2080"," (4t+2)","0,2138","(\infty, 14, 0, 12, \infty, 36, 24, 38) (9, 2, 4, 13, 39, 18, 19, 8, 23, 40, 22, 45, 17, 33, 26, 28, 37, 15, 42, 43, 32, 47, 16, 46, 21, 41) (6, 3, 11, 30, 27, 35) (5, 10, 20, 7, 1) (29, 34, 44, 31, 25) "
"OP(8,26,6,4,3,3)",0,Solved,"0,1500"," (4t+2)","0,1539","(\infty, 15, 17, 7, \infty, 31, 41, 39) (21, 8, 23, 43, 40, 22, 1, 9, 5, 42, 13, 4, 20, 45, 32, 47, 19, 16, 46, 25, 33, 29, 18, 37, 28, 44) (2, 14, 0, 26, 38, 24) (3, 10, 27, 34) (12, 6, 11) (36, 30, 35) "
"OP(8,26,5,5,3,3)",0,Solved,"0,0810"," (4t+2)","0,0853","(\infty, 20, 35, 22, \infty, 46, 11, 44) (39, 0, 28, 27, 25, 47, 42, 13, 29, 36, 19, 7, 45, 15, 24, 4, 3, 1, 23, 18, 37, 5, 12, 43, 31, 21) (10, 14, 41, 30, 33) (34, 38, 17, 6, 9) (40, 32, 26) (16, 8, 2) "
"OP(27,7,5,4,4,3)",,Infeasible,,Table config is not valid,,
"OP(8,26,4,4,4,4)",0,Solved,"0,0510"," (4t+2)","0,0561","(\infty, 5, 11, 19, \infty, 43, 35, 29) (20, 38, 23, 45, 22, 8, 1, 2, 7, 9, 18, 34, 13, 44, 14, 47, 21, 46, 32, 25, 26, 31, 33, 42, 10, 37) (16, 6, 17, 36) (40, 30, 41, 12) (0, 4, 39, 3) (24, 28, 15, 27) "
"OP(8,26,4,3,3,3,3)",0,Solved,"0,0650"," (4t+2)","0,0692","(\infty, 3, 42, 41, \infty, 17, 18, 27) (46, 40, 33, 7, 37, 2, 38, 1, 35, 39, 34, 24, 43, 22, 16, 9, 31, 13, 26, 14, 25, 11, 15, 10, 0, 19) (36, 44, 12, 20) (45, 47, 30) (21, 23, 6) (4, 32, 29) (28, 8, 5) "
"OP(6,6,6,6,26)",0,Solved,"0,1730"," (4t+2)","0,1785","(\infty, 41, 23, \infty, 47, 17) (2, 1, 11, 22, 13, 7) (26, 25, 35, 46, 37, 31) (19, 38, 12, 43, 14, 36) (6, 4, 0, 3, 10, 18, 32, 5, 21, 33, 20, 40, 15, 30, 28, 24, 27, 34, 42, 8, 29, 45, 9, 44, 16, 39) "
"OP(6,6,6,26,3,3)",0,Solved,"0,1220"," (4t+2)","0,1261","(\infty, 46, 20, \infty, 44, 22) (18, 36, 8, 1, 15, 10) (42, 12, 32, 25, 39, 34) (14, 47, 35, 19, 6, 0, 9, 5, 7, 28, 45, 16, 41, 38, 23, 11, 43, 30, 24, 33, 29, 31, 4, 21, 40, 17) (13, 3, 2) (37, 27, 26) "
"OP(4,6,6,4,4,26)",0,Solved,"0,0390"," (4t+2)","0,0438","(\infty, 2, \infty, 26) (3, 4, 6, 9, 1, 12) (27, 28, 30, 33, 25, 36) (5, 11, 32, 15) (29, 35, 8, 39) (16, 20, 45, 10, 46, 14, 43, 17, 37, 23, 18, 0, 7, 40, 44, 21, 34, 22, 38, 19, 41, 13, 47, 42, 24, 31) "
"OP(4,6,5,5,4,26)",0,Solved,"0,0500"," (4t+2)","0,0536","(\infty, 18, \infty, 42) (16, 47, 19, 40, 23, 43) (3, 13, 9, 6, 4) (27, 37, 33, 30, 28) (0, 5, 24, 29) (39, 7, 1, 14, 36, 22, 11, 2, 10, 17, 32, 20, 45, 15, 31, 25, 38, 12, 46, 35, 26, 34, 41, 8, 44, 21) "
"OP(6,6,26,4,4,4)",0,Solved,"0,0510"," (4t+2)","0,0549","(\infty, 32, 42, \infty, 18, 8) (37, 1, 40, 13, 25, 16) (31, 24, 46, 33, 3, 36, 30, 44, 47, 43, 41, 4, 35, 7, 0, 22, 9, 27, 12, 6, 20, 23, 19, 17, 28, 11) (34, 26, 45, 29) (10, 2, 21, 5) (39, 38, 15, 14) "
"OP(6,6,26,3,3,3,3)",0,Solved,"0,0580"," (4t+2)","0,0623","(\infty, 7, 47, \infty, 23, 31) (13, 43, 8, 37, 19, 32) (10, 16, 12, 5, 20, 11, 0, 1, 22, 45, 14, 9, 6, 34, 40, 36, 29, 44, 35, 24, 25, 46, 21, 38, 33, 30) (4, 18, 2) (28, 42, 26) (15, 41, 3) (39, 17, 27) "
"OP(4,6,4,4,26,3,3)",0,Solved,"0,0500"," (4t+2)","0,0543","(\infty, 2, \infty, 26) (3, 4, 6, 27, 28, 30) (7, 1, 17, 10) (31, 25, 41, 34) (8, 12, 20, 9, 19, 39, 22, 37, 14, 40, 21, 35, 23, 32, 36, 44, 33, 43, 15, 46, 13, 38, 16, 45, 11, 47) (18, 0, 5) (42, 24, 29) "
"OP(4,5,5,5,5,26)",0,Solved,"0,0470"," (4t+2)","0,0518","(\infty, 1, \infty, 25) (8, 3, 6, 2, 0) (32, 27, 30, 26, 24) (31, 4, 5, 11, 18) (7, 28, 29, 35, 42) (13, 46, 34, 20, 9, 19, 36, 14, 23, 39, 21, 40, 17, 37, 22, 10, 44, 33, 43, 12, 38, 47, 15, 45, 16, 41) "
"OP(6,26,5,5,4,4)",0,Solved,"0,1120"," (4t+2)","0,1172","(\infty, 39, 3, \infty, 27, 15) (4, 5, 7, 10, 17, 12, 40, 22, 38, 13, 9, 1, 18, 28, 29, 31, 34, 41, 36, 16, 46, 14, 37, 33, 25, 42) (21, 43, 8, 23, 2) (45, 19, 32, 47, 26) (0, 6, 20, 11) (24, 30, 44, 35) "
"OP(4,5,5,4,26,3,3)",0,Solved,"0,1180"," (4t+2)","0,1228","(\infty, \infty, 23, 47) (8, 5, 9, 2, 21) (32, 29, 33, 26, 45) (7, 1, 31, 25) (20, 43, 41, 14, 0, 15, 4, 42, 16, 11, 3, 12, 13, 44, 19, 17, 38, 24, 39, 28, 18, 40, 35, 27, 36, 37) (22, 6, 34) (46, 30, 10) "
"OP(6,26,4,4,4,3,3)",0,Solved,"0,0650"," (4t+2)","0,0712","(\infty, 13, 47, \infty, 23, 37) (21, 38, 11, 3, 12, 41, 9, 8, 1, 4, 16, 46, 20, 45, 14, 35, 27, 36, 17, 33, 32, 25, 28, 40, 22, 44) (43, 15, 5, 10) (19, 39, 29, 34) (18, 7, 42, 31) (6, 0, 2) (30, 24, 26) "
"OP(6,26,3,3,3,3,3,3)",0,Solved,"0,1020"," (4t+2)","0,1058","(\infty, 1, 15, \infty, 39, 25) (7, 0, 10, 13, 9, 4, 16, 45, 22, 35, 20, 41, 23, 31, 24, 34, 37, 33, 28, 40, 21, 46, 11, 44, 17, 47) (18, 2, 19) (42, 26, 43) (32, 6, 12) (8, 30, 36) (3, 14, 5) (27, 38, 29) "
"OP(4,4,4,4,4,4,26)",0,Solved,"0,0420"," (4t+2)","0,0461","(\infty, 5, \infty, 29) (6, 12, 41, 13) (30, 36, 17, 37) (10, 44, 11, 0) (34, 20, 35, 24) (18, 2, 42, 26) (38, 16, 43, 8, 7, 3, 1, 4, 9, 45, 15, 46, 23, 14, 40, 19, 32, 31, 27, 25, 28, 33, 21, 39, 22, 47) "
"OP(4,4,4,26,3,3,3,3)",0,Solved,"0,0560"," (4t+2)","0,0604","(\infty, 20, \infty, 44) (6, 15, 31, 16) (30, 39, 7, 40) (42, 21, 8, 19, 36, 13, 41, 22, 14, 9, 5, 2, 0, 18, 45, 32, 43, 12, 37, 17, 46, 38, 33, 29, 26, 24) (25, 47, 11) (1, 23, 35) (10, 4, 3) (34, 28, 27) "
"OP(4,20,26)",0,Solved,"0,0500"," (4t+2)","0,0538","(\infty, 21, \infty, 45) (46, 16, 36, 17, 7, 23, 11, 38, 13, 44, 22, 40, 12, 41, 31, 47, 35, 14, 37, 20) (42, 8, 1, 2, 10, 19, 30, 15, 9, 4, 0, 3, 5, 18, 32, 25, 26, 34, 43, 6, 39, 33, 28, 24, 27, 29) "
"OP(26,20,4)",0,Solved,"0,0610"," (4t+2)","0,0652","(\infty, 22, 37, 21, 8, 20, 43, 12, 9, 47, 17, 38, 16, \infty, 40, 14, 41, 23, 33, 36, 19, 44, 32, 45, 13, 46) (1, 7, 18, 10, 3, 4, 6, 2, 11, 39, 25, 31, 42, 34, 27, 28, 30, 26, 35, 15) (0, 5, 24, 29) "
"OP(6,18,26)",0,Solved,"0,1720"," (4t+2)","0,1755","(\infty, 8, 20, \infty, 44, 32) (18, 13, 3, 23, 1, 14, 43, 2, 11, 42, 37, 27, 47, 25, 38, 19, 26, 35) (9, 15, 0, 21, 5, 7, 4, 12, 46, 16, 17, 6, 10, 33, 39, 24, 45, 29, 31, 28, 36, 22, 40, 41, 30, 34) "
"OP(26,18,6)",0,Solved,"0,0490"," (4t+2)","0,0534","(\infty, 22, 39, 16, 43, 13, 33, 17, 7, 21, 10, 23, 38, \infty, 14, 47, 34, 45, 31, 41, 9, 37, 19, 40, 15, 46) (6, 1, 2, 8, 12, 4, 11, 20, 42, 30, 25, 26, 32, 36, 28, 35, 44, 18) (0, 3, 5, 24, 27, 29) "
"OP(26,18,3,3)",0,Solved,"0,0550"," (4t+2)","0,0624","(\infty, \infty, 23, 14, 4, 15, 32, 9, 36, 18, 40, 20, 35, 19, 43, 11, 44, 16, 42, 12, 33, 8, 39, 28, 38, 47) (7, 1, 2, 6, 13, 21, 34, 46, 17, 31, 25, 26, 30, 37, 45, 10, 22, 41) (0, 5, 3) (24, 29, 27) "
"OP(8,16,26)",0,Solved,"0,0520"," (4t+2)","0,0587","(\infty, 1, 4, 11, \infty, 35, 28, 25) (3, 2, 0, 5, 9, 15, 6, 14, 27, 26, 24, 29, 33, 39, 30, 38) (20, 32, 17, 7, 18, 34, 13, 43, 12, 46, 23, 45, 16, 44, 8, 41, 31, 42, 10, 37, 19, 36, 22, 47, 21, 40) "
"OP(4,16,4,26)",0,Solved,"0,0590"," (4t+2)","0,0649","(\infty, 22, \infty, 46) (9, 5, 6, 3, 12, 42, 11, 4, 33, 29, 30, 27, 36, 18, 35, 28) (0, 14, 24, 38) (19, 17, 1, 16, 39, 13, 7, 2, 10, 21, 8, 44, 23, 43, 41, 25, 40, 15, 37, 31, 26, 34, 45, 32, 20, 47) "
"OP(26,16,8)",0,Solved,"0,0460"," (4t+2)","0,0499","(\infty, 40, 12, 38, 21, 44, 17, 46, 33, 18, 10, 4, 2, \infty, 26, 28, 34, 42, 9, 22, 41, 20, 45, 14, 36, 16) (7, 0, 3, 8, 19, 35, 47, 13, 31, 24, 27, 32, 43, 11, 23, 37) (15, 6, 5, 1, 39, 30, 29, 25) "
"OP(4,16,4,26)",0,Solved,"0,0590"," (4t+2)","0,0636","(\infty, 22, \infty, 46) (9, 5, 6, 3, 12, 42, 11, 4, 33, 29, 30, 27, 36, 18, 35, 28) (0, 14, 24, 38) (19, 17, 1, 16, 39, 13, 7, 2, 10, 21, 8, 44, 23, 43, 41, 25, 40, 15, 37, 31, 26, 34, 45, 32, 20, 47) "
"OP(26,16,4,4)",0,Solved,"0,0550"," (4t+2)","0,0591","(\infty, 0, 33, 21, 34, 5, 8, 12, 20, 46, 18, 39, 14, \infty, 38, 15, 42, 22, 44, 36, 32, 29, 10, 45, 9, 24) (47, 4, 11, 17, 6, 16, 7, 37, 23, 28, 35, 41, 30, 40, 31, 13) (3, 1, 2, 19) (27, 25, 26, 43) "
"OP(10,14,26)",0,Solved,"0,0530"," (4t+2)","0,0573","(\infty, 2, 4, 5, 10, \infty, 34, 29, 28, 26) (7, 17, 37, 16, 27, 9, 18, 31, 41, 13, 40, 3, 33, 42) (45, 19, 22, 38, 15, 23, 6, 0, 12, 8, 1, 20, 35, 21, 43, 46, 14, 39, 47, 30, 24, 36, 32, 25, 44, 11) "
"OP(4,14,6,26)",0,Solved,"0,0430"," (4t+2)","0,0473","(\infty, 16, \infty, 40) (42, 13, 5, 3, 6, 11, 43, 18, 37, 29, 27, 30, 35, 19) (4, 0, 15, 28, 24, 39) (8, 7, 1, 10, 38, 21, 9, 2, 12, 23, 41, 20, 46, 32, 31, 25, 34, 14, 45, 33, 26, 36, 47, 17, 44, 22) "
"OP(6,14,26,4)",0,Solved,"0,0440"," (4t+2)","0,0479","(\infty, 18, 6, \infty, 30, 42) (22, 36, 11, 40, 19, 37, 20, 46, 12, 35, 16, 43, 13, 44) (39, 23, 14, 8, 1, 2, 4, 7, 27, 17, 9, 5, 0, 15, 47, 38, 32, 25, 26, 28, 31, 3, 41, 33, 29, 24) (21, 10, 45, 34) "
"OP(4,14,26,3,3)",0,Solved,"0,0610"," (4t+2)","0,0643","(\infty, 18, \infty, 42) (23, 8, 2, 5, 16, 39, 17, 47, 32, 26, 29, 40, 15, 41) (9, 38, 22, 43, 12, 0, 10, 6, 1, 3, 11, 4, 13, 33, 14, 46, 19, 36, 24, 34, 30, 25, 27, 35, 28, 37) (20, 7, 21) (44, 31, 45) "
"OP(26,14,10)",0,Solved,"0,0290"," (4t+2)","0,0344","(\infty, 21, 43, 16, 35, 18, 8, 20, 38, 13, 46, 12, 47, \infty, 23, 36, 22, 37, 14, 44, 32, 42, 11, 40, 19, 45) (7, 1, 2, 10, 17, 6, 15, 31, 25, 26, 34, 41, 30, 39) (9, 4, 0, 3, 5, 33, 28, 24, 27, 29) "
"OP(4,14,6,26)",0,Solved,"0,0440"," (4t+2)","0,0487","(\infty, 16, \infty, 40) (42, 13, 5, 3, 6, 11, 43, 18, 37, 29, 27, 30, 35, 19) (4, 0, 15, 28, 24, 39) (8, 7, 1, 10, 38, 21, 9, 2, 12, 23, 41, 20, 46, 32, 31, 25, 34, 14, 45, 33, 26, 36, 47, 17, 44, 22) "
"OP(26,14,6,4)",0,Solved,"0,0570"," (4t+2)","0,0611","(\infty, 6, 15, 34, 18, 38, 11, 23, 36, 19, 44, 22, 40, \infty, 16, 46, 20, 43, 12, 47, 35, 14, 42, 10, 39, 30) (8, 1, 2, 4, 7, 13, 21, 32, 25, 26, 28, 31, 37, 45) (9, 5, 0, 33, 29, 24) (3, 17, 27, 41) "
"OP(26,14,5,5)",0,Solved,"0,0590"," (4t+2)","0,0637","(\infty, 18, 45, 19, 32, 20, 40, 23, 13, 4, 15, 30, 46, \infty, 22, 6, 39, 28, 37, 47, 16, 44, 8, 43, 21, 42) (7, 1, 2, 10, 17, 35, 12, 31, 25, 26, 34, 41, 11, 36) (9, 14, 0, 3, 5) (33, 38, 24, 27, 29) "
"OP(26,14,4,3,3)",0,Solved,"0,2370"," (4t+2)","0,2418","(\infty, 4, 5, 14, 37, 33, 27, 34, 23, 44, 46, 31, 2, \infty, 26, 7, 22, 20, 47, 10, 3, 9, 13, 38, 29, 28) (35, 45, 25, 39, 42, 6, 24, 11, 21, 1, 15, 18, 30, 0) (16, 8, 40, 32) (19, 36, 41) (43, 12, 17) "
"OP(12,12,26)",0,Solved,"0,0680"," (4t+2)","0,0723","(\infty, 0, 7, 18, 41, 22, \infty, 46, 17, 42, 31, 24) (1, 9, 3, 12, 15, 43, 25, 33, 27, 36, 39, 19) (2, 23, 11, 44, 13, 45, 10, 5, 6, 8, 4, 14, 40, 26, 47, 35, 20, 37, 21, 34, 29, 30, 32, 28, 38, 16) "
"OP(4,12,8,26)",0,Solved,"0,0520"," (4t+2)","0,0566","(\infty, 1, \infty, 25) (2, 3, 9, 5, 13, 11, 26, 27, 33, 29, 37, 35) (6, 18, 45, 17, 30, 42, 21, 41) (10, 0, 7, 4, 47, 8, 19, 36, 14, 46, 16, 39, 20, 34, 24, 31, 28, 23, 32, 43, 12, 38, 22, 40, 15, 44) "
"OP(8,12,26,4)",0,Solved,"0,0930"," (4t+2)","0,0980","(\infty, 37, 15, 33, \infty, 9, 39, 13) (1, 44, 8, 31, 2, 36, 25, 20, 32, 7, 26, 12) (43, 35, 18, 34, 21, 17, 27, 30, 28, 0, 47, 40, 46, 19, 11, 42, 10, 45, 41, 3, 6, 4, 24, 23, 16, 22) (29, 38, 5, 14) "
"OP(6,12,6,26)",0,Solved,"0,0530"," (4t+2)","0,0576","(\infty, 42, 14, \infty, 38, 18) (13, 5, 3, 6, 11, 22, 37, 29, 27, 30, 35, 46) (4, 0, 16, 28, 24, 40) (8, 7, 1, 10, 41, 23, 9, 2, 12, 39, 20, 45, 19, 32, 31, 25, 34, 17, 47, 33, 26, 36, 15, 44, 21, 43) "
"OP(6,12,26,3,3)",0,Solved,"0,1690"," (4t+2)","0,1726","(\infty, 21, 47, \infty, 23, 45) (43, 10, 7, 1, 6, 40, 19, 34, 31, 25, 30, 16) (44, 9, 0, 18, 41, 22, 12, 5, 3, 11, 39, 8, 4, 20, 33, 24, 42, 17, 46, 36, 29, 27, 35, 15, 32, 28) (2, 14, 13) (26, 38, 37) "
"OP(4,12,4,4,26)",0,Solved,"0,0530"," (4t+2)","0,0568","(\infty, 12, \infty, 36) (35, 16, 37, 17, 7, 23, 11, 40, 13, 41, 31, 47) (44, 22, 45, 14) (20, 46, 21, 38) (42, 8, 1, 2, 10, 19, 30, 15, 9, 4, 0, 3, 5, 18, 32, 25, 26, 34, 43, 6, 39, 33, 28, 24, 27, 29) "
"OP(26,12,12)",0,Solved,"0,0700"," (4t+2)","0,0745","(\infty, 3, 4, 6, 9, 17, 44, 22, 10, 1, 15, 26, 45, \infty, 21, 2, 39, 25, 34, 46, 20, 41, 33, 30, 28, 27) (8, 13, 23, 43, 11, 36, 5, 40, 7, 0, 18, 14) (32, 37, 47, 19, 35, 12, 29, 16, 31, 24, 42, 38) "
"OP(4,12,8,26)",0,Solved,"0,0520"," (4t+2)","0,0561","(\infty, 1, \infty, 25) (2, 3, 9, 5, 13, 11, 26, 27, 33, 29, 37, 35) (6, 18, 45, 17, 30, 42, 21, 41) (10, 0, 7, 4, 47, 8, 19, 36, 14, 46, 16, 39, 20, 34, 24, 31, 28, 23, 32, 43, 12, 38, 22, 40, 15, 44) "
"OP(26,12,8,4)",0,Solved,"0,2020"," (4t+2)","0,2077","(\infty, 3, 0, 1, 6, 4, 10, 2, 9, 18, 5, 16, 31, \infty, 7, 40, 29, 42, 33, 26, 34, 28, 30, 25, 24, 27) (8, 20, 36, 22, 41, 11, 32, 44, 12, 46, 17, 35) (13, 23, 45, 14, 37, 47, 21, 38) (15, 43, 39, 19) "
"OP(6,12,6,26)",0,Solved,"0,0520"," (4t+2)","0,0557","(\infty, 42, 14, \infty, 38, 18) (13, 5, 3, 6, 11, 22, 37, 29, 27, 30, 35, 46) (4, 0, 16, 28, 24, 40) (8, 7, 1, 10, 41, 23, 9, 2, 12, 39, 20, 45, 19, 32, 31, 25, 34, 17, 47, 33, 26, 36, 15, 44, 21, 43) "
"OP(26,12,6,6)",0,Solved,"0,0540"," (4t+2)","0,0578","(\infty, 12, 34, 17, 4, 15, 31, 46, 18, 47, 13, 43, 16, \infty, 40, 19, 37, 23, 42, 22, 7, 39, 28, 41, 10, 36) (8, 1, 2, 11, 21, 44, 32, 25, 26, 35, 45, 20) (9, 14, 6, 0, 3, 5) (33, 38, 30, 24, 27, 29) "
"OP(26,12,6,3,3)",0,Solved,"0,0610"," (4t+2)","0,0669","(\infty, 3, 4, 11, 21, 6, 40, 9, 7, 1, 10, 26, 15, \infty, 39, 2, 34, 25, 31, 33, 16, 30, 45, 35, 28, 27) (8, 20, 23, 46, 18, 36, 32, 44, 47, 22, 42, 12) (14, 41, 19, 38, 17, 43) (0, 5, 13) (24, 29, 37) "
"OP(4,12,4,4,26)",0,Solved,"0,0560"," (4t+2)","0,0614","(\infty, 12, \infty, 36) (35, 16, 37, 17, 7, 23, 11, 40, 13, 41, 31, 47) (44, 22, 45, 14) (20, 46, 21, 38) (42, 8, 1, 2, 10, 19, 30, 15, 9, 4, 0, 3, 5, 18, 32, 25, 26, 34, 43, 6, 39, 33, 28, 24, 27, 29) "
"OP(26,12,4,4,4)",0,Solved,"0,0490"," (4t+2)","0,0539","(\infty, 4, 7, 11, 6, 18, 43, 33, 16, 27, 14, 36, 22, \infty, 46, 12, 38, 3, 40, 9, 19, 42, 30, 35, 31, 28) (21, 41, 23, 15, 34, 13, 45, 17, 47, 39, 10, 37) (0, 2, 8, 1) (24, 26, 32, 25) (20, 5, 44, 29) "
"OP(26,12,3,3,3,3)",0,Solved,"0,0440"," (4t+2)","0,0476","(\infty, \infty, 23, 1, 7, 11, 3, 14, 15, 6, 13, 40, 21, 9, 33, 45, 16, 37, 30, 39, 38, 27, 35, 31, 25, 47) (5, 8, 43, 20, 0, 46, 29, 32, 19, 44, 24, 22) (34, 18, 4) (10, 42, 28) (2, 12, 17) (26, 36, 41) "
"OP(4,10,10,26)",0,Solved,"0,0480"," (4t+2)","0,0518","(\infty, 21, \infty, 45) (46, 16, 36, 17, 7, 23, 35, 14, 37, 20) (22, 40, 12, 41, 31, 47, 11, 38, 13, 44) (42, 8, 1, 2, 10, 19, 30, 15, 9, 4, 0, 3, 5, 18, 32, 25, 26, 34, 43, 6, 39, 33, 28, 24, 27, 29) "
"OP(10,10,26,4)",0,Solved,"0,0500"," (4t+2)","0,0536","(\infty, 2, 4, 5, 10, \infty, 34, 29, 28, 26) (13, 31, 45, 16, 27, 37, 7, 21, 40, 3) (9, 22, 19, 42, 14, 41, 15, 23, 6, 0, 12, 8, 1, 33, 46, 43, 18, 38, 17, 39, 47, 30, 24, 36, 32, 25) (20, 11, 44, 35) "
"OP(6,10,8,26)",0,Solved,"0,0850"," (4t+2)","0,0886","(\infty, 27, 45, \infty, 21, 3) (5, 24, 47, 34, 43, 29, 0, 23, 10, 19) (38, 39, 32, 35, 14, 15, 8, 11) (33, 2, 30, 4, 42, 31, 37, 25, 40, 36, 44, 46, 41, 9, 26, 6, 28, 18, 7, 13, 1, 16, 12, 20, 22, 17) "
"OP(8,10,26,6)",0,Solved,"0,0750"," (4t+2)","0,0792","(\infty, 41, 43, 27, \infty, 3, 19, 17) (29, 4, 35, 24, 46, 5, 28, 11, 0, 22) (38, 44, 34, 25, 45, 33, 6, 7, 40, 36, 2, 37, 32, 14, 20, 10, 1, 21, 9, 30, 31, 16, 12, 26, 13, 8) (42, 39, 47, 18, 15, 23) "
"OP(8,10,26,3,3)",0,Solved,"0,1980"," (4t+2)","0,2025","(\infty, 0, 16, 36, \infty, 12, 40, 24) (39, 22, 14, 8, 3, 15, 46, 38, 32, 27) (17, 4, 7, 5, 23, 37, 18, 43, 21, 6, 2, 9, 20, 41, 28, 31, 29, 47, 13, 42, 19, 45, 30, 26, 33, 44) (1, 11, 10) (25, 35, 34) "
"OP(4,10,6,4,26)",0,Solved,"0,0980"," (4t+2)","0,1019","(\infty, 19, \infty, 43) (8, 0, 1, 3, 39, 32, 24, 25, 27, 15) (2, 5, 9, 26, 29, 33) (4, 10, 28, 34) (7, 12, 21, 11, 46, 20, 47, 13, 42, 14, 30, 41, 16, 31, 36, 45, 35, 22, 44, 23, 37, 18, 38, 6, 17, 40) "
"OP(4,10,5,5,26)",0,Solved,"0,0440"," (4t+2)","0,0488","(\infty, 1, \infty, 25) (2, 3, 9, 5, 13, 26, 27, 33, 29, 37) (6, 17, 15, 35, 18) (30, 41, 39, 11, 42) (10, 0, 7, 4, 47, 8, 22, 38, 20, 43, 16, 45, 12, 34, 24, 31, 28, 23, 32, 46, 14, 44, 19, 40, 21, 36) "
"OP(6,10,26,4,4)",0,Solved,"0,0920"," (4t+2)","0,0961","(\infty, 0, 14, \infty, 38, 24) (2, 23, 15, 43, 10, 26, 47, 39, 19, 34) (5, 12, 22, 4, 1, 3, 9, 18, 40, 11, 7, 6, 17, 29, 36, 46, 28, 25, 27, 33, 42, 16, 35, 31, 30, 41) (44, 21, 8, 13) (20, 45, 32, 37) "
"OP(4,10,4,26,3,3)",0,Solved,"0,1380"," (4t+2)","0,1417","(\infty, 13, \infty, 37) (6, 5, 22, 43, 8, 30, 29, 46, 19, 32) (14, 4, 38, 28) (3, 10, 18, 0, 11, 9, 21, 12, 7, 1, 17, 2, 47, 27, 34, 42, 24, 35, 33, 45, 36, 31, 25, 41, 26, 23) (15, 44, 40) (39, 20, 16) "
"OP(26,10,10,4)",0,Solved,"0,0440"," (4t+2)","0,0477","(\infty, 2, 4, 7, 6, 38, 23, 43, 16, 27, 35, 12, 42, \infty, 18, 36, 11, 3, 40, 19, 47, 14, 30, 31, 28, 26) (5, 22, 41, 15, 21, 9, 0, 13, 8, 1) (29, 46, 17, 39, 45, 33, 24, 37, 32, 25) (20, 10, 44, 34) "
"OP(6,9,9,26)",0,Solved,"0,0480"," (4t+2)","0,0511","(\infty, 42, 26, \infty, 2, 18) (46, 39, 41, 38, 5, 28, 0, 34, 35) (22, 15, 17, 14, 29, 4, 24, 10, 11) (37, 19, 27, 36, 23, 44, 8, 30, 1, 7, 45, 40, 9, 13, 43, 3, 12, 47, 20, 32, 6, 25, 31, 21, 16, 33) "
"OP(26,10,8,6)",0,Solved,"0,0910"," (4t+2)","0,0952","(\infty, 28, 10, 44, 29, 30, 41, 24, 8, 3, 25, 31, 18, \infty, 42, 7, 1, 27, 32, 0, 17, 6, 5, 20, 34, 4) (13, 11, 15, 38, 46, 37, 35, 39, 14, 22) (47, 26, 45, 33, 23, 2, 21, 9) (40, 43, 36, 16, 19, 12) "
"OP(26,10,8,3,3)",0,Solved,"0,0840"," (4t+2)","0,0881","(\infty, 1, 5, 4, 10, 2, 7, 0, 11, 13, 44, 19, 45, \infty, 21, 43, 20, 37, 35, 24, 31, 26, 34, 28, 29, 25) (17, 38, 23, 9, 22, 41, 14, 47, 33, 46) (16, 36, 18, 8, 40, 12, 42, 32) (3, 6, 15) (27, 30, 39) "
"OP(26,10,7,7)",0,Solved,"0,0170"," (4t+2)","0,0217","(\infty, 16, 6, 24, 29, 3, 36, 42, 19, 2, 14, 11, 20, \infty, 44, 35, 38, 26, 43, 18, 12, 27, 5, 0, 30, 40) (33, 13, 15, 7, 41, 9, 37, 39, 31, 17) (46, 45, 34, 47, 28, 32, 25) (22, 21, 10, 23, 4, 8, 1) "
"OP(4,10,6,4,26)",0,Solved,"0,1430"," (4t+2)","0,1478","(\infty, 19, \infty, 43) (8, 0, 1, 3, 39, 32, 24, 25, 27, 15) (2, 5, 9, 26, 29, 33) (4, 10, 28, 34) (7, 12, 21, 11, 46, 20, 47, 13, 42, 14, 30, 41, 16, 31, 36, 45, 35, 22, 44, 23, 37, 18, 38, 6, 17, 40) "
"OP(4,10,5,5,26)",0,Solved,"0,0430"," (4t+2)","0,0469","(\infty, 1, \infty, 25) (2, 3, 9, 5, 13, 26, 27, 33, 29, 37) (6, 17, 15, 35, 18) (30, 41, 39, 11, 42) (10, 0, 7, 4, 47, 8, 22, 38, 20, 43, 16, 45, 12, 34, 24, 31, 28, 23, 32, 46, 14, 44, 19, 40, 21, 36) "
"OP(26,10,6,4,4)",0,Solved,"0,0910"," (4t+2)","0,0950","(\infty, 36, 18, 37, 17, 4, 40, 2, 1, 5, 7, 14, 30, \infty, 6, 38, 31, 29, 25, 26, 16, 28, 41, 13, 42, 12) (8, 3, 0, 9, 15, 32, 27, 24, 33, 39) (46, 20, 47, 22, 44, 23) (34, 19, 11, 45) (10, 43, 35, 21) "
"OP(26,10,5,5,4)",0,Solved,"0,3490"," (4t+2)","0,3543","(\infty, 3, 23, 13, 40, 21, 8, 11, 22, 15, 0, 18, 9, \infty, 33, 42, 24, 39, 46, 35, 32, 45, 16, 37, 47, 27) (4, 10, 2, 19, 44, 28, 34, 26, 43, 20) (1, 5, 41, 7, 6) (25, 29, 17, 31, 30) (12, 14, 36, 38) "
"OP(4,10,4,26,3,3)",0,Solved,"0,1920"," (4t+2)","0,1963","(\infty, 13, \infty, 37) (6, 5, 22, 43, 8, 30, 29, 46, 19, 32) (14, 4, 38, 28) (3, 10, 18, 0, 11, 9, 21, 12, 7, 1, 17, 2, 47, 27, 34, 42, 24, 35, 33, 45, 36, 31, 25, 41, 26, 23) (15, 44, 40) (39, 20, 16) "
"OP(26,10,4,4,3,3)",0,Solved,"0,0870"," (4t+2)","0,0913","(\infty, 21, 47, 22, 14, 5, 9, 20, 17, 2, 18, 19, 39, \infty, 15, 43, 42, 26, 41, 44, 33, 29, 38, 46, 23, 45) (27, 8, 6, 40, 10, 3, 32, 30, 16, 34) (13, 0, 12, 7) (37, 24, 36, 31) (1, 11, 28) (25, 35, 4) "
"OP(26,9,9,6)",0,Solved,"0,0520"," (4t+2)","0,0561","(\infty, 4, 13, 23, 11, 39, 9, 44, 12, 46, 19, 45, 14, \infty, 38, 21, 43, 22, 36, 20, 33, 15, 35, 47, 37, 28) (6, 1, 2, 8, 16, 31, 42, 17, 10) (30, 25, 26, 32, 40, 7, 18, 41, 34) (0, 3, 5, 24, 27, 29) "
"OP(26,9,9,3,3)",0,Solved,"0,0730"," (4t+2)","0,0775","(\infty, 22, 40, 17, 28, 47, 0, 39, 32, 36, 33, 2, 14, \infty, 38, 26, 9, 12, 8, 15, 24, 23, 4, 41, 16, 46) (27, 6, 34, 44, 29, 13, 18, 31, 25) (3, 30, 10, 20, 5, 37, 42, 7, 1) (45, 19, 11) (21, 43, 35) "
"OP(8,8,8,26)",0,Solved,"0,1640"," (4t+2)","0,1682","(\infty, 25, 14, 41, \infty, 17, 38, 1) (0, 9, 5, 6, 40, 8, 10, 13) (24, 33, 29, 30, 16, 32, 34, 37) (4, 23, 43, 7, 22, 45, 15, 20, 27, 35, 18, 12, 2, 28, 47, 19, 31, 46, 21, 39, 44, 3, 11, 42, 36, 26) "
"OP(4,8,8,4,26)",0,Solved,"0,0410"," (4t+2)","0,0454","(\infty, \infty, 23, 47) (9, 5, 6, 3, 12, 31, 14, 4) (33, 29, 30, 27, 36, 7, 38, 28) (0, 11, 24, 35) (43, 16, 1, 13, 45, 15, 8, 2, 10, 44, 22, 42, 17, 19, 40, 25, 37, 21, 39, 32, 26, 34, 20, 46, 18, 41) "
"OP(26,9,7,5,3)",,Infeasible,,Table config is not valid,,
"OP(8,8,26,4,4)",0,Solved,"0,0970"," (4t+2)","0,1006","(\infty, 17, 2, 3, \infty, 27, 26, 41) (1, 6, 8, 34, 25, 30, 32, 10) (13, 47, 19, 38, 15, 5, 45, 9, 12, 18, 35, 46, 16, 37, 23, 43, 14, 39, 29, 21, 33, 36, 42, 11, 22, 40) (4, 20, 7, 0) (28, 44, 31, 24) "
"OP(4,8,6,6,26)",0,Solved,"0,0380"," (4t+2)","0,0419","(\infty, 40, \infty, 16) (31, 38, 43, 28, 7, 14, 19, 4) (46, 27, 35, 34, 24, 42) (22, 3, 11, 10, 0, 18) (37, 5, 30, 39, 33, 2, 36, 25, 47, 45, 32, 44, 41, 13, 29, 6, 15, 9, 26, 12, 1, 23, 21, 8, 20, 17) "
"OP(6,8,6,26,4)",0,Solved,"0,0530"," (4t+2)","0,0575","(\infty, 2, 4, \infty, 28, 26) (5, 6, 11, 42, 29, 30, 35, 18) (19, 16, 27, 43, 40, 3) (10, 31, 21, 46, 17, 37, 15, 23, 9, 0, 12, 8, 1, 34, 7, 45, 22, 41, 13, 39, 47, 33, 24, 36, 32, 25) (20, 14, 44, 38) "
"OP(4,8,6,26,3,3)",0,Solved,"0,0530"," (4t+2)","0,0565","(\infty, 2, \infty, 26) (4, 5, 7, 13, 28, 29, 31, 37) (6, 23, 16, 30, 47, 40) (27, 45, 22, 34, 42, 14, 41, 15, 19, 9, 0, 11, 8, 3, 21, 46, 10, 18, 38, 17, 39, 43, 33, 24, 35, 32) (1, 20, 36) (25, 44, 12) "
"OP(6,8,26,5,5)",0,Solved,"0,0440"," (4t+2)","0,0481","(\infty, 15, 17, \infty, 41, 39) (1, 14, 32, 11, 25, 38, 8, 35) (4, 13, 2, 7, 45, 23, 22, 19, 36, 20, 16, 24, 5, 28, 37, 26, 31, 21, 47, 46, 43, 12, 44, 40, 0, 29) (42, 30, 10, 3, 9) (18, 6, 34, 27, 33) "
"OP(6,8,26,4,3,3)",0,Solved,"0,1500"," (4t+2)","0,1564","(\infty, 18, 46, \infty, 22, 42) (35, 12, 41, 3, 11, 36, 17, 27) (44, 23, 37, 15, 6, 5, 1, 14, 9, 45, 8, 2, 4, 20, 47, 13, 39, 30, 29, 25, 38, 33, 21, 32, 26, 28) (0, 7, 24, 31) (10, 43, 40) (34, 19, 16) "
"OP(4,8,4,4,4,26)",0,Solved,"0,0420"," (4t+2)","0,0469","(\infty, 2, \infty, 26) (43, 9, 5, 8, 19, 33, 29, 32) (4, 11, 6, 14) (28, 35, 30, 38) (0, 23, 24, 47) (22, 37, 20, 7, 1, 17, 15, 3, 12, 34, 16, 45, 18, 46, 13, 44, 31, 25, 41, 39, 27, 36, 10, 40, 21, 42) "
"OP(4,8,26,3,3,3,3)",0,Solved,"0,1100"," (4t+2)","0,1149","(\infty, 5, \infty, 29) (12, 10, 18, 47, 36, 34, 42, 23) (22, 15, 20, 41, 21, 6, 37, 19, 3, 9, 0, 25, 11, 46, 39, 44, 17, 45, 30, 13, 43, 27, 33, 24, 1, 35) (8, 7, 4) (32, 31, 28) (26, 16, 38) (2, 40, 14) "
"OP(26,8,8,8)",0,Solved,"0,0470"," (4t+2)","0,0510","(\infty, 22, 9, 19, 35, 47, 16, 42, 14, 44, 10, 39, 12, \infty, 36, 15, 34, 20, 38, 18, 40, 23, 11, 43, 33, 46) (8, 1, 2, 7, 13, 21, 6, 17) (32, 25, 26, 31, 37, 45, 30, 41) (4, 0, 3, 5, 28, 24, 27, 29) "
"OP(4,8,8,4,26)",0,Solved,"0,0430"," (4t+2)","0,0474","(\infty, \infty, 23, 47) (9, 5, 6, 3, 12, 31, 14, 4) (33, 29, 30, 27, 36, 7, 38, 28) (0, 11, 24, 35) (43, 16, 1, 13, 45, 15, 8, 2, 10, 44, 22, 42, 17, 19, 40, 25, 37, 21, 39, 32, 26, 34, 20, 46, 18, 41) "
"OP(26,8,8,4,4)",0,Solved,"0,0440"," (4t+2)","0,0481","(\infty, 19, 7, 18, 32, 47, 16, 44, 15, 38, 11, 37, 21, \infty, 45, 13, 35, 14, 39, 20, 40, 23, 8, 42, 31, 43) (6, 1, 2, 10, 17, 4, 22, 12) (30, 25, 26, 34, 41, 28, 46, 36) (9, 0, 3, 5) (33, 24, 27, 29) "
"OP(4,7,7,6,26)",0,Solved,"0,0160"," (4t+2)","0,0199","(\infty, 29, \infty, 5) (16, 30, 13, 11, 15, 7, 42) (40, 6, 37, 35, 39, 31, 18) (24, 45, 36, 0, 21, 12) (3, 2, 22, 47, 17, 33, 14, 8, 19, 4, 1, 44, 34, 27, 26, 46, 23, 41, 9, 38, 32, 43, 28, 25, 20, 10) "
"OP(6,7,7,26,4)",0,Solved,"0,2380"," (4t+2)","0,2424","(\infty, 3, 5, \infty, 29, 27) (6, 0, 7, 15, 2, 23, 9) (30, 24, 31, 39, 26, 47, 33) (4, 8, 38, 12, 44, 13, 46, 41, 21, 10, 1, 11, 40, 28, 32, 14, 36, 20, 37, 22, 17, 45, 34, 25, 35, 16) (18, 43, 42, 19) "
"OP(4,7,7,26,3,3)",0,Solved,"0,1220"," (4t+2)","0,1257","(\infty, 2, \infty, 26) (33, 3, 4, 6, 10, 13, 19) (9, 27, 28, 30, 34, 37, 43) (8, 17, 5, 0, 7, 20, 36, 21, 40, 18, 38, 1, 11, 32, 41, 29, 24, 31, 44, 12, 45, 16, 42, 14, 25, 35) (15, 23, 46) (39, 47, 22) "
"OP(26,8,6,6,4)",0,Solved,"0,0570"," (4t+2)","0,0618","(\infty, 2, 4, 7, 6, 18, 33, 43, 16, 27, 45, 23, 46, \infty, 22, 47, 21, 3, 40, 19, 9, 42, 30, 31, 28, 26) (11, 17, 34, 15, 35, 41, 10, 39) (5, 14, 0, 13, 8, 1) (29, 38, 24, 37, 32, 25) (20, 12, 44, 36) "
"OP(26,8,6,5,5)",0,Solved,"0,1630"," (4t+2)","0,1670","(\infty, 45, 4, 2, 6, 5, 20, 12, 37, 16, 38, 18, 47, \infty, 23, 42, 14, 40, 13, 36, 44, 29, 30, 26, 28, 21) (22, 10, 41, 11, 46, 34, 17, 35) (39, 7, 1, 15, 31, 25) (19, 8, 3, 0, 9) (43, 32, 27, 24, 33) "
"OP(26,8,6,4,3,3)",0,Solved,"0,0900"," (4t+2)","0,0943","(\infty, 15, 13, 35, 5, 28, 36, 46, 2, 16, 44, 1, 7, \infty, 31, 25, 20, 40, 26, 22, 12, 4, 29, 11, 37, 39) (8, 19, 0, 47, 32, 43, 24, 23) (21, 9, 18, 45, 33, 42) (3, 10, 27, 34) (38, 41, 6) (14, 17, 30) "
"OP(26,8,5,5,3,3)",0,Solved,"0,0820"," (4t+2)","0,0861","(\infty, 16, 46, 19, 33, 14, 23, 10, 17, 0, 2, 8, 20, \infty, 44, 32, 26, 24, 41, 34, 47, 38, 9, 43, 22, 40) (28, 39, 13, 36, 4, 15, 37, 12) (11, 3, 18, 21, 31) (35, 27, 42, 45, 7) (5, 6, 1) (29, 30, 25) "
"OP(4,8,4,4,4,26)",0,Solved,"0,0430"," (4t+2)","0,0482","(\infty, 2, \infty, 26) (43, 9, 5, 8, 19, 33, 29, 32) (4, 11, 6, 14) (28, 35, 30, 38) (0, 23, 24, 47) (22, 37, 20, 7, 1, 17, 15, 3, 12, 34, 16, 45, 18, 46, 13, 44, 31, 25, 41, 39, 27, 36, 10, 40, 21, 42) "
"OP(26,8,4,4,4,4)",0,Solved,"0,0420"," (4t+2)","0,0456","(\infty, 1, 4, 10, 3, 2, 0, 5, 9, 17, 32, 22, 43, \infty, 19, 46, 8, 41, 33, 29, 24, 26, 27, 34, 28, 25) (31, 15, 6, 18, 7, 39, 30, 42) (11, 36, 23, 37) (35, 12, 47, 13) (45, 14, 44, 16) (21, 38, 20, 40) "
"OP(26,8,4,3,3,3,3)",0,Solved,"0,0960"," (4t+2)","0,0997","(\infty, 8, 5, 4, 18, 47, 10, 45, 3, 31, 9, 19, 12, \infty, 36, 43, 33, 7, 27, 21, 34, 23, 42, 28, 29, 32) (0, 17, 1, 6, 24, 41, 25, 30) (11, 20, 35, 44) (2, 46, 38) (26, 22, 14) (16, 39, 37) (40, 15, 13) "
"OP(4,6,7,7,26)",0,Solved,"0,0200"," (4t+2)","0,0240","(\infty, 1, \infty, 25) (13, 3, 10, 37, 27, 34) (2, 0, 18, 12, 4, 9, 5) (26, 24, 42, 36, 28, 33, 29) (6, 7, 16, 32, 21, 38, 23, 11, 46, 17, 39, 19, 44, 30, 31, 40, 8, 45, 14, 47, 35, 22, 41, 15, 43, 20) "
"OP(26,7,7,6,4)",0,Solved,"0,0790"," (4t+2)","0,0852","(\infty, 41, 11, 23, 40, 20, 46, 32, 19, 9, 3, 14, 29, \infty, 5, 38, 27, 33, 43, 8, 22, 44, 16, 47, 35, 17) (6, 2, 4, 7, 12, 21, 13) (30, 26, 28, 31, 36, 45, 37) (42, 10, 39, 18, 34, 15) (0, 1, 24, 25) "
"OP(26,7,7,5,5)",0,Solved,"0,0440"," (4t+2)","0,0483","(\infty, \infty, 23, 46, 36, 16, 4, 17, 44, 13, 43, 32, 6, 21, 45, 30, 8, 19, 37, 20, 41, 28, 40, 12, 22, 47) (7, 1, 2, 11, 18, 34, 15) (31, 25, 26, 35, 42, 10, 39) (9, 14, 0, 3, 5) (33, 38, 24, 27, 29) "
"OP(26,7,7,4,3,3)",0,Solved,"0,1560"," (4t+2)","0,1611","(\infty, 20, 37, 21, 36, 14, 2, 9, 5, 7, 15, 6, 0, \infty, 24, 30, 39, 31, 29, 33, 26, 38, 12, 45, 13, 44) (22, 1, 11, 34, 23, 43, 40) (46, 25, 35, 10, 47, 19, 16) (3, 8, 27, 32) (17, 4, 18) (41, 28, 42) "
"OP(6,6,6,6,26)",0,Solved,"0,1570"," (4t+2)","0,1607","(\infty, 41, 23, \infty, 47, 17) (2, 1, 11, 22, 13, 7) (26, 25, 35, 46, 37, 31) (19, 38, 12, 43, 14, 36) (6, 4, 0, 3, 10, 18, 32, 5, 21, 33, 20, 40, 15, 30, 28, 24, 27, 34, 42, 8, 29, 45, 9, 44, 16, 39) "
"OP(6,6,6,26,3,3)",0,Solved,"0,1210"," (4t+2)","0,1242","(\infty, 46, 20, \infty, 44, 22) (18, 36, 8, 1, 15, 10) (42, 12, 32, 25, 39, 34) (14, 47, 35, 19, 6, 0, 9, 5, 7, 28, 45, 16, 41, 38, 23, 11, 43, 30, 24, 33, 29, 31, 4, 21, 40, 17) (13, 3, 2) (37, 27, 26) "
"OP(4,6,6,4,4,26)",0,Solved,"0,0410"," (4t+2)","0,0452","(\infty, 2, \infty, 26) (3, 4, 6, 9, 1, 12) (27, 28, 30, 33, 25, 36) (5, 11, 32, 15) (29, 35, 8, 39) (16, 20, 45, 10, 46, 14, 43, 17, 37, 23, 18, 0, 7, 40, 44, 21, 34, 22, 38, 19, 41, 13, 47, 42, 24, 31) "
"OP(4,6,5,5,4,26)",0,Solved,"0,0480"," (4t+2)","0,0517","(\infty, 18, \infty, 42) (16, 47, 19, 40, 23, 43) (3, 13, 9, 6, 4) (27, 37, 33, 30, 28) (0, 5, 24, 29) (39, 7, 1, 14, 36, 22, 11, 2, 10, 17, 32, 20, 45, 15, 31, 25, 38, 12, 46, 35, 26, 34, 41, 8, 44, 21) "
"OP(6,6,26,4,4,4)",0,Solved,"0,0490"," (4t+2)","0,0531","(\infty, 32, 42, \infty, 18, 8) (37, 1, 40, 13, 25, 16) (31, 24, 46, 33, 3, 36, 30, 44, 47, 43, 41, 4, 35, 7, 0, 22, 9, 27, 12, 6, 20, 23, 19, 17, 28, 11) (34, 26, 45, 29) (10, 2, 21, 5) (39, 38, 15, 14) "
"OP(6,6,26,3,3,3,3)",0,Solved,"0,0560"," (4t+2)","0,0601","(\infty, 7, 47, \infty, 23, 31) (13, 43, 8, 37, 19, 32) (10, 16, 12, 5, 20, 11, 0, 1, 22, 45, 14, 9, 6, 34, 40, 36, 29, 44, 35, 24, 25, 46, 21, 38, 33, 30) (4, 18, 2) (28, 42, 26) (15, 41, 3) (39, 17, 27) "
"OP(4,6,4,4,26,3,3)",0,Solved,"0,0480"," (4t+2)","0,0520","(\infty, 2, \infty, 26) (3, 4, 6, 27, 28, 30) (7, 1, 17, 10) (31, 25, 41, 34) (8, 12, 20, 9, 19, 39, 22, 37, 14, 40, 21, 35, 23, 32, 36, 44, 33, 43, 15, 46, 13, 38, 16, 45, 11, 47) (18, 0, 5) (42, 24, 29) "
"OP(26,6,6,6,6)",0,Solved,"0,0420"," (4t+2)","0,0455","(\infty, 31, 15, 4, 16, 36, 22, 37, 20, 41, 23, 42, 19, \infty, 43, 18, 47, 17, 44, 13, 46, 12, 40, 28, 39, 7) (8, 1, 2, 11, 21, 34) (32, 25, 26, 35, 45, 10) (9, 14, 6, 0, 3, 5) (33, 38, 30, 24, 27, 29) "
"OP(26,6,6,6,3,3)",0,Solved,"0,0670"," (4t+2)","0,0711","(\infty, 44, 13, 43, 6, 11, 40, 15, 0, 3, 10, 12, 46, \infty, 22, 36, 34, 27, 24, 39, 16, 35, 30, 19, 37, 20) (8, 4, 14, 23, 1, 7) (32, 28, 38, 47, 25, 31) (2, 18, 5, 26, 42, 29) (45, 9, 17) (21, 33, 41) "
"OP(4,5,5,6,4,26)",0,Solved,"0,0490"," (4t+2)","0,0532","(\infty, 1, \infty, 25) (2, 3, 9, 17, 6) (26, 27, 33, 41, 30) (5, 18, 43, 29, 42, 19) (11, 13, 35, 37) (10, 0, 7, 4, 47, 8, 20, 40, 22, 38, 21, 36, 15, 34, 24, 31, 28, 23, 32, 44, 16, 46, 14, 45, 12, 39) "
"OP(26,6,6,4,4,4)",0,Solved,"0,0470"," (4t+2)","0,0510","(\infty, 4, 7, 11, 6, 19, 45, 33, 16, 27, 13, 41, 14, \infty, 38, 17, 37, 3, 40, 9, 21, 43, 30, 35, 31, 28) (36, 46, 23, 15, 34, 18) (12, 22, 47, 39, 10, 42) (0, 2, 8, 1) (24, 26, 32, 25) (20, 5, 44, 29) "
"OP(26,6,6,3,3,3,3)",0,Solved,"0,1430"," (4t+2)","0,1472","(\infty, 45, 4, 2, 13, 12, 30, 47, 14, 39, 10, 22, 43, \infty, 19, 46, 34, 15, 38, 23, 6, 36, 37, 26, 28, 21) (20, 7, 41, 9, 18, 40) (44, 31, 17, 33, 42, 16) (1, 5, 11) (25, 29, 35) (3, 0, 8) (27, 24, 32) "
"OP(4,5,5,5,5,26)",0,Solved,"0,0470"," (4t+2)","0,0507","(\infty, 1, \infty, 25) (8, 3, 6, 2, 0) (32, 27, 30, 26, 24) (31, 4, 5, 11, 18) (7, 28, 29, 35, 42) (13, 46, 34, 20, 9, 19, 36, 14, 23, 39, 21, 40, 17, 37, 22, 10, 44, 33, 43, 12, 38, 47, 15, 45, 16, 41) "
"OP(26,6,5,5,4,4)",0,Solved,"0,1010"," (4t+2)","0,1052","(\infty, 7, 3, 4, 10, 36, 39, 16, 18, 2, 21, 38, 17, \infty, 41, 14, 45, 26, 42, 40, 15, 12, 34, 28, 27, 31) (19, 5, 23, 43, 29, 47) (6, 1, 11, 22, 13) (30, 25, 35, 46, 37) (33, 0, 8, 20) (9, 24, 32, 44) "
"OP(4,5,5,4,26,3,3)",0,Solved,"0,1160"," (4t+2)","0,1208","(\infty, \infty, 23, 47) (8, 5, 9, 2, 21) (32, 29, 33, 26, 45) (7, 1, 31, 25) (20, 43, 41, 14, 0, 15, 4, 42, 16, 11, 3, 12, 13, 44, 19, 17, 38, 24, 39, 28, 18, 40, 35, 27, 36, 37) (22, 6, 34) (46, 30, 10) "
"OP(26,6,4,4,4,3,3)",0,Solved,"0,0430"," (4t+2)","0,0470","(\infty, 21, 40, 13, 5, 3, 9, 18, 7, 4, 0, 15, 35, \infty, 11, 39, 24, 28, 31, 42, 33, 27, 29, 37, 16, 45) (6, 1, 8, 30, 25, 32) (14, 46, 12, 2) (38, 22, 36, 26) (19, 20, 43, 44) (10, 23, 41) (34, 47, 17) "
"OP(26,6,3,3,3,3,3,3)",0,Solved,"0,0460"," (4t+2)","0,0528","(\infty, 21, 35, 17, 42, 20, 36, 23, 14, 6, 16, 33, 13, \infty, 37, 9, 40, 30, 38, 47, 12, 44, 18, 41, 11, 45) (7, 1, 2, 31, 25, 26) (8, 15, 4) (32, 39, 28) (43, 10, 22) (19, 34, 46) (0, 5, 3) (24, 29, 27) "
"OP(26,5,5,5,5,4)",0,Solved,"0,0640"," (4t+2)","0,0688","(\infty, 37, 20, 9, 2, 11, 46, 14, 42, 21, 40, 17, 47, \infty, 23, 41, 16, 45, 18, 38, 22, 35, 26, 33, 44, 13) (6, 12, 34, 19, 7) (30, 36, 10, 43, 31) (0, 4, 1, 3, 8) (24, 28, 25, 27, 32) (5, 15, 29, 39) "
"OP(4,4,5,5,26,3,3)",0,Solved,"0,0470"," (4t+2)","0,0507","(\infty, 4, \infty, 28) (6, 16, 30, 40) (38, 20, 8, 45, 17) (14, 44, 32, 21, 41) (23, 36, 19, 11, 7, 1, 2, 9, 18, 34, 15, 37, 22, 47, 12, 43, 35, 31, 25, 26, 33, 42, 10, 39, 13, 46) (0, 5, 3) (24, 29, 27) "
"OP(26,5,5,4,4,3,3)",0,Solved,"0,1310"," (4t+2)","0,1352","(\infty, 39, 25, 27, 8, 40, 23, 46, 38, 37, 30, 18, 21, \infty, 45, 42, 6, 13, 14, 22, 47, 16, 32, 3, 1, 15) (11, 7, 12, 2, 29) (35, 31, 36, 26, 5) (41, 19, 10, 4) (17, 43, 34, 28) (44, 24, 9) (20, 0, 33) "
"OP(4,4,4,4,4,4,26)",0,Solved,"0,0380"," (4t+2)","0,0421","(\infty, 5, \infty, 29) (6, 12, 41, 13) (30, 36, 17, 37) (10, 44, 11, 0) (34, 20, 35, 24) (18, 2, 42, 26) (38, 16, 43, 8, 7, 3, 1, 4, 9, 45, 15, 46, 23, 14, 40, 19, 32, 31, 27, 25, 28, 33, 21, 39, 22, 47) "
"OP(4,4,4,26,3,3,3,3)",0,Solved,"0,0560"," (4t+2)","0,0601","(\infty, 20, \infty, 44) (6, 15, 31, 16) (30, 39, 7, 40) (42, 21, 8, 19, 36, 13, 41, 22, 14, 9, 5, 2, 0, 18, 45, 32, 43, 12, 37, 17, 46, 38, 33, 29, 26, 24) (25, 47, 11) (1, 23, 35) (10, 4, 3) (34, 28, 27) "
"OP(26,4,4,4,4,4,4)",0,Solved,"0,1350"," (4t+2)","0,1398","(\infty, 45, 4, 2, 6, 5, 14, 46, 20, 35, 15, 40, 13, \infty, 37, 16, 39, 11, 44, 22, 38, 29, 30, 26, 28, 21) (23, 10, 41, 12) (47, 34, 17, 36) (43, 7, 1, 9) (19, 31, 25, 33) (8, 3, 0, 18) (32, 27, 24, 42) "
"OP(26,4,4,4,3,3,3,3)",0,Solved,"0,0610"," (4t+2)","0,0649","(\infty, 22, 33, 6, 21, 39, 16, 4, 1, 5, 36, 20, 42, \infty, 18, 44, 12, 29, 25, 28, 40, 15, 45, 30, 9, 46) (2, 8, 13, 0) (26, 32, 37, 24) (31, 17, 7, 41) (3, 11, 10) (27, 35, 34) (47, 19, 38) (23, 43, 14) "
"OP(26,3,3,3,3,3,3,3,3)",0,Solved,"0,1710"," (4t+2)","0,1751","(\infty, 35, 9, 3, 10, 37, 18, 36, 38, 1, 15, 6, 19, \infty, 43, 30, 39, 25, 14, 12, 42, 13, 34, 27, 33, 11) (21, 22, 5) (45, 46, 29) (0, 20, 23) (24, 44, 47) (7, 17, 2) (31, 41, 26) (8, 4, 16) (32, 28, 40) "
"OP(4,22,24)",0,Solved,"0,0560"," (4t+2)","0,0605","(\infty, 1, \infty, 25) (2, 3, 9, 5, 13, 11, 21, 6, 40, 20, 39, 26, 27, 33, 29, 37, 35, 45, 30, 16, 44, 15) (0, 7, 4, 47, 8, 19, 36, 10, 22, 38, 17, 42, 24, 31, 28, 23, 32, 43, 12, 34, 46, 14, 41, 18) "
"OP(22,24,4)",0,Solved,"0,0980"," (4t+2)","0,1030","(\infty, 7, 0, 6, 10, 40, 20, 36, 21, 42, 17, \infty, 41, 18, 45, 12, 44, 16, 34, 30, 24, 31) (14, 4, 5, 8, 13, 2, 11, 3, 15, 46, 33, 19, 38, 28, 29, 32, 37, 26, 35, 27, 39, 22, 9, 43) (23, 1, 47, 25) "
"OP(6,20,24)",0,Solved,"0,0530"," (4t+2)","0,0578","(\infty, 17, 7, \infty, 31, 41) (36, 23, 11, 40, 18, 38, 20, 37, 21, 46, 12, 47, 35, 16, 42, 14, 44, 13, 45, 22) (8, 1, 2, 10, 19, 30, 15, 9, 4, 0, 3, 5, 32, 25, 26, 34, 43, 6, 39, 33, 28, 24, 27, 29) "
"OP(20,24,6)",0,Solved,"0,1140"," (4t+2)","0,1184","(\infty, 13, 1, 4, 8, 18, 40, 20, 47, 31, \infty, 7, 23, 44, 16, 42, 32, 28, 25, 37) (45, 15, 34, 17, 6, 0, 5, 14, 12, 19, 33, 46, 21, 39, 10, 41, 30, 24, 29, 38, 36, 43, 9, 22) (2, 3, 11, 26, 27, 35) "
"OP(20,24,3,3)",0,Solved,"0,0540"," (4t+2)","0,0586","(\infty, 4, 9, 18, 8, 16, 5, 19, 37, 22, \infty, 46, 13, 43, 29, 40, 32, 42, 33, 28) (0, 2, 3, 6, 10, 17, 38, 21, 47, 15, 35, 12, 24, 26, 27, 30, 34, 41, 14, 45, 23, 39, 11, 36) (1, 20, 7) (25, 44, 31) "
"OP(8,18,24)",0,Solved,"0,0520"," (4t+2)","0,0567","(\infty, 1, 4, 11, \infty, 35, 28, 25) (3, 2, 0, 5, 9, 15, 6, 14, 37, 27, 26, 24, 29, 33, 39, 30, 38, 13) (34, 19, 7, 18, 32, 45, 17, 46, 16, 47, 20, 36, 10, 43, 31, 42, 8, 21, 41, 22, 40, 23, 44, 12) "
"OP(4,18,4,24)",0,Solved,"0,0550"," (4t+2)","0,0602","(\infty, 4, \infty, 28) (45, 10, 43, 6, 20, 3, 5, 15, 40, 21, 34, 19, 30, 44, 27, 29, 39, 16) (17, 13, 41, 37) (11, 2, 18, 0, 7, 12, 9, 8, 14, 22, 1, 23, 35, 26, 42, 24, 31, 36, 33, 32, 38, 46, 25, 47) "
"OP(18,24,8)",0,Solved,"0,0660"," (4t+2)","0,0694","(\infty, 41, 29, 0, 35, 3, 36, 40, 37, \infty, 13, 16, 12, 27, 11, 24, 5, 17) (9, 7, 6, 26, 34, 43, 1, 42, 47, 20, 46, 8, 33, 31, 30, 2, 10, 19, 25, 18, 23, 44, 22, 32) (21, 39, 28, 14, 45, 15, 4, 38) "
"OP(25,17,5,3)",,Infeasible,,Table config is not valid,,
"OP(18,24,4,4)",0,Solved,"0,0450"," (4t+2)","0,0488","(\infty, \infty, 23, 8, 38, 18, 45, 19, 44, 13, 37, 20, 43, 21, 42, 14, 32, 47) (16, 35, 22, 12, 6, 1, 2, 10, 17, 31, 15, 4, 40, 11, 46, 36, 30, 25, 26, 34, 41, 7, 39, 28) (9, 0, 3, 5) (33, 24, 27, 29) "
"OP(10,16,24)",0,Solved,"0,0490"," (4t+2)","0,0547","(\infty, 11, 22, 47, 13, \infty, 37, 23, 46, 35) (21, 34, 19, 7, 0, 18, 2, 6, 45, 10, 43, 31, 24, 42, 26, 30) (16, 33, 14, 8, 3, 1, 4, 5, 15, 41, 20, 12, 40, 9, 38, 32, 27, 25, 28, 29, 39, 17, 44, 36) "
"OP(4,16,6,24)",0,Solved,"0,0480"," (4t+2)","0,0532","(\infty, \infty, 23, 47) (11, 22, 36, 21, 44, 17, 7, 0, 35, 46, 12, 45, 20, 41, 31, 24) (18, 2, 6, 42, 26, 30) (16, 33, 14, 8, 3, 1, 4, 5, 13, 39, 19, 10, 40, 9, 38, 32, 27, 25, 28, 29, 37, 15, 43, 34) "
"OP(6,16,24,4)",0,Solved,"0,0560"," (4t+2)","0,0628","(\infty, 2, 4, \infty, 28, 26) (5, 6, 11, 21, 37, 16, 27, 10, 29, 30, 35, 45, 13, 40, 3, 34) (22, 7, 42, 17, 43, 15, 23, 9, 0, 12, 8, 1, 46, 31, 18, 41, 19, 39, 47, 33, 24, 36, 32, 25) (20, 14, 44, 38) "
"OP(4,16,24,3,3)",0,Solved,"0,1020"," (4t+2)","0,1090","(\infty, 19, \infty, 43) (1, 10, 15, 31, 12, 9, 5, 4, 25, 34, 39, 7, 36, 33, 29, 28) (3, 13, 2, 14, 21, 35, 20, 46, 18, 41, 23, 40, 27, 37, 26, 38, 45, 11, 44, 22, 42, 17, 47, 16) (0, 8, 6) (24, 32, 30) "
"OP(16,24,10)",0,Solved,"0,1100"," (4t+2)","0,1158","(\infty, 10, 0, 7, 3, 11, 41, 14, \infty, 38, 17, 35, 27, 31, 24, 34) (16, 15, 46, 21, 2, 18, 5, 20, 6, 4, 9, 12, 40, 39, 22, 45, 26, 42, 29, 44, 30, 28, 33, 36) (1, 13, 19, 8, 47, 25, 37, 43, 32, 23) "
"OP(25,15,7,3)",,Infeasible,,Table config is not valid,,
"OP(16,24,6,4)",0,Solved,"0,0560"," (4t+2)","0,0618","(\infty, 18, 6, 17, 35, 19, 36, 16, \infty, 40, 12, 43, 11, 41, 30, 42) (45, 22, 44, 23, 14, 8, 1, 2, 4, 7, 15, 34, 21, 46, 20, 47, 38, 32, 25, 26, 28, 31, 39, 10) (9, 5, 0, 33, 29, 24) (13, 3, 37, 27) "
"OP(16,24,5,5)",0,Solved,"0,0870"," (4t+2)","0,0926","(\infty, 22, 1, 9, 42, 41, 29, 34, \infty, 10, 5, 17, 18, 33, 25, 46) (21, 39, 8, 37, 0, 20, 6, 19, 16, 23, 7, 3, 45, 15, 32, 13, 24, 44, 30, 43, 40, 47, 31, 27) (14, 36, 11, 2, 4) (38, 12, 35, 26, 28) "
"OP(16,24,4,3,3)",0,Solved,"0,1460"," (4t+2)","0,1502","(\infty, 13, 46, 16, 43, 20, 36, 17, \infty, 41, 12, 44, 19, 40, 22, 37) (0, 4, 3, 1, 6, 23, 15, 8, 2, 5, 14, 34, 24, 28, 27, 25, 30, 47, 39, 32, 26, 29, 38, 10) (7, 18, 31, 42) (9, 21, 35) (33, 45, 11) "
"OP(12,14,24)",0,Solved,"0,0850"," (4t+2)","0,0888","(\infty, 46, 45, 25, 39, 2, \infty, 26, 15, 1, 21, 22) (37, 33, 0, 29, 32, 42, 34, 13, 9, 24, 5, 8, 18, 10) (40, 35, 41, 43, 31, 44, 27, 4, 36, 6, 47, 38, 16, 11, 17, 19, 7, 20, 3, 28, 12, 30, 23, 14) "
"OP(4,14,8,24)",0,Solved,"0,0620"," (4t+2)","0,0659","(\infty, 4, \infty, 28) (5, 6, 2, 11, 14, 20, 39, 29, 30, 26, 35, 38, 44, 15) (3, 8, 10, 40, 27, 32, 34, 16) (7, 0, 12, 43, 17, 42, 21, 1, 9, 46, 13, 47, 31, 24, 36, 19, 41, 18, 45, 25, 33, 22, 37, 23) "
"OP(8,14,24,4)",0,Solved,"0,1950"," (4t+2)","0,1985","(\infty, 6, 18, 40, \infty, 16, 42, 30) (1, 0, 2, 5, 9, 15, 36, 25, 24, 26, 29, 33, 39, 12) (34, 19, 11, 4, 13, 23, 41, 21, 46, 14, 31, 44, 10, 43, 35, 28, 37, 47, 17, 45, 22, 38, 7, 20) (8, 3, 32, 27) "
"OP(6,14,6,24)",0,Solved,"0,0720"," (4t+2)","0,0783","(\infty, 37, 31, \infty, 7, 13) (35, 46, 32, 40, 28, 45, 27, 11, 22, 8, 16, 4, 21, 3) (42, 43, 47, 18, 19, 23) (39, 41, 34, 44, 29, 38, 33, 30, 2, 24, 1, 36, 15, 17, 10, 20, 5, 14, 9, 6, 26, 0, 25, 12) "
"OP(6,14,24,3,3)",0,Solved,"0,0570"," (4t+2)","0,0638","(\infty, 5, 19, \infty, 43, 29) (0, 1, 3, 6, 10, 17, 35, 24, 25, 27, 30, 34, 41, 11) (44, 18, 46, 14, 39, 12, 45, 33, 16, 8, 2, 7, 20, 42, 22, 38, 15, 36, 21, 9, 40, 32, 26, 31) (23, 13, 4) (47, 37, 28) "
"OP(4,14,4,4,24)",0,Solved,"0,0440"," (4t+2)","0,0483","(\infty, 20, \infty, 44) (47, 13, 5, 3, 9, 10, 41, 23, 37, 29, 27, 33, 34, 17) (4, 0, 16, 7) (28, 24, 40, 31) (6, 1, 8, 19, 45, 12, 2, 14, 39, 18, 46, 11, 30, 25, 32, 43, 21, 36, 26, 38, 15, 42, 22, 35) "
"OP(14,24,12)",0,Solved,"0,0530"," (4t+2)","0,0570","(\infty, 22, 44, 23, 35, 17, 6, \infty, 30, 41, 11, 47, 20, 46) (45, 13, 36, 16, 31, 18, 8, 1, 2, 10, 19, 38, 21, 37, 12, 40, 7, 42, 32, 25, 26, 34, 43, 14) (15, 9, 4, 0, 3, 5, 39, 33, 28, 24, 27, 29) "
"OP(25,13,9,3)",,Infeasible,,Table config is not valid,,
"OP(14,24,8,4)",0,Solved,"0,0940"," (4t+2)","0,0980","(\infty, 44, 6, 21, 9, 18, 16, \infty, 40, 42, 33, 45, 30, 20) (25, 4, 38, 12, 41, 11, 43, 47, 22, 5, 8, 2, 1, 28, 14, 36, 17, 35, 19, 23, 46, 29, 32, 26) (31, 3, 10, 15, 7, 27, 34, 39) (13, 0, 37, 24) "
"OP(25,13,7,5)",,Infeasible,,Table config is not valid,,
"OP(14,24,6,6)",0,Solved,"0,0720"," (4t+2)","0,0770","(\infty, 5, 13, 23, 45, 8, 41, \infty, 17, 32, 21, 47, 37, 29) (12, 7, 4, 0, 2, 3, 9, 16, 30, 18, 39, 19, 36, 31, 28, 24, 26, 27, 33, 40, 6, 42, 15, 43) (22, 35, 10, 1, 20, 38) (46, 11, 34, 25, 44, 14) "
"OP(14,24,6,3,3)",0,Solved,"0,1350"," (4t+2)","0,1395","(\infty, 46, 20, 6, 1, 13, 38, \infty, 14, 37, 25, 30, 44, 22) (7, 34, 47, 32, 42, 41, 45, 0, 40, 11, 5, 3, 31, 10, 23, 8, 18, 17, 21, 24, 16, 35, 29, 27) (39, 2, 33, 15, 26, 9) (36, 43, 4) (12, 19, 28) "
"OP(25,13,5,4,3)",,Infeasible,,Table config is not valid,,
"OP(14,24,4,4,4)",0,Solved,"0,0460"," (4t+2)","0,0519","(\infty, 21, 39, 23, 38, 9, 5, \infty, 29, 33, 14, 47, 15, 45) (12, 7, 4, 13, 30, 16, 44, 17, 43, 18, 10, 0, 36, 31, 28, 37, 6, 40, 20, 41, 19, 42, 34, 24) (3, 1, 8, 2) (27, 25, 32, 26) (22, 11, 46, 35) "
"OP(14,24,3,3,3,3)",0,Solved,"0,1570"," (4t+2)","0,1608","(\infty, 20, 41, 18, 4, 39, 22, \infty, 46, 15, 28, 42, 17, 44) (11, 12, 1, 9, 14, 29, 47, 19, 7, 16, 45, 13, 35, 36, 25, 33, 38, 5, 23, 43, 31, 40, 21, 37) (2, 6, 8) (26, 30, 32) (10, 3, 0) (34, 27, 24) "
"OP(4,12,10,24)",0,Solved,"0,0440"," (4t+2)","0,0482","(\infty, 1, \infty, 25) (2, 3, 9, 5, 13, 11, 26, 27, 33, 29, 37, 35) (6, 17, 39, 12, 43, 30, 41, 15, 36, 19) (0, 7, 4, 47, 8, 18, 34, 46, 21, 40, 20, 38, 24, 31, 28, 23, 32, 42, 10, 22, 45, 16, 44, 14) "
"OP(10,12,24,4)",0,Solved,"0,1960"," (4t+2)","0,2001","(\infty, 3, 2, 8, 11, \infty, 35, 32, 26, 27) (4, 0, 5, 7, 14, 6, 28, 24, 29, 31, 38, 30) (9, 18, 34, 44, 21, 39, 22, 41, 13, 25, 40, 19, 33, 42, 10, 20, 45, 15, 46, 17, 37, 1, 16, 43) (12, 23, 36, 47) "
"OP(6,12,8,24)",0,Solved,"0,1080"," (4t+2)","0,1131","(\infty, 45, 11, \infty, 35, 21) (1, 3, 4, 10, 20, 37, 25, 27, 28, 34, 44, 13) (12, 7, 0, 8, 36, 31, 24, 32) (19, 41, 18, 47, 14, 46, 33, 15, 6, 2, 5, 16, 43, 17, 42, 23, 38, 22, 9, 39, 30, 26, 29, 40) "
"OP(8,12,24,6)",0,Solved,"0,0750"," (4t+2)","0,0795","(\infty, 18, 19, 4, \infty, 28, 43, 42) (33, 3, 0, 37, 5, 1, 9, 27, 24, 13, 29, 25) (34, 20, 8, 36, 30, 7, 38, 11, 2, 40, 21, 23, 10, 44, 32, 12, 6, 31, 14, 35, 26, 16, 45, 47) (17, 39, 46, 41, 15, 22) "
"OP(8,12,24,3,3)",0,Solved,"0,0660"," (4t+2)","0,0697","(\infty, 4, 9, 18, \infty, 42, 33, 28) (5, 13, 38, 16, 46, 12, 29, 37, 14, 40, 22, 36) (0, 2, 3, 6, 10, 17, 32, 43, 15, 47, 35, 45, 24, 26, 27, 30, 34, 41, 8, 19, 39, 23, 11, 21) (1, 20, 7) (25, 44, 31) "
"OP(4,12,6,4,24)",0,Solved,"0,1020"," (4t+2)","0,1060","(\infty, 39, \infty, 15) (6, 17, 31, 18, 37, 12, 30, 41, 7, 42, 13, 36) (8, 35, 20, 32, 11, 44) (38, 22, 14, 46) (4, 1, 5, 10, 16, 23, 3, 2, 0, 9, 19, 45, 28, 25, 29, 34, 40, 47, 27, 26, 24, 33, 43, 21) "
"OP(4,12,5,5,24)",0,Solved,"0,0490"," (4t+2)","0,0536","(\infty, 4, \infty, 28) (5, 12, 17, 8, 16, 42, 29, 36, 41, 32, 40, 18) (6, 10, 0, 2, 3) (30, 34, 24, 26, 27) (19, 46, 13, 38, 21, 39, 23, 35, 7, 1, 20, 9, 43, 22, 37, 14, 45, 15, 47, 11, 31, 25, 44, 33) "
"OP(6,12,24,4,4)",0,Solved,"0,0460"," (4t+2)","0,0509","(\infty, 7, 17, \infty, 41, 31) (8, 13, 38, 22, 34, 19, 32, 37, 14, 46, 10, 43) (4, 0, 2, 3, 6, 12, 23, 40, 18, 39, 21, 35, 28, 24, 26, 27, 30, 36, 47, 16, 42, 15, 45, 11) (9, 1, 20, 29) (33, 25, 44, 5) "
"OP(4,12,4,24,3,3)",0,Solved,"0,0460"," (4t+2)","0,0497","(\infty, 2, \infty, 26) (4, 5, 7, 10, 17, 33, 28, 29, 31, 34, 41, 9) (16, 27, 40, 3) (18, 38, 13, 46, 19, 45, 15, 23, 6, 0, 12, 8, 42, 14, 37, 22, 43, 21, 39, 47, 30, 24, 36, 32) (1, 20, 11) (25, 44, 35) "
"OP(4,11,11,24)",0,Solved,"0,0410"," (4t+2)","0,0451","(\infty, 1, \infty, 25) (4, 3, 6, 2, 0, 5, 13, 22, 32, 17, 10) (28, 27, 30, 26, 24, 29, 37, 46, 8, 41, 34) (35, 18, 7, 20, 36, 16, 43, 9, 38, 15, 45, 23, 11, 42, 31, 44, 12, 40, 19, 33, 14, 39, 21, 47) "
"OP(12,24,10,4)",0,Solved,"0,0810"," (4t+2)","0,0848","(\infty, 1, 11, 6, 0, 9, \infty, 33, 24, 30, 35, 25) (21, 8, 22, 3, 5, 42, 12, 44, 13, 41, 19, 4, 45, 32, 46, 27, 29, 18, 36, 20, 37, 17, 43, 28) (47, 7, 10, 14, 2, 23, 31, 34, 38, 26) (15, 16, 39, 40) "
"OP(25,11,9,5)",,Infeasible,,Table config is not valid,,
"OP(12,24,8,6)",0,Solved,"0,0440"," (4t+2)","0,0488","(\infty, 8, 34, 47, 17, 38, \infty, 14, 41, 23, 10, 32) (21, 12, 7, 4, 0, 2, 3, 9, 16, 30, 15, 5, 45, 36, 31, 28, 24, 26, 27, 33, 40, 6, 39, 29) (18, 46, 35, 19, 42, 22, 11, 43) (1, 20, 37, 25, 44, 13) "
"OP(12,24,8,3,3)",0,Solved,"0,2610"," (4t+2)","0,2652","(\infty, 32, 5, 16, 13, 4, \infty, 28, 37, 40, 29, 8) (14, 0, 15, 33, 45, 10, 2, 6, 7, 17, 22, 44, 38, 24, 39, 9, 21, 34, 26, 30, 31, 41, 46, 20) (23, 3, 1, 18, 47, 27, 25, 42) (11, 43, 36) (35, 19, 12) "
"OP(12,24,7,7)",0,Solved,"0,0660"," (4t+2)","0,0703","(\infty, 4, 5, 7, 2, 18, \infty, 42, 26, 31, 29, 28) (11, 46, 12, 3, 15, 32, 13, 6, 0, 10, 14, 17, 35, 22, 36, 27, 39, 8, 37, 30, 24, 34, 38, 41) (43, 16, 1, 9, 20, 45, 23) (19, 40, 25, 33, 44, 21, 47) "
"OP(25,11,7,4,3)",,Infeasible,,Table config is not valid,,
"OP(25,11,6,5,3)",,Infeasible,,Table config is not valid,,
"OP(12,24,6,4,4)",0,Solved,"0,0500"," (4t+2)","0,0540","(\infty, 20, 7, 21, 38, 18, \infty, 42, 14, 45, 31, 44) (23, 8, 37, 11, 43, 22, 12, 6, 1, 2, 10, 17, 47, 32, 13, 35, 19, 46, 36, 30, 25, 26, 34, 41) (40, 15, 4, 16, 39, 28) (9, 0, 3, 5) (33, 24, 27, 29) "
"OP(12,24,5,5,4)",0,Solved,"0,0590"," (4t+2)","0,0624","(\infty, 2, 4, 7, 6, 36, \infty, 12, 30, 31, 28, 26) (46, 33, 16, 27, 37, 21, 42, 17, 43, 23, 15, 34, 22, 9, 40, 3, 13, 45, 18, 41, 19, 47, 39, 10) (5, 0, 14, 8, 1) (29, 24, 38, 32, 25) (20, 11, 44, 35) "
"OP(25,11,5,3,3,3)",,Infeasible,,Table config is not valid,,
"OP(12,24,4,4,3,3)",0,Solved,"0,0550"," (4t+2)","0,0595","(\infty, 3, 36, 33, 24, 23, \infty, 47, 0, 9, 12, 27) (43, 8, 39, 41, 1, 44, 30, 5, 37, 26, 38, 45, 19, 32, 15, 17, 25, 20, 6, 29, 13, 2, 14, 21) (10, 31, 35, 16) (34, 7, 11, 40) (4, 22, 42) (28, 46, 18) "
"OP(6,10,10,24)",0,Solved,"0,0750"," (4t+2)","0,0794","(\infty, 2, 18, \infty, 42, 26) (3, 6, 37, 15, 10, 0, 11, 4, 8, 9) (27, 30, 13, 39, 34, 24, 35, 28, 32, 33) (40, 7, 47, 12, 21, 1, 22, 41, 5, 19, 44, 14, 16, 31, 23, 36, 45, 25, 46, 17, 29, 43, 20, 38) "
"OP(10,10,24,6)",0,Solved,"0,0520"," (4t+2)","0,0566","(\infty, 2, 3, 5, 8, \infty, 32, 29, 27, 26) (6, 1, 7, 14, 39, 30, 25, 31, 38, 15) (10, 22, 9, 17, 44, 11, 40, 12, 43, 21, 37, 23, 34, 46, 33, 41, 20, 35, 16, 36, 19, 45, 13, 47) (18, 0, 4, 42, 24, 28) "
"OP(10,10,24,3,3)",0,Solved,"0,0600"," (4t+2)","0,0636","(\infty, 15, 18, 4, 43, \infty, 19, 28, 42, 39) (11, 24, 13, 14, 6, 35, 0, 37, 38, 30) (21, 9, 36, 16, 41, 8, 1, 27, 10, 5, 23, 7, 45, 33, 12, 40, 17, 32, 25, 3, 34, 29, 47, 31) (2, 46, 44) (26, 22, 20) "
"OP(8,10,8,24)",0,Solved,"0,0790"," (4t+2)","0,0840","(\infty, 35, 0, 1, \infty, 25, 24, 11) (4, 10, 30, 21, 13, 28, 34, 6, 45, 37) (7, 18, 41, 9, 31, 42, 17, 33) (2, 46, 3, 5, 15, 12, 19, 38, 8, 44, 23, 40, 26, 22, 27, 29, 39, 36, 43, 14, 32, 20, 47, 16) "
"OP(4,10,8,4,24)",0,Solved,"0,0930"," (4t+2)","0,0971","(\infty, 18, \infty, 42) (9, 3, 13, 16, 0, 33, 27, 37, 40, 24) (47, 19, 7, 5, 23, 43, 31, 29) (15, 2, 39, 26) (12, 4, 8, 1, 10, 11, 6, 20, 41, 22, 45, 14, 36, 28, 32, 25, 34, 35, 30, 44, 17, 46, 21, 38) "
"OP(25,10,7,5,3)",,Infeasible,,Table config is not valid,,
"OP(8,10,24,4,4)",0,Solved,"0,0450"," (4t+2)","0,0498","(\infty, 20, 8, 38, \infty, 14, 32, 44) (43, 18, 45, 16, 47, 19, 42, 21, 40, 23) (13, 35, 22, 12, 6, 1, 2, 10, 17, 31, 15, 4, 37, 11, 46, 36, 30, 25, 26, 34, 41, 7, 39, 28) (9, 0, 3, 5) (33, 24, 27, 29) "
"OP(4,10,6,6,24)",0,Solved,"0,0470"," (4t+2)","0,0523","(\infty, 1, \infty, 25) (2, 3, 9, 5, 13, 26, 27, 33, 29, 37) (6, 16, 35, 18, 38, 17) (30, 40, 11, 42, 14, 41) (0, 7, 4, 47, 8, 10, 22, 36, 20, 43, 21, 39, 24, 31, 28, 23, 32, 34, 46, 12, 44, 19, 45, 15) "
"OP(6,10,6,24,4)",0,Solved,"0,1510"," (4t+2)","0,1549","(\infty, 4, 8, \infty, 32, 28) (42, 10, 1, 13, 5, 18, 34, 25, 37, 29) (12, 6, 3, 36, 30, 27) (20, 47, 9, 40, 22, 21, 14, 0, 11, 39, 17, 19, 44, 23, 33, 16, 46, 45, 38, 24, 35, 15, 41, 43) (7, 2, 31, 26) "
"OP(4,10,6,24,3,3)",0,Solved,"0,0550"," (4t+2)","0,0584","(\infty, 35, \infty, 11) (1, 45, 31, 32, 2, 25, 21, 7, 8, 26) (34, 3, 30, 10, 27, 6) (41, 44, 37, 42, 33, 46, 40, 24, 36, 38, 5, 43, 17, 20, 13, 18, 9, 22, 16, 0, 12, 14, 29, 19) (39, 47, 28) (15, 23, 4) "
"OP(6,10,24,5,5)",0,Solved,"0,1060"," (4t+2)","0,1102","(\infty, 2, 46, \infty, 22, 26) (12, 1, 42, 19, 31, 36, 25, 18, 43, 7) (33, 41, 24, 23, 21, 27, 8, 5, 37, 4, 34, 44, 9, 17, 0, 47, 45, 3, 32, 29, 13, 28, 10, 20) (30, 39, 11, 38, 16) (6, 15, 35, 14, 40) "
"OP(6,10,24,4,3,3)",0,Solved,"0,2280"," (4t+2)","0,2320","(\infty, 30, 42, \infty, 18, 6) (45, 2, 23, 12, 40, 21, 26, 47, 36, 16) (46, 32, 39, 0, 4, 44, 41, 11, 34, 3, 38, 37, 22, 8, 15, 24, 28, 20, 17, 35, 10, 27, 14, 13) (29, 7, 5, 31) (43, 1, 33) (19, 25, 9) "
"OP(4,10,4,4,4,24)",0,Solved,"0,0690"," (4t+2)","0,0743","(\infty, 11, \infty, 35) (30, 33, 38, 10, 43, 6, 9, 14, 34, 19) (39, 21, 46, 0) (15, 45, 22, 24) (32, 40, 8, 16) (27, 31, 4, 23, 13, 44, 2, 36, 1, 42, 41, 29, 3, 7, 28, 47, 37, 20, 26, 12, 25, 18, 17, 5) "
"OP(4,10,24,3,3,3,3)",0,Solved,"0,0560"," (4t+2)","0,0607","(\infty, 20, \infty, 44) (0, 3, 14, 1, 5, 24, 27, 38, 25, 29) (11, 23, 15, 6, 7, 17, 34, 19, 40, 22, 45, 13, 35, 47, 39, 30, 31, 41, 10, 43, 16, 46, 21, 37) (32, 12, 18) (8, 36, 42) (9, 2, 4) (33, 26, 28) "
"OP(8,9,9,24)",0,Solved,"0,0550"," (4t+2)","0,0588","(\infty, 1, 4, 13, \infty, 37, 28, 25) (3, 2, 0, 5, 9, 15, 30, 18, 10) (27, 26, 24, 29, 33, 39, 6, 42, 34) (14, 35, 17, 7, 20, 36, 16, 47, 22, 8, 45, 19, 38, 11, 41, 31, 44, 12, 40, 23, 46, 32, 21, 43) "
"OP(4,9,9,4,24)",0,Solved,"0,0910"," (4t+2)","0,0967","(\infty, 16, \infty, 40) (0, 17, 8, 2, 12, 34, 19, 46, 18) (24, 41, 32, 26, 36, 10, 43, 22, 42) (1, 6, 25, 30) (11, 4, 7, 15, 14, 3, 5, 9, 44, 21, 37, 23, 35, 28, 31, 39, 38, 27, 29, 33, 20, 45, 13, 47) "
"OP(10,24,8,8)",0,Solved,"0,0540"," (4t+2)","0,0584","(\infty, 34, 15, 4, 20, \infty, 44, 28, 39, 10) (12, 40, 22, 43, 21, 38, 23, 13, 8, 1, 2, 11, 36, 16, 46, 19, 45, 14, 47, 37, 32, 25, 26, 35) (9, 17, 31, 18, 6, 0, 3, 5) (33, 41, 7, 42, 30, 24, 27, 29) "
"OP(25,9,8,5,3)",,Infeasible,,Table config is not valid,,
"OP(10,24,8,4,4)",0,Solved,"0,0650"," (4t+2)","0,0682","(\infty, 5, 8, 40, 7, \infty, 31, 16, 32, 29) (38, 3, 44, 4, 26, 47, 9, 39, 0, 46, 41, 42, 14, 27, 20, 28, 2, 23, 33, 15, 24, 22, 17, 18) (37, 25, 19, 36, 13, 1, 43, 12) (45, 11, 30, 34) (21, 35, 6, 10) "
"OP(25,9,7,6,3)",,Infeasible,,Table config is not valid,,
"OP(25,9,7,5,4)",,Infeasible,,Table config is not valid,,
"OP(25,9,7,3,3,3)",,Infeasible,,Table config is not valid,,
"OP(10,24,6,6,4)",0,Solved,"0,1090"," (4t+2)","0,1127","(\infty, 0, 4, 17, 46, \infty, 22, 41, 28, 24) (7, 23, 9, 3, 8, 15, 12, 45, 25, 43, 20, 10, 31, 47, 33, 27, 32, 39, 36, 21, 1, 19, 44, 34) (2, 11, 42, 6, 5, 13) (26, 35, 18, 30, 29, 37) (14, 16, 38, 40) "
"OP(10,24,6,5,5)",0,Solved,"0,0930"," (4t+2)","0,0967","(\infty, 40, 45, 14, 2, \infty, 26, 38, 21, 16) (46, 37, 39, 9, 23, 44, 19, 4, 17, 1, 11, 3, 22, 13, 15, 33, 47, 20, 43, 28, 41, 25, 35, 27) (0, 7, 18, 24, 31, 42) (6, 10, 36, 8, 5) (30, 34, 12, 32, 29) "
"OP(10,24,6,4,3,3)",0,Solved,"0,1380"," (4t+2)","0,1421","(\infty, 44, 42, 33, 28, \infty, 4, 9, 18, 20) (35, 3, 31, 41, 37, 38, 46, 34, 40, 43, 24, 45, 11, 27, 7, 17, 13, 14, 22, 10, 16, 19, 0, 21) (6, 36, 5, 30, 12, 29) (26, 39, 2, 15) (25, 32, 47) (1, 8, 23) "
"OP(10,24,5,5,3,3)",0,Solved,"0,0620"," (4t+2)","0,0655","(\infty, 3, 4, 6, 9, \infty, 33, 30, 28, 27) (5, 17, 34, 15, 1, 16, 26, 13, 8, 14, 23, 45, 29, 41, 10, 39, 25, 40, 2, 37, 32, 38, 47, 21) (18, 36, 44, 19, 46) (42, 12, 20, 43, 22) (0, 7, 11) (24, 31, 35) "
"OP(25,9,5,4,4,3)",,Infeasible,,Table config is not valid,,
"OP(10,24,4,4,4,4)",0,Solved,"0,0490"," (4t+2)","0,0535","(\infty, 7, 44, 38, 41, \infty, 17, 14, 20, 31) (39, 3, 13, 12, 33, 40, 8, 42, 11, 46, 28, 23, 15, 27, 37, 36, 9, 16, 32, 18, 35, 22, 4, 47) (30, 10, 19, 45) (6, 34, 43, 21) (24, 26, 1, 5) (0, 2, 25, 29) "
"OP(10,24,4,3,3,3,3)",0,Solved,"0,1830"," (4t+2)","0,1885","(\infty, 15, 47, 13, 5, \infty, 29, 37, 23, 39) (4, 7, 19, 41, 16, 1, 6, 10, 38, 20, 18, 45, 28, 31, 43, 17, 40, 25, 30, 34, 14, 44, 42, 21) (11, 0, 35, 24) (8, 2, 9) (32, 26, 33) (3, 12, 22) (27, 36, 46) "
"OP(4,8,8,6,24)",0,Solved,"0,0740"," (4t+2)","0,0788","(\infty, 1, \infty, 25) (2, 3, 5, 8, 13, 6, 16, 10) (26, 27, 29, 32, 37, 30, 40, 34) (15, 4, 0, 39, 28, 24) (17, 35, 47, 19, 36, 7, 21, 44, 18, 33, 46, 14, 41, 11, 23, 43, 12, 31, 45, 20, 42, 9, 22, 38) "
"OP(6,8,8,24,4)",0,Solved,"0,0700"," (4t+2)","0,0761","(\infty, 17, 1, \infty, 25, 41) (42, 8, 12, 4, 14, 23, 6, 9) (18, 32, 36, 28, 38, 47, 30, 33) (16, 43, 15, 45, 20, 46, 10, 3, 2, 7, 5, 11, 40, 19, 39, 21, 44, 22, 34, 27, 26, 31, 29, 35) (0, 13, 24, 37) "
"OP(4,8,8,24,3,3)",0,Solved,"0,0410"," (4t+2)","0,0452","(\infty, 22, \infty, 46) (36, 40, 0, 30, 41, 5, 10, 3) (12, 16, 24, 6, 17, 29, 34, 27) (14, 23, 45, 43, 33, 1, 26, 20, 37, 8, 11, 39, 38, 47, 21, 19, 9, 25, 2, 44, 13, 32, 35, 15) (7, 28, 42) (31, 4, 18) "
"OP(4,8,7,7,24)",0,Solved,"0,0670"," (4t+2)","0,0718","(\infty, 13, \infty, 37) (23, 10, 4, 0, 47, 34, 28, 24) (9, 1, 8, 20, 6, 35, 19) (33, 25, 32, 44, 30, 11, 43) (38, 17, 45, 12, 3, 5, 2, 7, 18, 40, 22, 39, 14, 41, 21, 36, 27, 29, 26, 31, 42, 16, 46, 15) "
"OP(8,8,24,6,4)",0,Solved,"0,1000"," (4t+2)","0,1043","(\infty, 17, 2, 3, \infty, 27, 26, 41) (1, 6, 8, 11, 25, 30, 32, 35) (10, 46, 15, 33, 14, 5, 45, 7, 13, 20, 36, 23, 34, 22, 39, 9, 38, 29, 21, 31, 37, 44, 12, 47) (16, 42, 19, 40, 18, 43) (4, 0, 28, 24) "
"OP(8,8,24,5,5)",0,Solved,"0,0490"," (4t+2)","0,0536","(\infty, 42, 22, 6, \infty, 30, 46, 18) (16, 4, 17, 47, 40, 28, 41, 23) (20, 43, 10, 36, 15, 7, 1, 2, 11, 21, 32, 13, 44, 19, 34, 12, 39, 31, 25, 26, 35, 45, 8, 37) (9, 14, 0, 3, 5) (33, 38, 24, 27, 29) "
"OP(8,8,24,4,3,3)",0,Solved,"0,0830"," (4t+2)","0,0862","(\infty, 34, 15, 42, \infty, 18, 39, 10) (31, 3, 29, 23, 7, 27, 5, 47) (35, 37, 33, 44, 32, 24, 6, 45, 4, 38, 43, 26, 11, 13, 9, 20, 8, 0, 30, 21, 28, 14, 19, 2) (17, 40, 41, 16) (1, 36, 46) (25, 12, 22) "
"OP(6,8,6,6,24)",0,Solved,"0,0690"," (4t+2)","0,0728","(\infty, 3, 41, \infty, 17, 27) (0, 6, 11, 39, 24, 30, 35, 15) (13, 21, 22, 44, 14, 2) (37, 45, 46, 20, 38, 26) (8, 1, 10, 7, 5, 9, 28, 12, 47, 16, 43, 18, 32, 25, 34, 31, 29, 33, 4, 36, 23, 40, 19, 42) "
"OP(6,8,6,24,3,3)",0,Solved,"0,1100"," (4t+2)","0,1144","(\infty, 6, 8, \infty, 32, 30) (22, 4, 29, 12, 46, 28, 5, 36) (40, 11, 1, 16, 35, 25) (17, 14, 2, 23, 18, 19, 13, 45, 34, 27, 7, 15, 41, 38, 26, 47, 42, 43, 37, 21, 10, 3, 31, 39) (9, 44, 0) (33, 20, 24) "
"OP(4,8,6,4,4,24)",0,Solved,"0,0700"," (4t+2)","0,0741","(\infty, 4, \infty, 28) (5, 6, 2, 15, 29, 30, 26, 39) (7, 13, 11, 31, 37, 35) (3, 8, 19, 10) (27, 32, 43, 34) (12, 0, 16, 46, 20, 45, 18, 1, 9, 47, 14, 17, 36, 24, 40, 22, 44, 21, 42, 25, 33, 23, 38, 41) "
"OP(4,8,5,5,4,24)",0,Solved,"0,0460"," (4t+2)","0,0520","(\infty, 9, \infty, 33) (2, 1, 13, 6, 26, 25, 37, 30) (17, 8, 23, 45, 11) (41, 32, 47, 21, 35) (0, 5, 24, 29) (43, 18, 7, 15, 12, 10, 14, 4, 20, 3, 16, 46, 19, 42, 31, 39, 36, 34, 38, 28, 44, 27, 40, 22) "
"OP(6,8,24,4,4,4)",0,Solved,"0,1450"," (4t+2)","0,1521","(\infty, 10, 0, \infty, 24, 34) (18, 21, 17, 29, 42, 45, 41, 5) (1, 27, 20, 40, 32, 15, 9, 23, 2, 13, 14, 43, 25, 3, 44, 16, 8, 39, 33, 47, 26, 37, 38, 19) (11, 36, 4, 6) (35, 12, 28, 30) (7, 46, 31, 22) "
"OP(6,8,24,3,3,3,3)",0,Solved,"0,0430"," (4t+2)","0,0474","(\infty, 5, 13, \infty, 37, 29) (8, 19, 39, 17, 32, 43, 15, 41) (12, 7, 4, 0, 2, 3, 9, 16, 30, 14, 45, 18, 36, 31, 28, 24, 26, 27, 33, 40, 6, 38, 21, 42) (22, 35, 47) (46, 11, 23) (1, 20, 10) (25, 44, 34) "
"OP(4,8,4,4,24,3,3)",0,Solved,"0,0470"," (4t+2)","0,0515","(\infty, 2, \infty, 26) (3, 4, 6, 10, 27, 28, 30, 34) (1, 7, 12, 15) (25, 31, 36, 39) (11, 20, 5, 16, 9, 22, 41, 14, 37, 21, 43, 23, 35, 44, 29, 40, 33, 46, 17, 38, 13, 45, 19, 47) (18, 0, 8) (42, 24, 32) "
"OP(8,24,7,7,4)",0,Solved,"0,0620"," (4t+2)","0,0667","(\infty, 46, 42, 8, \infty, 32, 18, 22) (4, 26, 9, 37, 34, 45, 35, 43, 25, 31, 44, 5, 28, 2, 33, 13, 10, 21, 11, 19, 1, 7, 20, 29) (47, 0, 27, 39, 6, 38, 40) (23, 24, 3, 15, 30, 14, 16) (41, 36, 17, 12) "
"OP(6,7,7,6,24)",0,Solved,"0,0520"," (4t+2)","0,0571","(\infty, 44, 18, \infty, 42, 20) (5, 7, 3, 11, 14, 23, 4) (29, 31, 27, 35, 38, 47, 28) (0, 6, 19, 24, 30, 43) (12, 1, 8, 46, 34, 17, 2, 16, 39, 21, 37, 9, 36, 25, 32, 22, 10, 41, 26, 40, 15, 45, 13, 33) "
"OP(6,7,7,24,3,3)",0,Solved,"0,1480"," (4t+2)","0,1527","(\infty, 12, 42, \infty, 18, 36) (44, 19, 21, 0, 15, 31, 9) (20, 43, 45, 24, 39, 7, 33) (10, 13, 2, 46, 17, 3, 11, 1, 8, 14, 5, 6, 34, 37, 26, 22, 41, 27, 35, 25, 32, 38, 29, 30) (16, 4, 47) (40, 28, 23) "
"OP(4,7,7,4,4,24)",0,Solved,"0,0190"," (4t+2)","0,0235","(\infty, 1, \infty, 25) (4, 3, 6, 2, 0, 5, 11) (28, 27, 30, 26, 24, 29, 35) (19, 9, 22, 38) (43, 33, 46, 14) (20, 32, 15, 7, 16, 34, 13, 47, 36, 21, 41, 18, 44, 8, 39, 31, 40, 10, 37, 23, 12, 45, 17, 42) "
"OP(8,24,6,6,6)",0,Solved,"0,1040"," (4t+2)","0,1079","(\infty, 2, 3, 0, \infty, 24, 27, 26) (4, 10, 23, 16, 31, 9, 20, 36, 22, 39, 11, 38, 28, 34, 47, 40, 7, 33, 44, 12, 46, 15, 35, 14) (8, 6, 1, 45, 5, 17) (32, 30, 25, 21, 29, 41) (13, 42, 19, 37, 18, 43) "
"OP(8,24,6,6,3,3)",0,Solved,"0,1990"," (4t+2)","0,2036","(\infty, 13, 25, 19, \infty, 43, 1, 37) (29, 6, 24, 14, 33, 12, 28, 45, 23, 22, 20, 40, 5, 30, 0, 38, 9, 36, 4, 21, 47, 46, 44, 16) (8, 17, 31, 26, 15, 11) (32, 41, 7, 2, 39, 35) (10, 3, 18) (34, 27, 42) "
"OP(25,7,6,5,4,3)",,Infeasible,,Table config is not valid,,
"OP(8,24,6,4,4,4)",0,Solved,"0,0440"," (4t+2)","0,0481","(\infty, 45, 23, 37, \infty, 13, 47, 21) (7, 20, 41, 11, 42, 22, 34, 19, 12, 6, 1, 2, 31, 44, 17, 35, 18, 46, 10, 43, 36, 30, 25, 26) (15, 4, 14, 39, 28, 38) (3, 5, 9, 0) (27, 29, 33, 24) (16, 8, 40, 32) "
"OP(8,24,6,3,3,3,3)",0,Solved,"0,0550"," (4t+2)","0,0589","(\infty, 0, 3, 8, \infty, 32, 27, 24) (5, 1, 7, 15, 35, 47, 13, 46, 14, 44, 21, 42, 29, 25, 31, 39, 11, 23, 37, 22, 38, 20, 45, 18) (4, 2, 9, 28, 26, 33) (6, 16, 17) (30, 40, 41) (36, 10, 19) (12, 34, 43) "
"OP(25,7,5,5,5,3)",,Infeasible,,Table config is not valid,,
"OP(8,24,5,5,4,4)",0,Solved,"0,0460"," (4t+2)","0,0503","(\infty, 47, 21, 7, \infty, 31, 45, 23) (44, 11, 42, 17, 37, 16, 32, 19, 12, 6, 1, 2, 20, 35, 18, 41, 13, 40, 8, 43, 36, 30, 25, 26) (15, 4, 14, 22, 34) (39, 28, 38, 46, 10) (9, 0, 3, 5) (33, 24, 27, 29) "
"OP(25,7,5,4,3,3,3)",,Infeasible,,Table config is not valid,,
"OP(8,24,4,4,4,3,3)",0,Solved,"0,1540"," (4t+2)","0,1574","(\infty, 38, 12, 4, \infty, 28, 36, 14) (43, 8, 5, 6, 13, 9, 11, 0, 16, 47, 18, 39, 19, 32, 29, 30, 37, 33, 35, 24, 40, 23, 42, 15) (1, 10, 22, 7) (25, 34, 46, 31) (17, 3, 41, 27) (20, 2, 45) (44, 26, 21) "
"OP(8,24,3,3,3,3,3,3)",0,Solved,"0,1260"," (4t+2)","0,1314","(\infty, 18, 33, 20, \infty, 44, 9, 42) (10, 3, 6, 1, 5, 7, 39, 21, 41, 22, 43, 12, 34, 27, 30, 25, 29, 31, 15, 45, 17, 46, 19, 36) (23, 11, 0) (47, 35, 24) (2, 8, 16) (26, 32, 40) (14, 4, 13) (38, 28, 37) "
"OP(4,6,6,6,4,24)",0,Solved,"0,0600"," (4t+2)","0,0648","(\infty, 20, \infty, 44) (12, 16, 17, 1, 42, 47) (36, 40, 41, 25, 18, 23) (5, 43, 3, 29, 19, 27) (2, 8, 26, 32) (13, 11, 38, 9, 21, 46, 7, 4, 15, 0, 34, 6, 37, 35, 14, 33, 45, 22, 31, 28, 39, 24, 10, 30) "
"OP(4,6,6,5,5,24)",0,Solved,"0,0540"," (4t+2)","0,0588","(\infty, 21, \infty, 45) (40, 13, 5, 3, 9, 22) (16, 37, 29, 27, 33, 46) (7, 4, 0, 17, 18) (31, 28, 24, 41, 42) (6, 1, 8, 20, 34, 11, 2, 12, 38, 19, 47, 15, 30, 25, 32, 44, 10, 35, 26, 36, 14, 43, 23, 39) "
"OP(6,6,6,24,4,4)",0,Solved,"0,0470"," (4t+2)","0,0512","(\infty, 7, 17, \infty, 41, 31) (8, 13, 38, 22, 10, 43) (32, 37, 14, 46, 34, 19) (4, 0, 2, 3, 6, 12, 23, 40, 18, 39, 21, 35, 28, 24, 26, 27, 30, 36, 47, 16, 42, 15, 45, 11) (9, 1, 20, 29) (33, 25, 44, 5) "
"OP(4,6,6,4,24,3,3)",0,Solved,"0,1170"," (4t+2)","0,1216","(\infty, 9, \infty, 33) (41, 18, 14, 6, 3, 21) (17, 42, 38, 30, 27, 45) (10, 5, 34, 29) (7, 1, 13, 23, 12, 44, 22, 8, 43, 16, 15, 0, 31, 25, 37, 47, 36, 20, 46, 32, 19, 40, 39, 24) (11, 4, 2) (35, 28, 26) "
"OP(6,6,24,5,5,4)",0,Solved,"0,2240"," (4t+2)","0,2286","(\infty, 11, 45, \infty, 21, 35) (5, 16, 42, 29, 40, 18) (15, 43, 22, 47, 17, 36, 20, 14, 2, 7, 0, 8, 39, 19, 46, 23, 41, 12, 44, 38, 26, 31, 24, 32) (9, 13, 3, 4, 6) (33, 37, 27, 28, 30) (1, 10, 25, 34) "
"OP(4,6,5,5,24,3,3)",0,Solved,"0,1070"," (4t+2)","0,1112","(\infty, 2, \infty, 26) (3, 4, 0, 27, 28, 24) (5, 11, 19, 7, 21) (29, 35, 43, 31, 45) (17, 14, 23, 12, 40, 15, 33, 46, 13, 42, 20, 10, 41, 38, 47, 36, 16, 39, 9, 22, 37, 18, 44, 34) (6, 1, 8) (30, 25, 32) "
"OP(6,6,24,4,4,3,3)",0,Solved,"0,1470"," (4t+2)","0,1511","(\infty, 45, 9, \infty, 33, 21) (2, 4, 10, 26, 28, 34) (43, 22, 40, 23, 38, 18, 37, 15, 6, 41, 7, 44, 19, 46, 16, 47, 14, 42, 13, 39, 30, 17, 31, 20) (5, 1, 11, 12) (29, 25, 35, 36) (3, 0, 8) (27, 24, 32) "
"OP(4,6,4,4,4,4,24)",0,Solved,"0,0600"," (4t+2)","0,0647","(\infty, 4, \infty, 28) (5, 6, 2, 29, 30, 26) (7, 17, 39, 21) (31, 41, 15, 45) (3, 8, 19, 10) (27, 32, 43, 34) (12, 0, 13, 42, 22, 47, 16, 1, 9, 11, 14, 20, 36, 24, 37, 18, 46, 23, 40, 25, 33, 35, 38, 44) "
"OP(4,6,4,24,3,3,3,3)",0,Solved,"0,0480"," (4t+2)","0,0529","(\infty, 22, \infty, 46) (18, 6, 4, 42, 30, 28) (23, 0, 47, 24) (14, 35, 19, 5, 2, 8, 21, 10, 39, 17, 37, 20, 38, 11, 43, 29, 26, 32, 45, 34, 15, 41, 13, 44) (1, 16, 9) (25, 40, 33) (12, 7, 3) (36, 31, 27) "
"OP(6,24,5,5,5,5)",0,Solved,"0,1050"," (4t+2)","0,1089","(\infty, \infty, 23, 27, 3, 47) (1, 26, 45, 37, 15, 0, 7, 28, 11, 9, 6, 12, 25, 2, 21, 13, 39, 24, 31, 4, 35, 33, 30, 36) (8, 20, 34, 16, 17) (32, 44, 10, 40, 41) (43, 38, 22, 42, 5) (19, 14, 46, 18, 29) "
"OP(6,24,5,5,4,3,3)",0,Solved,"0,0480"," (4t+2)","0,0553","(\infty, 11, 3, \infty, 27, 35) (14, 5, 16, 42, 9, 41, 13, 8, 6, 12, 43, 20, 38, 29, 40, 18, 33, 17, 37, 32, 30, 36, 19, 44) (22, 21, 2, 23, 10) (46, 45, 26, 47, 34) (15, 1, 39, 25) (4, 0, 7) (28, 24, 31) "
"OP(4,5,5,4,4,4,24)",0,Solved,"0,0490"," (4t+2)","0,0536","(\infty, 1, \infty, 25) (8, 3, 6, 2, 0) (32, 27, 30, 26, 24) (18, 4, 5, 11) (42, 28, 29, 35) (16, 7, 40, 31) (34, 21, 47, 15, 36, 19, 9, 20, 38, 13, 41, 22, 10, 45, 23, 39, 12, 43, 33, 44, 14, 37, 17, 46) "
"OP(4,5,5,24,3,3,3,3)",0,Solved,"0,0480"," (4t+2)","0,0515","(\infty, 47, \infty, 23) (42, 16, 30, 43, 24) (18, 40, 6, 19, 0) (38, 17, 5, 15, 7, 3, 46, 26, 11, 9, 8, 45, 14, 41, 29, 39, 31, 27, 22, 2, 35, 33, 32, 21) (1, 4, 10) (25, 28, 34) (36, 20, 13) (12, 44, 37) "
"OP(6,24,4,4,4,4,4)",0,Solved,"0,3160"," (4t+2)","0,3197","(\infty, 4, 0, \infty, 24, 28) (45, 33, 19, 11, 2, 8, 15, 47, 14, 36, 18, 46, 21, 9, 43, 35, 26, 32, 39, 23, 38, 12, 42, 22) (5, 6, 17, 7) (29, 30, 41, 31) (13, 34, 3, 16) (37, 10, 27, 40) (20, 1, 44, 25) "
"OP(6,24,4,4,3,3,3,3)",0,Solved,"0,1250"," (4t+2)","0,1281","(\infty, 33, 19, \infty, 43, 9) (6, 24, 8, 39, 44, 7, 1, 10, 36, 28, 38, 45, 30, 0, 32, 15, 20, 31, 25, 34, 12, 4, 14, 21) (46, 18, 47, 11) (22, 42, 23, 35) (17, 16, 13) (41, 40, 37) (5, 26, 3) (29, 2, 27) "
"OP(4,4,4,4,4,24,3,3)",0,Solved,"0,0370"," (4t+2)","0,0407","(\infty, 21, \infty, 45) (18, 8, 1, 4) (42, 32, 25, 28) (5, 10, 33, 16) (29, 34, 9, 40) (17, 46, 13, 12, 3, 11, 38, 20, 7, 19, 47, 15, 41, 22, 37, 36, 27, 35, 14, 44, 31, 43, 23, 39) (6, 0, 2) (30, 24, 26) "
"OP(4,4,24,3,3,3,3,3,3)",0,Solved,"0,2800"," (4t+2)","0,2841","(\infty, 45, \infty, 21) (3, 1, 27, 25) (33, 34, 13, 7, 4, 14, 42, 5, 23, 16, 41, 22, 9, 10, 37, 31, 28, 38, 18, 29, 47, 40, 17, 46) (20, 6, 15) (44, 30, 39) (19, 2, 35) (43, 26, 11) (12, 0, 8) (36, 24, 32) "
OP(4),0,Solved,"0,0390"," (4t+2)","0,0430","(\infty, 12, \infty, 36) "
"OP(24,22,4)",0,Solved,"0,1290"," (4t+2)","0,1330","(\infty, 4, 2, 1, 8, 14, 30, 20, 12, 7, 3, 0, \infty, 24, 27, 31, 36, 44, 6, 38, 32, 25, 26, 28) (23, 41, 19, 39, 22, 37, 10, 35, 21, 9, 18, 47, 17, 43, 15, 46, 13, 34, 11, 45, 33, 42) (16, 5, 40, 29) "
"OP(6,20,24)",0,Solved,"0,0440"," (4t+2)","0,0489","(\infty, 17, 7, \infty, 31, 41) (36, 23, 11, 40, 18, 38, 20, 37, 21, 46, 12, 47, 35, 16, 42, 14, 44, 13, 45, 22) (8, 1, 2, 10, 19, 30, 15, 9, 4, 0, 3, 5, 32, 25, 26, 34, 43, 6, 39, 33, 28, 24, 27, 29) "
"OP(24,20,6)",0,Solved,"0,0450"," (4t+2)","0,0491","(\infty, 14, 4, 12, 21, 35, 13, 41, 23, 40, 19, 44, \infty, 20, 43, 16, 47, 17, 37, 11, 45, 36, 28, 38) (10, 6, 1, 2, 8, 15, 31, 42, 9, 22, 34, 30, 25, 26, 32, 39, 7, 18, 33, 46) (0, 3, 5, 24, 27, 29) "
"OP(24,20,3,3)",0,Solved,"0,0420"," (4t+2)","0,0457","(\infty, 15, 4, 13, 23, 46, 16, 38, 10, 44, 12, 43, \infty, 19, 36, 20, 34, 14, 40, 22, 47, 37, 28, 39) (11, 7, 1, 2, 9, 17, 32, 45, 18, 6, 35, 31, 25, 26, 33, 41, 8, 21, 42, 30) (0, 5, 3) (24, 29, 27) "
"OP(8,18,24)",0,Solved,"0,0530"," (4t+2)","0,0569","(\infty, 1, 4, 11, \infty, 35, 28, 25) (3, 2, 0, 5, 9, 15, 6, 14, 37, 27, 26, 24, 29, 33, 39, 30, 38, 13) (34, 19, 7, 18, 32, 45, 17, 46, 16, 47, 20, 36, 10, 43, 31, 42, 8, 21, 41, 22, 40, 23, 44, 12) "
"OP(4,18,4,24)",0,Solved,"0,0580"," (4t+2)","0,0617","(\infty, 4, \infty, 28) (45, 10, 43, 6, 20, 3, 5, 15, 40, 21, 34, 19, 30, 44, 27, 29, 39, 16) (17, 13, 41, 37) (11, 2, 18, 0, 7, 12, 9, 8, 14, 22, 1, 23, 35, 26, 42, 24, 31, 36, 33, 32, 38, 46, 25, 47) "
"OP(24,18,8)",0,Solved,"0,0520"," (4t+2)","0,0558","(\infty, 42, 23, 41, 19, 35, 10, 37, 22, 8, 21, 38, \infty, 14, 45, 32, 46, 13, 34, 11, 43, 17, 47, 18) (20, 12, 7, 3, 9, 16, 4, 15, 6, 44, 36, 31, 27, 33, 40, 28, 39, 30) (1, 0, 2, 5, 25, 24, 26, 29) "
"OP(4,18,4,24)",0,Solved,"0,0570"," (4t+2)","0,0617","(\infty, 4, \infty, 28) (45, 10, 43, 6, 20, 3, 5, 15, 40, 21, 34, 19, 30, 44, 27, 29, 39, 16) (17, 13, 41, 37) (11, 2, 18, 0, 7, 12, 9, 8, 14, 22, 1, 23, 35, 26, 42, 24, 31, 36, 33, 32, 38, 46, 25, 47) "
"OP(24,18,4,4)",0,Solved,"0,0590"," (4t+2)","0,0630","(\infty, 4, 5, 7, 2, 11, 21, 44, 14, 3, 18, 34, \infty, 10, 42, 27, 38, 20, 45, 35, 26, 31, 29, 28) (37, 6, 0, 8, 43, 15, 41, 22, 1, 13, 30, 24, 32, 19, 39, 17, 46, 25) (9, 12, 16, 23) (33, 36, 40, 47) "
"OP(10,16,24)",0,Solved,"0,0490"," (4t+2)","0,0529","(\infty, 11, 22, 47, 13, \infty, 37, 23, 46, 35) (21, 34, 19, 7, 0, 18, 2, 6, 45, 10, 43, 31, 24, 42, 26, 30) (16, 33, 14, 8, 3, 1, 4, 5, 15, 41, 20, 12, 40, 9, 38, 32, 27, 25, 28, 29, 39, 17, 44, 36) "
"OP(4,16,6,24)",0,Solved,"0,0520"," (4t+2)","0,0571","(\infty, \infty, 23, 47) (11, 22, 36, 21, 44, 17, 7, 0, 35, 46, 12, 45, 20, 41, 31, 24) (18, 2, 6, 42, 26, 30) (16, 33, 14, 8, 3, 1, 4, 5, 13, 39, 19, 10, 40, 9, 38, 32, 27, 25, 28, 29, 37, 15, 43, 34) "
"OP(6,16,24,4)",0,Solved,"0,0530"," (4t+2)","0,0593","(\infty, 2, 4, \infty, 28, 26) (5, 6, 11, 21, 37, 16, 27, 10, 29, 30, 35, 45, 13, 40, 3, 34) (22, 7, 42, 17, 43, 15, 23, 9, 0, 12, 8, 1, 46, 31, 18, 41, 19, 39, 47, 33, 24, 36, 32, 25) (20, 14, 44, 38) "
"OP(4,16,24,3,3)",0,Solved,"0,0710"," (4t+2)","0,0747","(\infty, 19, \infty, 43) (1, 10, 15, 31, 12, 9, 5, 4, 25, 34, 39, 7, 36, 33, 29, 28) (3, 13, 2, 14, 21, 35, 20, 46, 18, 41, 23, 40, 27, 37, 26, 38, 45, 11, 44, 22, 42, 17, 47, 16) (0, 8, 6) (24, 32, 30) "
"OP(24,16,10)",0,Solved,"0,0520"," (4t+2)","0,0599","(\infty, 9, 6, 11, 44, 15, 3, 13, 7, 14, 16, 5, \infty, 29, 40, 38, 31, 37, 27, 39, 20, 35, 30, 33) (4, 17, 0, 21, 47, 46, 12, 8, 28, 41, 24, 45, 23, 22, 36, 32) (43, 18, 2, 10, 1, 19, 42, 26, 34, 25) "
"OP(4,16,6,24)",0,Solved,"0,0440"," (4t+2)","0,0482","(\infty, \infty, 23, 47) (11, 22, 36, 21, 44, 17, 7, 0, 35, 46, 12, 45, 20, 41, 31, 24) (18, 2, 6, 42, 26, 30) (16, 33, 14, 8, 3, 1, 4, 5, 13, 39, 19, 10, 40, 9, 38, 32, 27, 25, 28, 29, 37, 15, 43, 34) "
"OP(24,16,6,4)",0,Solved,"0,0620"," (4t+2)","0,0662","(\infty, 9, 13, 42, 41, 4, 26, 29, 24, 11, 34, 3, \infty, 27, 10, 35, 0, 5, 2, 28, 17, 18, 37, 33) (1, 8, 46, 40, 6, 14, 44, 23, 25, 32, 22, 16, 30, 38, 20, 47) (39, 19, 31, 15, 43, 7) (12, 21, 36, 45) "
"OP(24,16,5,5)",0,Solved,"0,0480"," (4t+2)","0,0524","(\infty, 41, 19, 39, 20, 9, 0, 5, 4, 11, 7, 1, \infty, 25, 31, 35, 28, 29, 24, 33, 44, 15, 43, 17) (3, 6, 14, 2, 12, 37, 21, 42, 27, 30, 38, 26, 36, 13, 45, 18) (23, 40, 22, 8, 10) (47, 16, 46, 32, 34) "
"OP(24,16,4,3,3)",0,Solved,"0,1430"," (4t+2)","0,1474","(\infty, \infty, 23, 9, 37, 1, 40, 2, 18, 39, 17, 6, 21, 45, 30, 41, 15, 42, 26, 16, 25, 13, 33, 47) (8, 43, 14, 44, 4, 10, 11, 7, 32, 19, 38, 20, 28, 34, 35, 31) (5, 12, 29, 36) (46, 3, 0) (22, 27, 24) "
"OP(12,14,24)",0,Solved,"0,0640"," (4t+2)","0,0677","(\infty, 46, 45, 25, 39, 2, \infty, 26, 15, 1, 21, 22) (37, 33, 0, 29, 32, 42, 34, 13, 9, 24, 5, 8, 18, 10) (40, 35, 41, 43, 31, 44, 27, 4, 36, 6, 47, 38, 16, 11, 17, 19, 7, 20, 3, 28, 12, 30, 23, 14) "
"OP(4,14,8,24)",0,Solved,"0,0620"," (4t+2)","0,0657","(\infty, 4, \infty, 28) (5, 6, 2, 11, 14, 20, 39, 29, 30, 26, 35, 38, 44, 15) (3, 8, 10, 40, 27, 32, 34, 16) (7, 0, 12, 43, 17, 42, 21, 1, 9, 46, 13, 47, 31, 24, 36, 19, 41, 18, 45, 25, 33, 22, 37, 23) "
"OP(8,14,24,4)",0,Solved,"0,1910"," (4t+2)","0,1942","(\infty, 6, 18, 40, \infty, 16, 42, 30) (1, 0, 2, 5, 9, 15, 36, 25, 24, 26, 29, 33, 39, 12) (34, 19, 11, 4, 13, 23, 41, 21, 46, 14, 31, 44, 10, 43, 35, 28, 37, 47, 17, 45, 22, 38, 7, 20) (8, 3, 32, 27) "
"OP(6,14,6,24)",0,Solved,"0,0730"," (4t+2)","0,0770","(\infty, 37, 31, \infty, 7, 13) (35, 46, 32, 40, 28, 45, 27, 11, 22, 8, 16, 4, 21, 3) (42, 43, 47, 18, 19, 23) (39, 41, 34, 44, 29, 38, 33, 30, 2, 24, 1, 36, 15, 17, 10, 20, 5, 14, 9, 6, 26, 0, 25, 12) "
"OP(6,14,24,3,3)",0,Solved,"0,0570"," (4t+2)","0,0633","(\infty, 5, 19, \infty, 43, 29) (0, 1, 3, 6, 10, 17, 35, 24, 25, 27, 30, 34, 41, 11) (44, 18, 46, 14, 39, 12, 45, 33, 16, 8, 2, 7, 20, 42, 22, 38, 15, 36, 21, 9, 40, 32, 26, 31) (23, 13, 4) (47, 37, 28) "
"OP(4,14,4,4,24)",0,Solved,"0,0430"," (4t+2)","0,0474","(\infty, 20, \infty, 44) (47, 13, 5, 3, 9, 10, 41, 23, 37, 29, 27, 33, 34, 17) (4, 0, 16, 7) (28, 24, 40, 31) (6, 1, 8, 19, 45, 12, 2, 14, 39, 18, 46, 11, 30, 25, 32, 43, 21, 36, 26, 38, 15, 42, 22, 35) "
"OP(24,14,12)",0,Solved,"0,0470"," (4t+2)","0,0511","(\infty, 37, 12, 40, 11, 22, 7, 23, 45, 14, 44, 17, \infty, 41, 20, 38, 21, 47, 31, 46, 35, 16, 36, 13) (18, 8, 1, 2, 10, 19, 6, 42, 32, 25, 26, 34, 43, 30) (15, 9, 4, 0, 3, 5, 39, 33, 28, 24, 27, 29) "
"OP(4,14,8,24)",0,Solved,"0,0620"," (4t+2)","0,0673","(\infty, 4, \infty, 28) (5, 6, 2, 11, 14, 20, 39, 29, 30, 26, 35, 38, 44, 15) (3, 8, 10, 40, 27, 32, 34, 16) (7, 0, 12, 43, 17, 42, 21, 1, 9, 46, 13, 47, 31, 24, 36, 19, 41, 18, 45, 25, 33, 22, 37, 23) "
"OP(24,14,8,4)",0,Solved,"0,1100"," (4t+2)","0,1144","(\infty, 19, 8, 0, 1, 3, 39, 4, 7, 2, 9, 5, \infty, 29, 33, 26, 31, 28, 15, 27, 25, 24, 32, 43) (10, 20, 11, 42, 23, 37, 12, 34, 44, 35, 18, 47, 13, 36) (21, 41, 14, 30, 45, 17, 38, 6) (22, 16, 46, 40) "
"OP(6,14,6,24)",0,Solved,"0,0810"," (4t+2)","0,0844","(\infty, 37, 31, \infty, 7, 13) (35, 46, 32, 40, 28, 45, 27, 11, 22, 8, 16, 4, 21, 3) (42, 43, 47, 18, 19, 23) (39, 41, 34, 44, 29, 38, 33, 30, 2, 24, 1, 36, 15, 17, 10, 20, 5, 14, 9, 6, 26, 0, 25, 12) "
"OP(24,14,6,6)",0,Solved,"0,0720"," (4t+2)","0,0766","(\infty, 4, 5, 7, 2, 19, 45, 32, 12, 3, 15, 42, \infty, 18, 39, 27, 36, 8, 21, 43, 26, 31, 29, 28) (13, 6, 0, 10, 14, 46, 23, 37, 30, 24, 34, 38, 22, 47) (16, 1, 9, 20, 17, 35) (40, 25, 33, 44, 41, 11) "
"OP(24,14,6,3,3)",0,Solved,"0,2010"," (4t+2)","0,2047","(\infty, 40, 23, 18, 8, 1, 7, 10, 44, 17, 46, 14, \infty, 38, 22, 41, 20, 34, 31, 25, 32, 42, 47, 16) (6, 4, 19, 39, 21, 9, 5, 30, 28, 43, 15, 45, 33, 29) (2, 13, 0, 26, 37, 24) (3, 12, 11) (27, 36, 35) "
"OP(4,14,4,4,24)",0,Solved,"0,0390"," (4t+2)","0,0442","(\infty, 20, \infty, 44) (47, 13, 5, 3, 9, 10, 41, 23, 37, 29, 27, 33, 34, 17) (4, 0, 16, 7) (28, 24, 40, 31) (6, 1, 8, 19, 45, 12, 2, 14, 39, 18, 46, 11, 30, 25, 32, 43, 21, 36, 26, 38, 15, 42, 22, 35) "
"OP(24,14,4,4,4)",0,Solved,"0,0440"," (4t+2)","0,0479","(\infty, 2, 3, 5, 8, 12, 1, 7, 14, 4, 16, 30, \infty, 6, 40, 28, 38, 31, 25, 36, 32, 29, 27, 26) (10, 35, 22, 43, 13, 45, 17, 34, 11, 46, 19, 37, 21, 41) (44, 15, 23, 18) (20, 39, 47, 42) (0, 9, 24, 33) "
"OP(24,14,3,3,3,3)",0,Solved,"0,0730"," (4t+2)","0,0768","(\infty, 12, 40, 1, 11, 47, 18, 43, 21, 7, 22, 4, \infty, 28, 46, 31, 45, 19, 42, 23, 35, 25, 16, 36) (29, 13, 6, 9, 8, 14, 3, 5, 37, 30, 33, 32, 38, 27) (10, 15, 2) (34, 39, 26) (17, 0, 44) (41, 24, 20) "
"OP(24,13,13)",0,Solved,"0,0790"," (4t+2)","0,0831","(\infty, 17, 2, 13, 23, 4, 3, 15, 33, 6, 38, 21, \infty, 45, 14, 30, 9, 39, 27, 28, 47, 37, 26, 41) (10, 16, 25, 11, 46, 18, 44, 19, 12, 8, 0, 5, 7) (34, 40, 1, 35, 22, 42, 20, 43, 36, 32, 24, 29, 31) "
"OP(4,12,10,24)",0,Solved,"0,0450"," (4t+2)","0,0492","(\infty, 1, \infty, 25) (2, 3, 9, 5, 13, 11, 26, 27, 33, 29, 37, 35) (6, 17, 39, 12, 43, 30, 41, 15, 36, 19) (0, 7, 4, 47, 8, 18, 34, 46, 21, 40, 20, 38, 24, 31, 28, 23, 32, 42, 10, 22, 45, 16, 44, 14) "
"OP(10,12,24,4)",0,Solved,"0,2010"," (4t+2)","0,2057","(\infty, 3, 2, 8, 11, \infty, 35, 32, 26, 27) (4, 0, 5, 7, 14, 6, 28, 24, 29, 31, 38, 30) (9, 18, 34, 44, 21, 39, 22, 41, 13, 25, 40, 19, 33, 42, 10, 20, 45, 15, 46, 17, 37, 1, 16, 43) (12, 23, 36, 47) "
"OP(6,12,8,24)",0,Solved,"0,1070"," (4t+2)","0,1120","(\infty, 45, 11, \infty, 35, 21) (1, 3, 4, 10, 20, 37, 25, 27, 28, 34, 44, 13) (12, 7, 0, 8, 36, 31, 24, 32) (19, 41, 18, 47, 14, 46, 33, 15, 6, 2, 5, 16, 43, 17, 42, 23, 38, 22, 9, 39, 30, 26, 29, 40) "
"OP(8,12,24,6)",0,Solved,"0,0760"," (4t+2)","0,0819","(\infty, 18, 19, 4, \infty, 28, 43, 42) (33, 3, 0, 37, 5, 1, 9, 27, 24, 13, 29, 25) (34, 20, 8, 36, 30, 7, 38, 11, 2, 40, 21, 23, 10, 44, 32, 12, 6, 31, 14, 35, 26, 16, 45, 47) (17, 39, 46, 41, 15, 22) "
"OP(8,12,24,3,3)",0,Solved,"0,0710"," (4t+2)","0,0751","(\infty, 4, 9, 18, \infty, 42, 33, 28) (5, 13, 38, 16, 46, 12, 29, 37, 14, 40, 22, 36) (0, 2, 3, 6, 10, 17, 32, 43, 15, 47, 35, 45, 24, 26, 27, 30, 34, 41, 8, 19, 39, 23, 11, 21) (1, 20, 7) (25, 44, 31) "
"OP(4,12,6,4,24)",0,Solved,"0,1070"," (4t+2)","0,1117","(\infty, 39, \infty, 15) (6, 17, 31, 18, 37, 12, 30, 41, 7, 42, 13, 36) (8, 35, 20, 32, 11, 44) (38, 22, 14, 46) (4, 1, 5, 10, 16, 23, 3, 2, 0, 9, 19, 45, 28, 25, 29, 34, 40, 47, 27, 26, 24, 33, 43, 21) "
"OP(4,12,5,5,24)",0,Solved,"0,0490"," (4t+2)","0,0529","(\infty, 4, \infty, 28) (5, 12, 17, 8, 16, 42, 29, 36, 41, 32, 40, 18) (6, 10, 0, 2, 3) (30, 34, 24, 26, 27) (19, 46, 13, 38, 21, 39, 23, 35, 7, 1, 20, 9, 43, 22, 37, 14, 45, 15, 47, 11, 31, 25, 44, 33) "
"OP(6,12,24,4,4)",0,Solved,"0,0440"," (4t+2)","0,0487","(\infty, 7, 17, \infty, 41, 31) (8, 13, 38, 22, 34, 19, 32, 37, 14, 46, 10, 43) (4, 0, 2, 3, 6, 12, 23, 40, 18, 39, 21, 35, 28, 24, 26, 27, 30, 36, 47, 16, 42, 15, 45, 11) (9, 1, 20, 29) (33, 25, 44, 5) "
"OP(4,12,4,24,3,3)",0,Solved,"0,0550"," (4t+2)","0,0596","(\infty, 2, \infty, 26) (4, 5, 7, 10, 17, 33, 28, 29, 31, 34, 41, 9) (16, 27, 40, 3) (18, 38, 13, 46, 19, 45, 15, 23, 6, 0, 12, 8, 42, 14, 37, 22, 43, 21, 39, 47, 30, 24, 36, 32) (1, 20, 11) (25, 44, 35) "
"OP(4,11,11,24)",0,Solved,"0,0400"," (4t+2)","0,0442","(\infty, 1, \infty, 25) (4, 3, 6, 2, 0, 5, 13, 22, 32, 17, 10) (28, 27, 30, 26, 24, 29, 37, 46, 8, 41, 34) (35, 18, 7, 20, 36, 16, 43, 9, 38, 15, 45, 23, 11, 42, 31, 44, 12, 40, 19, 33, 14, 39, 21, 47) "
"OP(24,12,10,4)",0,Solved,"0,2250"," (4t+2)","0,2300","(\infty, 18, 44, 17, 35, 16, 5, 15, 32, 19, 47, 14, \infty, 38, 23, 43, 8, 39, 29, 40, 11, 41, 20, 42) (9, 2, 7, 13, 22, 45, 33, 26, 31, 37, 46, 21) (10, 6, 3, 1, 0, 34, 30, 27, 25, 24) (12, 4, 36, 28) "
"OP(6,12,8,24)",0,Solved,"0,1560"," (4t+2)","0,1600","(\infty, 45, 11, \infty, 35, 21) (1, 3, 4, 10, 20, 37, 25, 27, 28, 34, 44, 13) (12, 7, 0, 8, 36, 31, 24, 32) (19, 41, 18, 47, 14, 46, 33, 15, 6, 2, 5, 16, 43, 17, 42, 23, 38, 22, 9, 39, 30, 26, 29, 40) "
"OP(24,12,8,6)",0,Solved,"0,0540"," (4t+2)","0,0578","(\infty, 14, 4, 11, 20, 33, 45, 13, 46, 23, 43, 12, \infty, 36, 19, 47, 22, 37, 21, 9, 44, 35, 28, 38) (10, 6, 1, 2, 8, 16, 34, 30, 25, 26, 32, 40) (15, 41, 7, 18, 39, 17, 31, 42) (0, 3, 5, 24, 27, 29) "
"OP(24,12,8,3,3)",0,Solved,"0,1110"," (4t+2)","0,1178","(\infty, 22, 11, 15, 32, 44, 47, 9, 17, 10, 19, 0, \infty, 24, 43, 34, 41, 33, 23, 20, 8, 39, 35, 46) (1, 6, 4, 36, 18, 45, 25, 30, 28, 12, 42, 21) (7, 13, 38, 5, 31, 37, 14, 29) (2, 16, 3) (26, 40, 27) "
"OP(24,12,7,7)",0,Solved,"0,0500"," (4t+2)","0,0538","(\infty, 34, 20, 7, 19, 36, 15, 38, 23, 42, 22, 40, \infty, 16, 46, 18, 47, 14, 39, 12, 43, 31, 44, 10) (13, 8, 1, 2, 11, 21, 37, 32, 25, 26, 35, 45) (9, 17, 28, 6, 0, 3, 5) (33, 41, 4, 30, 24, 27, 29) "
"OP(4,12,6,4,24)",0,Solved,"0,1000"," (4t+2)","0,1041","(\infty, 39, \infty, 15) (6, 17, 31, 18, 37, 12, 30, 41, 7, 42, 13, 36) (8, 35, 20, 32, 11, 44) (38, 22, 14, 46) (4, 1, 5, 10, 16, 23, 3, 2, 0, 9, 19, 45, 28, 25, 29, 34, 40, 47, 27, 26, 24, 33, 43, 21) "
"OP(4,12,5,5,24)",0,Solved,"0,0510"," (4t+2)","0,0546","(\infty, 4, \infty, 28) (5, 12, 17, 8, 16, 42, 29, 36, 41, 32, 40, 18) (6, 10, 0, 2, 3) (30, 34, 24, 26, 27) (19, 46, 13, 38, 21, 39, 23, 35, 7, 1, 20, 9, 43, 22, 37, 14, 45, 15, 47, 11, 31, 25, 44, 33) "
"OP(24,12,6,4,4)",0,Solved,"0,0480"," (4t+2)","0,0524","(\infty, 2, 4, 5, 9, 14, 22, 37, 16, 27, 41, 18, \infty, 42, 17, 3, 40, 13, 46, 38, 33, 29, 28, 26) (47, 12, 43, 31, 15, 45, 23, 36, 19, 7, 39, 21) (6, 0, 10, 30, 24, 34) (8, 1, 20, 11) (32, 25, 44, 35) "
"OP(24,12,5,5,4)",0,Solved,"0,1800"," (4t+2)","0,1842","(\infty, 0, 4, 7, 6, 17, 47, 19, 46, 15, 37, 12, \infty, 36, 13, 39, 22, 43, 23, 41, 30, 31, 28, 24) (42, 8, 20, 14, 9, 2, 18, 32, 44, 38, 33, 26) (5, 40, 21, 11, 3) (29, 16, 45, 35, 27) (1, 10, 25, 34) "
"OP(4,12,4,24,3,3)",0,Solved,"0,0410"," (4t+2)","0,0448","(\infty, 2, \infty, 26) (4, 5, 7, 10, 17, 33, 28, 29, 31, 34, 41, 9) (16, 27, 40, 3) (18, 38, 13, 46, 19, 45, 15, 23, 6, 0, 12, 8, 42, 14, 37, 22, 43, 21, 39, 47, 30, 24, 36, 32) (1, 20, 11) (25, 44, 35) "
"OP(24,12,4,4,3,3)",0,Solved,"0,0480"," (4t+2)","0,0518","(\infty, 22, 3, 36, 39, 29, 18, 6, 26, 25, 8, 24, \infty, 0, 32, 1, 2, 30, 42, 5, 15, 12, 27, 46) (14, 20, 47, 40, 10, 33, 38, 44, 23, 16, 34, 9) (21, 13, 11, 7) (45, 37, 35, 31) (19, 41, 28) (43, 17, 4) "
"OP(24,11,11,4)",0,Solved,"0,1110"," (4t+2)","0,1150","(\infty, 2, 3, 5, 0, 4, 7, 13, 33, 21, 6, 14, \infty, 38, 30, 45, 9, 37, 31, 28, 24, 29, 27, 26) (10, 19, 35, 46, 12, 47, 17, 40, 18, 39, 20) (34, 43, 11, 22, 36, 23, 41, 16, 42, 15, 44) (1, 8, 25, 32) "
"OP(6,10,10,24)",0,Solved,"0,0670"," (4t+2)","0,0708","(\infty, 2, 18, \infty, 42, 26) (3, 6, 37, 15, 10, 0, 11, 4, 8, 9) (27, 30, 13, 39, 34, 24, 35, 28, 32, 33) (40, 7, 47, 12, 21, 1, 22, 41, 5, 19, 44, 14, 16, 31, 23, 36, 45, 25, 46, 17, 29, 43, 20, 38) "
"OP(10,10,24,6)",0,Solved,"0,0510"," (4t+2)","0,0547","(\infty, 2, 3, 5, 8, \infty, 32, 29, 27, 26) (6, 1, 7, 14, 39, 30, 25, 31, 38, 15) (10, 22, 9, 17, 44, 11, 40, 12, 43, 21, 37, 23, 34, 46, 33, 41, 20, 35, 16, 36, 19, 45, 13, 47) (18, 0, 4, 42, 24, 28) "
"OP(10,10,24,3,3)",0,Solved,"0,0590"," (4t+2)","0,0642","(\infty, 15, 18, 4, 43, \infty, 19, 28, 42, 39) (11, 24, 13, 14, 6, 35, 0, 37, 38, 30) (21, 9, 36, 16, 41, 8, 1, 27, 10, 5, 23, 7, 45, 33, 12, 40, 17, 32, 25, 3, 34, 29, 47, 31) (2, 46, 44) (26, 22, 20) "
"OP(8,10,8,24)",0,Solved,"0,0800"," (4t+2)","0,0847","(\infty, 35, 0, 1, \infty, 25, 24, 11) (4, 10, 30, 21, 13, 28, 34, 6, 45, 37) (7, 18, 41, 9, 31, 42, 17, 33) (2, 46, 3, 5, 15, 12, 19, 38, 8, 44, 23, 40, 26, 22, 27, 29, 39, 36, 43, 14, 32, 20, 47, 16) "
"OP(4,10,8,4,24)",0,Solved,"0,1040"," (4t+2)","0,1083","(\infty, 18, \infty, 42) (9, 3, 13, 16, 0, 33, 27, 37, 40, 24) (47, 19, 7, 5, 23, 43, 31, 29) (15, 2, 39, 26) (12, 4, 8, 1, 10, 11, 6, 20, 41, 22, 45, 14, 36, 28, 32, 25, 34, 35, 30, 44, 17, 46, 21, 38) "
"OP(24,11,7,5,3)",,Infeasible,,Table config is not valid,,
"OP(8,10,24,4,4)",0,Solved,"0,0420"," (4t+2)","0,0468","(\infty, 20, 8, 38, \infty, 14, 32, 44) (43, 18, 45, 16, 47, 19, 42, 21, 40, 23) (13, 35, 22, 12, 6, 1, 2, 10, 17, 31, 15, 4, 37, 11, 46, 36, 30, 25, 26, 34, 41, 7, 39, 28) (9, 0, 3, 5) (33, 24, 27, 29) "
"OP(4,10,6,6,24)",0,Solved,"0,0450"," (4t+2)","0,0486","(\infty, 1, \infty, 25) (2, 3, 9, 5, 13, 26, 27, 33, 29, 37) (6, 16, 35, 18, 38, 17) (30, 40, 11, 42, 14, 41) (0, 7, 4, 47, 8, 10, 22, 36, 20, 43, 21, 39, 24, 31, 28, 23, 32, 34, 46, 12, 44, 19, 45, 15) "
"OP(6,10,6,24,4)",0,Solved,"0,1510"," (4t+2)","0,1552","(\infty, 4, 8, \infty, 32, 28) (42, 10, 1, 13, 5, 18, 34, 25, 37, 29) (12, 6, 3, 36, 30, 27) (20, 47, 9, 40, 22, 21, 14, 0, 11, 39, 17, 19, 44, 23, 33, 16, 46, 45, 38, 24, 35, 15, 41, 43) (7, 2, 31, 26) "
"OP(4,10,6,24,3,3)",0,Solved,"0,0570"," (4t+2)","0,0610","(\infty, 35, \infty, 11) (1, 45, 31, 32, 2, 25, 21, 7, 8, 26) (34, 3, 30, 10, 27, 6) (41, 44, 37, 42, 33, 46, 40, 24, 36, 38, 5, 43, 17, 20, 13, 18, 9, 22, 16, 0, 12, 14, 29, 19) (39, 47, 28) (15, 23, 4) "
"OP(6,10,24,5,5)",0,Solved,"0,1100"," (4t+2)","0,1137","(\infty, 2, 46, \infty, 22, 26) (12, 1, 42, 19, 31, 36, 25, 18, 43, 7) (33, 41, 24, 23, 21, 27, 8, 5, 37, 4, 34, 44, 9, 17, 0, 47, 45, 3, 32, 29, 13, 28, 10, 20) (30, 39, 11, 38, 16) (6, 15, 35, 14, 40) "
"OP(6,10,24,4,3,3)",0,Solved,"0,2250"," (4t+2)","0,2313","(\infty, 30, 42, \infty, 18, 6) (45, 2, 23, 12, 40, 21, 26, 47, 36, 16) (46, 32, 39, 0, 4, 44, 41, 11, 34, 3, 38, 37, 22, 8, 15, 24, 28, 20, 17, 35, 10, 27, 14, 13) (29, 7, 5, 31) (43, 1, 33) (19, 25, 9) "
"OP(4,10,4,4,4,24)",0,Solved,"0,0740"," (4t+2)","0,0780","(\infty, 11, \infty, 35) (30, 33, 38, 10, 43, 6, 9, 14, 34, 19) (39, 21, 46, 0) (15, 45, 22, 24) (32, 40, 8, 16) (27, 31, 4, 23, 13, 44, 2, 36, 1, 42, 41, 29, 3, 7, 28, 47, 37, 20, 26, 12, 25, 18, 17, 5) "
"OP(4,10,24,3,3,3,3)",0,Solved,"0,0510"," (4t+2)","0,0547","(\infty, 20, \infty, 44) (0, 3, 14, 1, 5, 24, 27, 38, 25, 29) (11, 23, 15, 6, 7, 17, 34, 19, 40, 22, 45, 13, 35, 47, 39, 30, 31, 41, 10, 43, 16, 46, 21, 37) (32, 12, 18) (8, 36, 42) (9, 2, 4) (33, 26, 28) "
"OP(24,10,10,6)",0,Solved,"0,0530"," (4t+2)","0,0577","(\infty, 4, 13, 23, 12, 39, 11, 46, 21, 38, 20, 42, \infty, 18, 44, 14, 45, 22, 35, 15, 36, 47, 37, 28) (10, 6, 1, 2, 8, 16, 31, 19, 33, 17) (34, 30, 25, 26, 32, 40, 7, 43, 9, 41) (0, 3, 5, 24, 27, 29) "
"OP(24,10,10,3,3)",0,Solved,"0,0560"," (4t+2)","0,0606","(\infty, 17, 44, 2, 16, 7, 36, 10, 43, 6, 3, 11, \infty, 35, 27, 30, 19, 34, 12, 31, 40, 26, 20, 41) (0, 38, 13, 8, 39, 4, 22, 42, 1, 47) (24, 14, 37, 32, 15, 28, 46, 18, 25, 23) (9, 21, 5) (33, 45, 29) "
"OP(8,9,9,24)",0,Solved,"0,0570"," (4t+2)","0,0629","(\infty, 1, 4, 13, \infty, 37, 28, 25) (3, 2, 0, 5, 9, 15, 30, 18, 10) (27, 26, 24, 29, 33, 39, 6, 42, 34) (14, 35, 17, 7, 20, 36, 16, 47, 22, 8, 45, 19, 38, 11, 41, 31, 44, 12, 40, 23, 46, 32, 21, 43) "
"OP(4,9,9,4,24)",0,Solved,"0,0910"," (4t+2)","0,0954","(\infty, 16, \infty, 40) (0, 17, 8, 2, 12, 34, 19, 46, 18) (24, 41, 32, 26, 36, 10, 43, 22, 42) (1, 6, 25, 30) (11, 4, 7, 15, 14, 3, 5, 9, 44, 21, 37, 23, 35, 28, 31, 39, 38, 27, 29, 33, 20, 45, 13, 47) "
"OP(24,10,8,8)",0,Solved,"0,0470"," (4t+2)","0,0504","(\infty, 43, 15, 4, 20, 38, 21, 47, 11, 36, 22, 41, \infty, 17, 46, 12, 35, 23, 45, 14, 44, 28, 39, 19) (13, 8, 1, 2, 10, 37, 32, 25, 26, 34) (9, 18, 31, 16, 6, 0, 3, 5) (33, 42, 7, 40, 30, 24, 27, 29) "
"OP(4,10,8,4,24)",0,Solved,"0,1010"," (4t+2)","0,1045","(\infty, 18, \infty, 42) (9, 3, 13, 16, 0, 33, 27, 37, 40, 24) (47, 19, 7, 5, 23, 43, 31, 29) (15, 2, 39, 26) (12, 4, 8, 1, 10, 11, 6, 20, 41, 22, 45, 14, 36, 28, 32, 25, 34, 35, 30, 44, 17, 46, 21, 38) "
"OP(24,10,8,4,4)",0,Solved,"0,0900"," (4t+2)","0,0942","(\infty, 45, 6, 2, 0, 12, 44, 9, 14, 40, 13, 43, \infty, 19, 37, 16, 38, 33, 20, 36, 24, 26, 30, 21) (8, 11, 4, 5, 15, 32, 35, 28, 29, 39) (1, 7, 18, 10, 25, 31, 42, 34) (46, 23, 3, 17) (22, 47, 27, 41) "
"OP(4,10,6,6,24)",0,Solved,"0,0460"," (4t+2)","0,0510","(\infty, 1, \infty, 25) (2, 3, 9, 5, 13, 26, 27, 33, 29, 37) (6, 16, 35, 18, 38, 17) (30, 40, 11, 42, 14, 41) (0, 7, 4, 47, 8, 10, 22, 36, 20, 43, 21, 39, 24, 31, 28, 23, 32, 34, 46, 12, 44, 19, 45, 15) "
"OP(6,10,6,24,4)",0,Solved,"0,1550"," (4t+2)","0,1593","(\infty, 4, 8, \infty, 32, 28) (42, 10, 1, 13, 5, 18, 34, 25, 37, 29) (12, 6, 3, 36, 30, 27) (20, 47, 9, 40, 22, 21, 14, 0, 11, 39, 17, 19, 44, 23, 33, 16, 46, 45, 38, 24, 35, 15, 41, 43) (7, 2, 31, 26) "
"OP(4,10,6,24,3,3)",0,Solved,"0,0540"," (4t+2)","0,0586","(\infty, 35, \infty, 11) (1, 45, 31, 32, 2, 25, 21, 7, 8, 26) (34, 3, 30, 10, 27, 6) (41, 44, 37, 42, 33, 46, 40, 24, 36, 38, 5, 43, 17, 20, 13, 18, 9, 22, 16, 0, 12, 14, 29, 19) (39, 47, 28) (15, 23, 4) "
"OP(24,10,6,6,4)",0,Solved,"0,0900"," (4t+2)","0,0935","(\infty, 41, 28, 42, 31, 9, 36, 46, 44, 39, 0, 45, \infty, 21, 24, 15, 20, 22, 12, 33, 7, 18, 4, 17) (40, 47, 43, 3, 32, 16, 23, 19, 27, 8) (26, 1, 34, 6, 37, 38) (2, 25, 10, 30, 13, 14) (35, 29, 11, 5) "
"OP(24,10,6,5,5)",0,Solved,"0,1120"," (4t+2)","0,1154","(\infty, 19, 40, 39, 10, 5, 13, 3, 6, 21, 17, 23, \infty, 47, 41, 45, 30, 27, 37, 29, 34, 15, 16, 43) (1, 8, 33, 2, 11, 25, 32, 9, 26, 35) (7, 44, 18, 31, 20, 42) (46, 14, 12, 0, 28) (22, 38, 36, 24, 4) "
"OP(24,10,6,4,3,3)",0,Solved,"0,0730"," (4t+2)","0,0775","(\infty, 41, 47, 2, 6, 7, 0, 25, 46, 9, 18, 3, \infty, 27, 42, 33, 22, 1, 24, 31, 30, 26, 23, 17) (45, 32, 44, 12, 43, 21, 8, 20, 36, 19) (29, 15, 13, 5, 39, 37) (11, 40, 35, 16) (28, 38, 10) (4, 14, 34) "
"OP(24,10,5,5,3,3)",0,Solved,"0,1090"," (4t+2)","0,1148","(\infty, 2, 12, 45, 18, 47, 13, 0, 4, 7, 14, 46, \infty, 22, 38, 31, 28, 24, 37, 23, 42, 21, 36, 26) (34, 17, 43, 6, 1, 10, 41, 19, 30, 25) (15, 16, 44, 8, 33) (39, 40, 20, 32, 9) (11, 3, 5) (35, 27, 29) "
"OP(4,10,4,4,4,24)",0,Solved,"0,0770"," (4t+2)","0,0817","(\infty, 11, \infty, 35) (30, 33, 38, 10, 43, 6, 9, 14, 34, 19) (39, 21, 46, 0) (15, 45, 22, 24) (32, 40, 8, 16) (27, 31, 4, 23, 13, 44, 2, 36, 1, 42, 41, 29, 3, 7, 28, 47, 37, 20, 26, 12, 25, 18, 17, 5) "
"OP(24,10,4,4,4,4)",0,Solved,"0,1390"," (4t+2)","0,1445","(\infty, 45, 4, 2, 6, 5, 14, 40, 15, 43, 11, 23, \infty, 47, 35, 19, 39, 16, 38, 29, 30, 26, 28, 21) (22, 37, 10, 41, 12, 46, 13, 34, 17, 36) (20, 7, 1, 9) (44, 31, 25, 33) (8, 3, 0, 18) (32, 27, 24, 42) "
"OP(24,10,4,3,3,3,3)",0,Solved,"0,0660"," (4t+2)","0,0698","(\infty, 20, 4, 5, 0, 46, 36, 11, 38, 41, 19, 2, \infty, 26, 43, 17, 14, 35, 12, 22, 24, 29, 28, 44) (23, 37, 9, 16, 8, 47, 13, 33, 40, 32) (42, 31, 18, 7) (30, 34, 1) (6, 10, 25) (45, 39, 27) (21, 15, 3) "
"OP(24,9,9,8)",0,Solved,"0,0450"," (4t+2)","0,0495","(\infty, 24, 47, 17, 15, 1, 12, 3, 35, 31, 37, 22, \infty, 46, 13, 7, 11, 27, 36, 25, 39, 41, 23, 0) (5, 6, 33, 40, 20, 32, 45, 42, 34) (29, 30, 9, 16, 44, 8, 21, 18, 10) (26, 4, 14, 19, 2, 28, 38, 43) "
"OP(4,9,9,4,24)",0,Solved,"0,0860"," (4t+2)","0,0906","(\infty, 16, \infty, 40) (0, 17, 8, 2, 12, 34, 19, 46, 18) (24, 41, 32, 26, 36, 10, 43, 22, 42) (1, 6, 25, 30) (11, 4, 7, 15, 14, 3, 5, 9, 44, 21, 37, 23, 35, 28, 31, 39, 38, 27, 29, 33, 20, 45, 13, 47) "
"OP(24,9,9,4,4)",0,Solved,"0,0650"," (4t+2)","0,0687","(\infty, 30, 3, 0, 11, 23, 40, 22, 37, 21, 12, 38, \infty, 14, 36, 45, 13, 46, 16, 47, 35, 24, 27, 6) (10, 5, 1, 7, 8, 18, 43, 15, 44) (34, 29, 25, 31, 32, 42, 19, 39, 20) (17, 4, 2, 9) (41, 28, 26, 33) "
"OP(4,8,8,6,24)",0,Solved,"0,0790"," (4t+2)","0,0834","(\infty, 1, \infty, 25) (2, 3, 5, 8, 13, 6, 16, 10) (26, 27, 29, 32, 37, 30, 40, 34) (15, 4, 0, 39, 28, 24) (17, 35, 47, 19, 36, 7, 21, 44, 18, 33, 46, 14, 41, 11, 23, 43, 12, 31, 45, 20, 42, 9, 22, 38) "
"OP(6,8,8,24,4)",0,Solved,"0,0680"," (4t+2)","0,0729","(\infty, 17, 1, \infty, 25, 41) (42, 8, 12, 4, 14, 23, 6, 9) (18, 32, 36, 28, 38, 47, 30, 33) (16, 43, 15, 45, 20, 46, 10, 3, 2, 7, 5, 11, 40, 19, 39, 21, 44, 22, 34, 27, 26, 31, 29, 35) (0, 13, 24, 37) "
"OP(4,8,8,24,3,3)",0,Solved,"0,0430"," (4t+2)","0,0474","(\infty, 22, \infty, 46) (36, 40, 0, 30, 41, 5, 10, 3) (12, 16, 24, 6, 17, 29, 34, 27) (14, 23, 45, 43, 33, 1, 26, 20, 37, 8, 11, 39, 38, 47, 21, 19, 9, 25, 2, 44, 13, 32, 35, 15) (7, 28, 42) (31, 4, 18) "
"OP(4,8,7,7,24)",0,Solved,"0,0700"," (4t+2)","0,0736","(\infty, 13, \infty, 37) (23, 10, 4, 0, 47, 34, 28, 24) (9, 1, 8, 20, 6, 35, 19) (33, 25, 32, 44, 30, 11, 43) (38, 17, 45, 12, 3, 5, 2, 7, 18, 40, 22, 39, 14, 41, 21, 36, 27, 29, 26, 31, 42, 16, 46, 15) "
"OP(8,8,24,6,4)",0,Solved,"0,0960"," (4t+2)","0,1007","(\infty, 17, 2, 3, \infty, 27, 26, 41) (1, 6, 8, 11, 25, 30, 32, 35) (10, 46, 15, 33, 14, 5, 45, 7, 13, 20, 36, 23, 34, 22, 39, 9, 38, 29, 21, 31, 37, 44, 12, 47) (16, 42, 19, 40, 18, 43) (4, 0, 28, 24) "
"OP(8,8,24,5,5)",0,Solved,"0,0520"," (4t+2)","0,0563","(\infty, 42, 22, 6, \infty, 30, 46, 18) (16, 4, 17, 47, 40, 28, 41, 23) (20, 43, 10, 36, 15, 7, 1, 2, 11, 21, 32, 13, 44, 19, 34, 12, 39, 31, 25, 26, 35, 45, 8, 37) (9, 14, 0, 3, 5) (33, 38, 24, 27, 29) "
"OP(8,8,24,4,3,3)",0,Solved,"0,0890"," (4t+2)","0,0933","(\infty, 34, 15, 42, \infty, 18, 39, 10) (31, 3, 29, 23, 7, 27, 5, 47) (35, 37, 33, 44, 32, 24, 6, 45, 4, 38, 43, 26, 11, 13, 9, 20, 8, 0, 30, 21, 28, 14, 19, 2) (17, 40, 41, 16) (1, 36, 46) (25, 12, 22) "
"OP(6,8,6,6,24)",0,Solved,"0,0750"," (4t+2)","0,0790","(\infty, 3, 41, \infty, 17, 27) (0, 6, 11, 39, 24, 30, 35, 15) (13, 21, 22, 44, 14, 2) (37, 45, 46, 20, 38, 26) (8, 1, 10, 7, 5, 9, 28, 12, 47, 16, 43, 18, 32, 25, 34, 31, 29, 33, 4, 36, 23, 40, 19, 42) "
"OP(6,8,6,24,3,3)",0,Solved,"0,1210"," (4t+2)","0,1250","(\infty, 6, 8, \infty, 32, 30) (22, 4, 29, 12, 46, 28, 5, 36) (40, 11, 1, 16, 35, 25) (17, 14, 2, 23, 18, 19, 13, 45, 34, 27, 7, 15, 41, 38, 26, 47, 42, 43, 37, 21, 10, 3, 31, 39) (9, 44, 0) (33, 20, 24) "
"OP(4,8,6,4,4,24)",0,Solved,"0,0700"," (4t+2)","0,0735","(\infty, 4, \infty, 28) (5, 6, 2, 15, 29, 30, 26, 39) (7, 13, 11, 31, 37, 35) (3, 8, 19, 10) (27, 32, 43, 34) (12, 0, 16, 46, 20, 45, 18, 1, 9, 47, 14, 17, 36, 24, 40, 22, 44, 21, 42, 25, 33, 23, 38, 41) "
"OP(4,8,5,5,4,24)",0,Solved,"0,0480"," (4t+2)","0,0515","(\infty, 9, \infty, 33) (2, 1, 13, 6, 26, 25, 37, 30) (17, 8, 23, 45, 11) (41, 32, 47, 21, 35) (0, 5, 24, 29) (43, 18, 7, 15, 12, 10, 14, 4, 20, 3, 16, 46, 19, 42, 31, 39, 36, 34, 38, 28, 44, 27, 40, 22) "
"OP(6,8,24,4,4,4)",0,Solved,"0,1310"," (4t+2)","0,1351","(\infty, 10, 0, \infty, 24, 34) (18, 21, 17, 29, 42, 45, 41, 5) (1, 27, 20, 40, 32, 15, 9, 23, 2, 13, 14, 43, 25, 3, 44, 16, 8, 39, 33, 47, 26, 37, 38, 19) (11, 36, 4, 6) (35, 12, 28, 30) (7, 46, 31, 22) "
"OP(6,8,24,3,3,3,3)",0,Solved,"0,0430"," (4t+2)","0,0464","(\infty, 5, 13, \infty, 37, 29) (8, 19, 39, 17, 32, 43, 15, 41) (12, 7, 4, 0, 2, 3, 9, 16, 30, 14, 45, 18, 36, 31, 28, 24, 26, 27, 33, 40, 6, 38, 21, 42) (22, 35, 47) (46, 11, 23) (1, 20, 10) (25, 44, 34) "
"OP(4,8,4,4,24,3,3)",0,Solved,"0,0370"," (4t+2)","0,0411","(\infty, 2, \infty, 26) (3, 4, 6, 10, 27, 28, 30, 34) (1, 7, 12, 15) (25, 31, 36, 39) (11, 20, 5, 16, 9, 22, 41, 14, 37, 21, 43, 23, 35, 44, 29, 40, 33, 46, 17, 38, 13, 45, 19, 47) (18, 0, 8) (42, 24, 32) "
"OP(4,7,7,8,24)",0,Solved,"0,0700"," (4t+2)","0,0735","(\infty, 35, \infty, 11) (0, 1, 4, 10, 30, 21, 13) (24, 25, 28, 34, 6, 45, 37) (7, 17, 40, 9, 31, 41, 16, 33) (2, 46, 3, 5, 19, 12, 23, 38, 8, 44, 15, 42, 26, 22, 27, 29, 43, 36, 47, 14, 32, 20, 39, 18) "
"OP(24,8,8,6,4)",0,Solved,"0,1540"," (4t+2)","0,1587","(\infty, 2, 37, 3, 4, 6, 9, 14, 18, 35, 20, 46, \infty, 22, 44, 11, 42, 38, 33, 30, 28, 27, 13, 26) (1, 12, 39, 7, 19, 10, 0, 8) (25, 36, 15, 31, 43, 34, 24, 32) (16, 41, 21, 40, 17, 45) (47, 5, 23, 29) "
"OP(24,8,8,5,5)",0,Solved,"0,0450"," (4t+2)","0,0494","(\infty, 16, 0, 3, 9, 23, 43, 13, 39, 10, 41, 14, \infty, 38, 17, 34, 15, 37, 19, 47, 33, 27, 24, 40) (21, 46, 35, 20, 7, 2, 4, 12) (45, 22, 11, 44, 31, 26, 28, 36) (6, 5, 1, 8, 18) (30, 29, 25, 32, 42) "
"OP(24,8,8,4,3,3)",0,Solved,"0,1600"," (4t+2)","0,1643","(\infty, 1, 2, 0, 4, 7, 12, 21, 14, 44, 19, 41, \infty, 17, 43, 20, 38, 45, 36, 31, 28, 24, 26, 25) (9, 37, 3, 15, 30, 11, 32, 22) (33, 13, 27, 39, 6, 35, 8, 46) (34, 18, 10, 42) (5, 16, 47) (29, 40, 23) "
"OP(24,8,7,7,4)",0,Solved,"0,0470"," (4t+2)","0,0515","(\infty, 42, 11, 45, 15, 36, 20, 10, 22, 47, 19, 38, \infty, 14, 43, 23, 46, 34, 44, 12, 39, 21, 35, 18) (13, 8, 1, 2, 37, 32, 25, 26) (3, 5, 9, 17, 28, 6, 0) (27, 29, 33, 41, 4, 30, 24) (16, 7, 40, 31) "
"OP(6,7,7,6,24)",0,Solved,"0,0450"," (4t+2)","0,0482","(\infty, 44, 18, \infty, 42, 20) (5, 7, 3, 11, 14, 23, 4) (29, 31, 27, 35, 38, 47, 28) (0, 6, 19, 24, 30, 43) (12, 1, 8, 46, 34, 17, 2, 16, 39, 21, 37, 9, 36, 25, 32, 22, 10, 41, 26, 40, 15, 45, 13, 33) "
"OP(6,7,7,24,3,3)",0,Solved,"0,1330"," (4t+2)","0,1371","(\infty, 12, 42, \infty, 18, 36) (44, 19, 21, 0, 15, 31, 9) (20, 43, 45, 24, 39, 7, 33) (10, 13, 2, 46, 17, 3, 11, 1, 8, 14, 5, 6, 34, 37, 26, 22, 41, 27, 35, 25, 32, 38, 29, 30) (16, 4, 47) (40, 28, 23) "
"OP(4,7,7,4,4,24)",0,Solved,"0,0200"," (4t+2)","0,0235","(\infty, 1, \infty, 25) (4, 3, 6, 2, 0, 5, 11) (28, 27, 30, 26, 24, 29, 35) (19, 9, 22, 38) (43, 33, 46, 14) (20, 32, 15, 7, 16, 34, 13, 47, 36, 21, 41, 18, 44, 8, 39, 31, 40, 10, 37, 23, 12, 45, 17, 42) "
"OP(24,8,6,6,6)",0,Solved,"0,1450"," (4t+2)","0,1493","(\infty, 45, 4, 2, 6, 5, 15, 37, 16, 46, 18, 43, \infty, 19, 42, 22, 40, 13, 39, 29, 30, 26, 28, 21) (34, 20, 8, 41, 10, 44, 32, 17) (23, 36, 7, 1, 9, 14) (47, 12, 31, 25, 33, 38) (3, 0, 11, 27, 24, 35) "
"OP(24,8,6,6,3,3)",0,Solved,"0,0440"," (4t+2)","0,0482","(\infty, 38, 8, 22, 44, 9, 34, 17, 6, 18, 45, 16, \infty, 40, 21, 42, 30, 41, 10, 33, 20, 46, 32, 14) (11, 7, 1, 2, 35, 31, 25, 26) (13, 4, 12, 19, 39, 23) (37, 28, 36, 43, 15, 47) (0, 5, 3) (24, 29, 27) "
"OP(4,8,5,5,4,24)",0,Solved,"0,0460"," (4t+2)","0,0494","(\infty, 9, \infty, 33) (2, 1, 13, 6, 26, 25, 37, 30) (17, 8, 23, 45, 11) (41, 32, 47, 21, 35) (0, 5, 24, 29) (43, 18, 7, 15, 12, 10, 14, 4, 20, 3, 16, 46, 19, 42, 31, 39, 36, 34, 38, 28, 44, 27, 40, 22) "
"OP(24,8,6,4,4,4)",0,Solved,"0,0740"," (4t+2)","0,0779","(\infty, 34, 45, 32, 42, 33, 41, 46, 44, 2, 31, 24, \infty, 0, 7, 26, 20, 22, 17, 9, 18, 8, 21, 10) (40, 6, 37, 38, 16, 30, 13, 14) (35, 3, 47, 11, 27, 23) (28, 5, 25, 43) (4, 29, 1, 19) (39, 36, 15, 12) "
"OP(24,8,6,3,3,3,3)",0,Solved,"0,0710"," (4t+2)","0,0750","(\infty, 32, 2, 35, 37, 33, 6, 34, 40, 45, 46, 36, \infty, 12, 22, 21, 16, 10, 30, 9, 13, 11, 26, 8) (43, 29, 41, 0, 19, 5, 17, 24) (3, 28, 44, 27, 4, 20) (31, 39, 42) (7, 15, 18) (25, 47, 38) (1, 23, 14) "
"OP(4,8,4,5,5,24)",0,Solved,"0,1000"," (4t+2)","0,1042","(\infty, 19, \infty, 43) (8, 0, 1, 3, 32, 24, 25, 27) (39, 2, 15, 26) (4, 7, 11, 18, 9) (28, 31, 35, 42, 33) (10, 20, 5, 41, 14, 46, 21, 47, 13, 30, 36, 16, 34, 44, 29, 17, 38, 22, 45, 23, 37, 6, 12, 40) "
"OP(24,8,5,5,4,4)",0,Solved,"0,0540"," (4t+2)","0,0580","(\infty, 1, 4, 10, 3, 2, 0, 5, 9, 17, 32, 13, \infty, 37, 8, 41, 33, 29, 24, 26, 27, 34, 28, 25) (44, 31, 15, 6, 20, 7, 39, 30) (38, 21, 11, 23, 12) (14, 45, 35, 47, 36) (16, 46, 18, 43) (40, 22, 42, 19) "
"OP(4,8,4,4,24,3,3)",0,Solved,"0,0410"," (4t+2)","0,0452","(\infty, 2, \infty, 26) (3, 4, 6, 10, 27, 28, 30, 34) (1, 7, 12, 15) (25, 31, 36, 39) (11, 20, 5, 16, 9, 22, 41, 14, 37, 21, 43, 23, 35, 44, 29, 40, 33, 46, 17, 38, 13, 45, 19, 47) (18, 0, 8) (42, 24, 32) "
"OP(24,8,4,4,4,3,3)",0,Solved,"0,1930"," (4t+2)","0,1967","(\infty, 16, 22, 8, 28, 3, 47, 45, 44, 17, 25, 42, \infty, 18, 1, 41, 20, 21, 23, 27, 4, 32, 46, 40) (12, 31, 15, 6, 36, 7, 39, 30) (9, 35, 38, 2) (33, 11, 14, 26) (24, 13, 0, 37) (43, 10, 5) (19, 34, 29) "
"OP(24,8,3,3,3,3,3,3)",0,Solved,"0,0420"," (4t+2)","0,0460","(\infty, 39, 16, 46, 19, 38, 10, 23, 13, 6, 17, 33, \infty, 9, 41, 30, 37, 47, 34, 14, 43, 22, 40, 15) (11, 7, 1, 2, 35, 31, 25, 26) (21, 4, 12) (45, 28, 36) (8, 42, 20) (32, 18, 44) (0, 5, 3) (24, 29, 27) "
"OP(6,6,7,7,24)",0,Solved,"0,0490"," (4t+2)","0,0529","(\infty, 1, 11, \infty, 35, 25) (3, 10, 2, 27, 34, 26) (0, 21, 17, 4, 16, 15, 6) (24, 45, 41, 28, 40, 39, 30) (20, 42, 9, 38, 22, 8, 5, 7, 12, 23, 43, 13, 44, 18, 33, 14, 46, 32, 29, 31, 36, 47, 19, 37) "
"OP(24,7,7,6,6)",0,Solved,"0,0540"," (4t+2)","0,0576","(\infty, 36, 16, 4, 18, 37, 7, 23, 46, 15, 41, 20, \infty, 44, 17, 39, 22, 47, 31, 13, 42, 28, 40, 12) (19, 8, 1, 2, 11, 21, 34) (43, 32, 25, 26, 35, 45, 10) (9, 14, 6, 0, 3, 5) (33, 38, 30, 24, 27, 29) "
"OP(24,7,7,6,3,3)",0,Solved,"0,1020"," (4t+2)","0,1054","(\infty, 10, 44, 15, 47, 19, 45, 18, 5, 17, 32, 14, \infty, 38, 8, 41, 29, 42, 21, 43, 23, 39, 20, 34) (33, 16, 6, 2, 7, 13, 22) (9, 40, 30, 26, 31, 37, 46) (11, 4, 12, 35, 28, 36) (3, 1, 0) (27, 25, 24) "
"OP(4,7,7,4,4,24)",0,Solved,"0,0210"," (4t+2)","0,0251","(\infty, 1, \infty, 25) (4, 3, 6, 2, 0, 5, 11) (28, 27, 30, 26, 24, 29, 35) (19, 9, 22, 38) (43, 33, 46, 14) (20, 32, 15, 7, 16, 34, 13, 47, 36, 21, 41, 18, 44, 8, 39, 31, 40, 10, 37, 23, 12, 45, 17, 42) "
"OP(24,7,7,4,4,4)",0,Solved,"0,0950"," (4t+2)","0,0999","(\infty, 20, 36, 19, 11, 8, 1, 7, 2, 3, 5, 14, \infty, 38, 29, 27, 26, 31, 25, 32, 35, 43, 12, 44) (22, 41, 23, 9, 37, 4, 0) (46, 17, 47, 33, 13, 28, 24) (39, 18, 6, 16) (15, 42, 30, 40) (21, 10, 45, 34) "
"OP(24,7,7,3,3,3,3)",0,Solved,"0,1740"," (4t+2)","0,1786","(\infty, 44, 13, 45, 19, 42, 22, 40, 11, 32, 17, 6, \infty, 30, 41, 8, 35, 16, 46, 18, 43, 21, 37, 20) (15, 1, 7, 4, 3, 10, 23) (39, 25, 31, 28, 27, 34, 47) (5, 0, 9) (29, 24, 33) (2, 14, 12) (26, 38, 36) "
"OP(4,6,6,6,4,24)",0,Solved,"0,0650"," (4t+2)","0,0694","(\infty, 20, \infty, 44) (12, 16, 17, 1, 42, 47) (36, 40, 41, 25, 18, 23) (5, 43, 3, 29, 19, 27) (2, 8, 26, 32) (13, 11, 38, 9, 21, 46, 7, 4, 15, 0, 34, 6, 37, 35, 14, 33, 45, 22, 31, 28, 39, 24, 10, 30) "
"OP(4,6,6,5,5,24)",0,Solved,"0,0530"," (4t+2)","0,0568","(\infty, 21, \infty, 45) (40, 13, 5, 3, 9, 22) (16, 37, 29, 27, 33, 46) (7, 4, 0, 17, 18) (31, 28, 24, 41, 42) (6, 1, 8, 20, 34, 11, 2, 12, 38, 19, 47, 15, 30, 25, 32, 44, 10, 35, 26, 36, 14, 43, 23, 39) "
"OP(6,6,6,24,4,4)",0,Solved,"0,0520"," (4t+2)","0,0567","(\infty, 7, 17, \infty, 41, 31) (8, 13, 38, 22, 10, 43) (32, 37, 14, 46, 34, 19) (4, 0, 2, 3, 6, 12, 23, 40, 18, 39, 21, 35, 28, 24, 26, 27, 30, 36, 47, 16, 42, 15, 45, 11) (9, 1, 20, 29) (33, 25, 44, 5) "
"OP(4,6,6,4,24,3,3)",0,Solved,"0,1130"," (4t+2)","0,1177","(\infty, 9, \infty, 33) (41, 18, 14, 6, 3, 21) (17, 42, 38, 30, 27, 45) (10, 5, 34, 29) (7, 1, 13, 23, 12, 44, 22, 8, 43, 16, 15, 0, 31, 25, 37, 47, 36, 20, 46, 32, 19, 40, 39, 24) (11, 4, 2) (35, 28, 26) "
"OP(6,6,24,5,5,4)",0,Solved,"0,2230"," (4t+2)","0,2274","(\infty, 11, 45, \infty, 21, 35) (5, 16, 42, 29, 40, 18) (15, 43, 22, 47, 17, 36, 20, 14, 2, 7, 0, 8, 39, 19, 46, 23, 41, 12, 44, 38, 26, 31, 24, 32) (9, 13, 3, 4, 6) (33, 37, 27, 28, 30) (1, 10, 25, 34) "
"OP(4,6,5,5,24,3,3)",0,Solved,"0,1070"," (4t+2)","0,1101","(\infty, 2, \infty, 26) (3, 4, 0, 27, 28, 24) (5, 11, 19, 7, 21) (29, 35, 43, 31, 45) (17, 14, 23, 12, 40, 15, 33, 46, 13, 42, 20, 10, 41, 38, 47, 36, 16, 39, 9, 22, 37, 18, 44, 34) (6, 1, 8) (30, 25, 32) "
"OP(6,6,24,4,4,3,3)",0,Solved,"0,1420"," (4t+2)","0,1456","(\infty, 45, 9, \infty, 33, 21) (2, 4, 10, 26, 28, 34) (43, 22, 40, 23, 38, 18, 37, 15, 6, 41, 7, 44, 19, 46, 16, 47, 14, 42, 13, 39, 30, 17, 31, 20) (5, 1, 11, 12) (29, 25, 35, 36) (3, 0, 8) (27, 24, 32) "
"OP(4,6,4,4,4,4,24)",0,Solved,"0,0600"," (4t+2)","0,0642","(\infty, 4, \infty, 28) (5, 6, 2, 29, 30, 26) (7, 17, 39, 21) (31, 41, 15, 45) (3, 8, 19, 10) (27, 32, 43, 34) (12, 0, 13, 42, 22, 47, 16, 1, 9, 11, 14, 20, 36, 24, 37, 18, 46, 23, 40, 25, 33, 35, 38, 44) "
"OP(4,6,4,24,3,3,3,3)",0,Solved,"0,0470"," (4t+2)","0,0510","(\infty, 22, \infty, 46) (18, 6, 4, 42, 30, 28) (23, 0, 47, 24) (14, 35, 19, 5, 2, 8, 21, 10, 39, 17, 37, 20, 38, 11, 43, 29, 26, 32, 45, 34, 15, 41, 13, 44) (1, 16, 9) (25, 40, 33) (12, 7, 3) (36, 31, 27) "
"OP(4,5,5,6,6,24)",0,Solved,"0,0480"," (4t+2)","0,0529","(\infty, 1, \infty, 25) (2, 3, 9, 17, 6) (26, 27, 33, 41, 30) (5, 15, 35, 12, 44, 18) (29, 39, 11, 36, 20, 42) (0, 7, 4, 47, 8, 10, 22, 37, 19, 40, 21, 38, 24, 31, 28, 23, 32, 34, 46, 13, 43, 16, 45, 14) "
"OP(24,6,6,6,4,4)",0,Solved,"0,0480"," (4t+2)","0,0528","(\infty, 2, 4, 5, 9, 14, 22, 37, 16, 27, 41, 18, \infty, 42, 17, 3, 40, 13, 46, 38, 33, 29, 28, 26) (23, 36, 19, 31, 15, 45) (47, 12, 43, 7, 39, 21) (6, 0, 10, 30, 24, 34) (8, 1, 20, 11) (32, 25, 44, 35) "
"OP(24,6,6,5,5,4)",0,Solved,"0,1460"," (4t+2)","0,1502","(\infty, 2, 37, 3, 4, 6, 9, 14, 22, 39, 20, 42, \infty, 18, 44, 15, 46, 38, 33, 30, 28, 27, 13, 26) (1, 8, 12, 21, 41, 16) (25, 32, 36, 45, 17, 40) (0, 10, 31, 43, 11) (24, 34, 7, 19, 35) (47, 5, 23, 29) "
"OP(4,5,5,6,24,3,3)",0,Solved,"0,0740"," (4t+2)","0,0787","(\infty, 8, \infty, 32) (6, 0, 5, 9, 16) (30, 24, 29, 33, 40) (45, 17, 42, 21, 41, 18) (37, 7, 20, 39, 22, 36, 14, 47, 35, 19, 10, 2, 13, 31, 44, 15, 46, 12, 38, 23, 11, 43, 34, 26) (4, 3, 1) (28, 27, 25) "
"OP(24,6,6,4,4,3,3)",0,Solved,"0,0730"," (4t+2)","0,0765","(\infty, 20, 11, 1, 6, 10, 17, 39, 28, 14, 8, 0, \infty, 24, 32, 38, 4, 15, 41, 34, 30, 25, 35, 44) (18, 33, 21, 37, 12, 31) (42, 9, 45, 13, 36, 7) (19, 46, 16, 47) (43, 22, 40, 23) (5, 3, 2) (29, 27, 26) "
"OP(24,6,5,5,5,5)",0,Solved,"0,0910"," (4t+2)","0,0985","(\infty, 45, 17, 46, 32, 16, 9, 5, 3, 0, 6, 11, \infty, 35, 30, 24, 27, 29, 33, 40, 8, 22, 41, 21) (10, 2, 1, 34, 26, 25) (38, 20, 42, 19, 7) (14, 44, 18, 43, 31) (23, 13, 4, 15, 36) (47, 37, 28, 39, 12) "
"OP(24,6,5,5,4,3,3)",0,Solved,"0,1510"," (4t+2)","0,1552","(\infty, 1, 4, 5, 13, 22, 41, 14, 31, 15, 8, 3, \infty, 27, 32, 39, 7, 38, 17, 46, 37, 29, 28, 25) (16, 42, 12, 40, 18, 36) (21, 10, 23, 11, 44) (45, 34, 47, 35, 20) (9, 19, 33, 43) (2, 6, 0) (26, 30, 24) "
"OP(4,5,5,4,4,4,24)",0,Solved,"0,0460"," (4t+2)","0,0499","(\infty, 1, \infty, 25) (8, 3, 6, 2, 0) (32, 27, 30, 26, 24) (18, 4, 5, 11) (42, 28, 29, 35) (16, 7, 40, 31) (34, 21, 47, 15, 36, 19, 9, 20, 38, 13, 41, 22, 10, 45, 23, 39, 12, 43, 33, 44, 14, 37, 17, 46) "
"OP(4,5,5,24,3,3,3,3)",0,Solved,"0,0450"," (4t+2)","0,0494","(\infty, 47, \infty, 23) (42, 16, 30, 43, 24) (18, 40, 6, 19, 0) (38, 17, 5, 15, 7, 3, 46, 26, 11, 9, 8, 45, 14, 41, 29, 39, 31, 27, 22, 2, 35, 33, 32, 21) (1, 4, 10) (25, 28, 34) (36, 20, 13) (12, 44, 37) "
"OP(24,6,4,4,4,4,4)",0,Solved,"0,2170"," (4t+2)","0,2213","(\infty, 12, 2, 10, 7, 46, 11, 0, 4, 19, 44, 18, \infty, 42, 20, 43, 28, 24, 35, 22, 31, 34, 26, 36) (47, 5, 6, 23, 29, 30) (41, 9, 16, 14) (17, 33, 40, 38) (3, 15, 1, 21) (27, 39, 25, 45) (8, 13, 32, 37) "
"OP(24,6,4,4,3,3,3,3)",0,Solved,"0,0440"," (4t+2)","0,0481","(\infty, 16, 3, 18, 37, 21, 44, 22, 43, 15, 32, 14, \infty, 38, 8, 39, 19, 46, 20, 45, 13, 42, 27, 40) (17, 12, 1, 41, 36, 25) (2, 9, 23, 11) (26, 33, 47, 35) (4, 5, 7) (28, 29, 31) (0, 10, 6) (24, 34, 30) "
"OP(24,5,5,5,5,3,3)",0,Solved,"0,0550"," (4t+2)","0,0597","(\infty, 36, 37, 7, 38, 34, 2, 47, 25, 0, 39, 44, \infty, 20, 15, 24, 1, 23, 26, 10, 14, 31, 13, 12) (5, 33, 41, 3, 32) (29, 9, 17, 27, 8) (42, 35, 46, 40, 28) (18, 11, 22, 16, 4) (43, 30, 45) (19, 6, 21) "
"OP(4,4,4,4,5,5,24)",0,Solved,"0,1340"," (4t+2)","0,1383","(\infty, 10, \infty, 34) (42, 5, 15, 8) (18, 29, 39, 32) (13, 19, 37, 43) (0, 4, 6, 9, 1) (24, 28, 30, 33, 25) (23, 35, 16, 7, 2, 27, 44, 22, 38, 17, 45, 12, 47, 11, 40, 31, 26, 3, 20, 46, 14, 41, 21, 36) "
"OP(24,5,5,4,4,4,4)",0,Solved,"0,0620"," (4t+2)","0,0653","(\infty, 20, 45, 13, 0, 14, 43, 6, 23, 41, 40, 18, \infty, 42, 16, 17, 47, 30, 19, 38, 24, 37, 21, 44) (5, 3, 8, 1, 9) (29, 27, 32, 25, 33) (10, 4, 7, 22) (34, 28, 31, 46) (11, 39, 12, 2) (35, 15, 36, 26) "
"OP(24,5,5,4,3,3,3,3)",0,Solved,"0,2080"," (4t+2)","0,2122","(\infty, 39, 22, 44, 19, 37, 9, 3, 17, 10, 6, 7, \infty, 31, 30, 34, 41, 27, 33, 13, 43, 20, 46, 15) (0, 8, 11, 2, 12) (24, 32, 35, 26, 36) (23, 4, 47, 28) (21, 5, 42) (45, 29, 18) (1, 16, 14) (25, 40, 38) "
"OP(4,4,4,4,4,24,3,3)",0,Solved,"0,0370"," (4t+2)","0,0406","(\infty, 21, \infty, 45) (18, 8, 1, 4) (42, 32, 25, 28) (5, 10, 33, 16) (29, 34, 9, 40) (17, 46, 13, 12, 3, 11, 38, 20, 7, 19, 47, 15, 41, 22, 37, 36, 27, 35, 14, 44, 31, 43, 23, 39) (6, 0, 2) (30, 24, 26) "
"OP(4,4,24,3,3,3,3,3,3)",0,Solved,"0,2860"," (4t+2)","0,2893","(\infty, 45, \infty, 21) (3, 1, 27, 25) (33, 34, 13, 7, 4, 14, 42, 5, 23, 16, 41, 22, 9, 10, 37, 31, 28, 38, 18, 29, 47, 40, 17, 46) (20, 6, 15) (44, 30, 39) (19, 2, 35) (43, 26, 11) (12, 0, 8) (36, 24, 32) "
"OP(24,4,4,4,4,4,3,3)",0,Solved,"0,0990"," (4t+2)","0,1038","(\infty, 11, 39, 18, 7, 20, 19, 25, 41, 22, 40, 23, \infty, 47, 16, 46, 17, 1, 43, 44, 31, 42, 15, 35) (4, 13, 38, 12) (28, 37, 14, 36) (6, 21, 9, 2) (30, 45, 33, 26) (10, 0, 34, 24) (8, 5, 3) (32, 29, 27) "
"OP(24,4,4,3,3,3,3,3,3)",0,Solved,"0,1430"," (4t+2)","0,1467","(\infty, 33, 47, 37, 45, 24, 36, 6, 28, 5, 34, 35, \infty, 11, 10, 29, 4, 30, 12, 0, 21, 13, 23, 9) (31, 26, 46, 40) (7, 2, 22, 16) (38, 41, 25) (14, 17, 1) (44, 27, 42) (20, 3, 18) (32, 39, 43) (8, 15, 19) "
"OP(24,22,4)",0,Solved,"0,1250"," (4t+2)","0,1310","(\infty, 4, 2, 1, 8, 14, 30, 20, 12, 7, 3, 0, \infty, 24, 27, 31, 36, 44, 6, 38, 32, 25, 26, 28) (23, 41, 19, 39, 22, 37, 10, 35, 21, 9, 18, 47, 17, 43, 15, 46, 13, 34, 11, 45, 33, 42) (16, 5, 40, 29) "
OP(6),0,Solved,"0,0470"," (4t+2)","0,0517","(\infty, 7, 17, \infty, 41, 31) "
"OP(22,22,6)",0,Solved,"0,0430"," (4t+2)","0,0477","(\infty, 12, 15, 4, 21, 3, 2, 16, 23, 14, 20, \infty, 44, 38, 47, 40, 26, 27, 45, 28, 39, 36) (6, 19, 42, 10, 22, 0, 5, 7, 11, 1, 9, 30, 43, 18, 34, 46, 24, 29, 31, 35, 25, 33) (13, 41, 8, 37, 17, 32) "
"OP(22,22,3,3)",0,Solved,"0,0410"," (4t+2)","0,0457","(\infty, 39, 8, 21, 36, 16, 34, 13, 47, 22, 41, \infty, 17, 46, 23, 37, 10, 40, 12, 45, 32, 15) (19, 11, 7, 1, 2, 9, 20, 42, 30, 14, 4, 43, 35, 31, 25, 26, 33, 44, 18, 6, 38, 28) (0, 5, 3) (24, 29, 27) "
"OP(8,20,22)",0,Solved,"0,0480"," (4t+2)","0,0515","(\infty, \infty, 23, 8, 39, 15, 32, 47) (5, 3, 6, 11, 12, 4, 0, 10, 19, 41, 29, 27, 30, 35, 36, 28, 24, 34, 43, 17) (1, 7, 18, 37, 16, 2, 9, 22, 38, 20, 45, 25, 31, 42, 13, 40, 26, 33, 46, 14, 44, 21) "
"OP(4,20,4,22)",0,Solved,"0,0690"," (4t+2)","0,0732","(\infty, 1, \infty, 25) (2, 3, 5, 8, 13, 6, 16, 7, 15, 44, 26, 27, 29, 32, 37, 30, 40, 31, 39, 20) (0, 4, 24, 28) (35, 46, 19, 36, 14, 47, 33, 45, 10, 42, 17, 11, 22, 43, 12, 38, 23, 9, 21, 34, 18, 41) "
"OP(20,22,8)",0,Solved,"0,0520"," (4t+2)","0,0577","(\infty, 4, 9, 18, 5, 13, 23, 40, 14, 46, \infty, 22, 38, 16, 47, 37, 29, 42, 33, 28) (0, 2, 3, 6, 10, 17, 32, 12, 39, 21, 35, 24, 26, 27, 30, 34, 41, 8, 36, 15, 45, 11) (7, 1, 20, 43, 31, 25, 44, 19) "
"OP(23,19,5,3)",,Infeasible,,Table config is not valid,,
"OP(20,22,4,4)",0,Solved,"0,0440"," (4t+2)","0,0483","(\infty, 21, 8, 23, 42, 14, 35, 13, 44, 19, \infty, 43, 20, 37, 11, 38, 18, 47, 32, 45) (40, 22, 12, 6, 1, 2, 10, 17, 31, 15, 4, 16, 46, 36, 30, 25, 26, 34, 41, 7, 39, 28) (9, 0, 3, 5) (33, 24, 27, 29) "
"OP(10,18,22)",0,Solved,"0,0610"," (4t+2)","0,0650","(\infty, 4, 5, 7, 2, \infty, 26, 31, 29, 28) (42, 20, 47, 13, 3, 15, 45, 22, 38, 18, 44, 23, 37, 27, 39, 21, 46, 14) (0, 6, 19, 34, 17, 8, 1, 9, 12, 16, 35, 24, 30, 43, 10, 41, 32, 25, 33, 36, 40, 11) "
"OP(4,18,6,22)",0,Solved,"0,0500"," (4t+2)","0,0535","(\infty, 4, \infty, 28) (2, 39, 10, 8, 47, 17, 12, 5, 1, 26, 15, 34, 32, 23, 41, 36, 29, 25) (0, 13, 40, 24, 37, 16) (11, 3, 6, 7, 19, 9, 42, 22, 44, 38, 21, 35, 27, 30, 31, 43, 33, 18, 46, 20, 14, 45) "
"OP(6,18,22,4)",0,Solved,"0,0650"," (4t+2)","0,0695","(\infty, 33, 1, \infty, 25, 9) (42, 39, 5, 32, 24, 4, 47, 41, 40, 18, 15, 29, 8, 0, 28, 23, 17, 16) (37, 46, 27, 44, 6, 31, 35, 2, 38, 36, 43, 13, 22, 3, 20, 30, 7, 11, 26, 14, 12, 19) (34, 45, 10, 21) "
"OP(4,18,22,3,3)",0,Solved,"0,0500"," (4t+2)","0,0558","(\infty, \infty, 23, 47) (8, 21, 36, 17, 37, 10, 40, 15, 46, 32, 45, 12, 41, 13, 34, 16, 39, 22) (19, 11, 7, 1, 2, 9, 20, 42, 30, 14, 4, 43, 35, 31, 25, 26, 33, 44, 18, 6, 38, 28) (0, 5, 3) (24, 29, 27) "
"OP(18,22,10)",0,Solved,"0,0950"," (4t+2)","0,1001","(\infty, 2, 4, 5, 8, 45, 10, 6, 44, \infty, 20, 30, 34, 21, 32, 29, 28, 26) (11, 19, 38, 18, 12, 7, 0, 27, 13, 22, 47, 35, 43, 14, 42, 36, 31, 24, 3, 37, 46, 23) (40, 25, 41, 15, 33, 16, 1, 17, 39, 9) "
"OP(23,17,7,3)",,Infeasible,,Table config is not valid,,
"OP(18,22,6,4)",0,Solved,"0,0390"," (4t+2)","0,0435","(\infty, 19, 6, 17, 45, 18, 44, 12, 35, \infty, 11, 36, 20, 42, 21, 41, 30, 43) (22, 40, 23, 14, 8, 1, 2, 4, 7, 15, 34, 46, 16, 47, 38, 32, 25, 26, 28, 31, 39, 10) (9, 5, 0, 33, 29, 24) (13, 3, 37, 27) "
"OP(18,22,5,5)",0,Solved,"0,0450"," (4t+2)","0,0483","(\infty, 21, 10, 0, 3, 8, 2, 4, 11, \infty, 35, 28, 26, 32, 27, 24, 34, 45) (23, 40, 19, 38, 20, 7, 22, 36, 13, 41, 15, 47, 16, 43, 14, 44, 31, 46, 12, 37, 17, 39) (6, 5, 1, 9, 18) (30, 29, 25, 33, 42) "
"OP(18,22,4,3,3)",0,Solved,"0,0630"," (4t+2)","0,0667","(\infty, 5, 10, 21, 7, 33, 18, 38, 15, \infty, 39, 14, 42, 9, 31, 45, 34, 29) (4, 0, 2, 3, 6, 12, 22, 13, 40, 23, 41, 28, 24, 26, 27, 30, 36, 46, 37, 16, 47, 17) (35, 19, 11, 43) (1, 20, 8) (25, 44, 32) "
"OP(12,16,22)",0,Solved,"0,1100"," (4t+2)","0,1151","(\infty, 19, 7, 2, 0, 17, \infty, 41, 24, 26, 31, 43) (46, 16, 1, 39, 23, 12, 21, 8, 22, 40, 25, 15, 47, 36, 45, 32) (9, 3, 6, 10, 35, 14, 42, 20, 13, 5, 4, 33, 27, 30, 34, 11, 38, 18, 44, 37, 29, 28) "
"OP(4,16,8,22)",0,Solved,"0,0490"," (4t+2)","0,0535","(\infty, 1, \infty, 25) (2, 3, 9, 19, 5, 40, 22, 38, 26, 27, 33, 43, 29, 16, 46, 14) (35, 10, 7, 0, 11, 34, 31, 24) (6, 4, 47, 8, 12, 20, 37, 18, 39, 17, 45, 30, 28, 23, 32, 36, 44, 13, 42, 15, 41, 21) "
"OP(8,16,22,4)",0,Solved,"0,0730"," (4t+2)","0,0764","(\infty, 43, 11, 15, \infty, 39, 35, 19) (33, 20, 34, 12, 2, 22, 40, 17, 9, 44, 10, 36, 26, 46, 16, 41) (23, 38, 1, 37, 42, 45, 6, 4, 3, 32, 5, 47, 14, 25, 13, 18, 21, 30, 28, 27, 8, 29) (0, 7, 24, 31) "
"OP(6,16,6,22)",0,Solved,"0,1270"," (4t+2)","0,1311","(\infty, 7, 45, \infty, 21, 31) (16, 1, 46, 6, 47, 13, 44, 24, 40, 25, 22, 30, 23, 37, 20, 0) (32, 38, 19, 8, 14, 43) (33, 10, 36, 41, 11, 2, 4, 3, 39, 18, 5, 9, 34, 12, 17, 35, 26, 28, 27, 15, 42, 29) "
"OP(6,16,22,3,3)",0,Solved,"0,1380"," (4t+2)","0,1410","(\infty, 45, 7, \infty, 31, 21) (32, 14, 28, 2, 42, 46, 9, 29, 8, 38, 4, 26, 18, 22, 33, 5) (41, 39, 20, 35, 3, 34, 43, 0, 25, 13, 16, 17, 15, 44, 11, 27, 10, 19, 24, 1, 37, 40) (6, 47, 12) (30, 23, 36) "
"OP(4,16,4,4,22)",0,Solved,"0,0440"," (4t+2)","0,0486","(\infty, 1, \infty, 25) (4, 3, 6, 2, 0, 5, 11, 18, 28, 27, 30, 26, 24, 29, 35, 42) (47, 13, 40, 12) (23, 37, 16, 36) (15, 7, 19, 34, 45, 22, 44, 14, 33, 17, 8, 39, 31, 43, 10, 21, 46, 20, 38, 9, 41, 32) "
"OP(16,22,12)",0,Solved,"0,0430"," (4t+2)","0,0474","(\infty, 9, 19, 38, 11, 44, 21, 41, \infty, 17, 45, 20, 35, 14, 43, 33) (8, 0, 18, 2, 7, 16, 22, 10, 6, 3, 1, 32, 24, 42, 26, 31, 40, 46, 34, 30, 27, 25) (4, 5, 12, 23, 37, 15, 28, 29, 36, 47, 13, 39) "
"OP(23,15,9,3)",,Infeasible,,Table config is not valid,,
"OP(16,22,8,4)",0,Solved,"0,1340"," (4t+2)","0,1401","(\infty, 5, 10, 16, 6, 2, 43, 11, \infty, 35, 19, 26, 30, 40, 34, 29) (18, 1, 4, 22, 47, 13, 39, 20, 0, 12, 21, 42, 25, 28, 46, 23, 37, 15, 44, 24, 36, 45) (17, 9, 7, 8, 41, 33, 31, 32) (14, 3, 38, 27) "
"OP(23,15,7,5)",,Infeasible,,Table config is not valid,,
"OP(16,22,6,6)",0,Solved,"0,0540"," (4t+2)","0,0577","(\infty, 1, 4, 10, 3, 2, 0, 5, \infty, 29, 24, 26, 27, 34, 28, 25) (13, 46, 33, 19, 7, 11, 21, 32, 14, 6, 15, 37, 22, 9, 43, 31, 35, 45, 8, 38, 30, 39) (40, 23, 42, 17, 44, 12) (16, 47, 18, 41, 20, 36) "
"OP(16,22,6,3,3)",0,Solved,"0,0800"," (4t+2)","0,0847","(\infty, 17, 2, 3, 1, 10, 23, 37, \infty, 13, 47, 34, 25, 27, 26, 41) (18, 39, 7, 33, 16, 4, 45, 5, 8, 12, 22, 42, 15, 31, 9, 40, 28, 21, 29, 32, 36, 46) (14, 43, 20, 38, 19, 44) (6, 11, 0) (30, 35, 24) "
"OP(23,15,5,4,3)",,Infeasible,,Table config is not valid,,
"OP(16,22,4,4,4)",0,Solved,"0,0550"," (4t+2)","0,0589","(\infty, 45, 16, 43, 18, 38, 23, 41, \infty, 17, 47, 14, 42, 19, 40, 21) (12, 46, 33, 11, 1, 7, 4, 5, 0, 8, 20, 36, 22, 9, 35, 25, 31, 28, 29, 24, 32, 44) (6, 2, 13, 15) (30, 26, 37, 39) (3, 10, 27, 34) "
"OP(16,22,3,3,3,3)",0,Solved,"0,1410"," (4t+2)","0,1445","(\infty, 45, 4, 2, 13, 12, 30, 43, \infty, 19, 6, 36, 37, 26, 28, 21) (39, 10, 22, 44, 23, 40, 7, 41, 9, 18, 38, 15, 34, 46, 20, 47, 16, 31, 17, 33, 42, 14) (1, 5, 11) (25, 29, 35) (3, 0, 8) (27, 24, 32) "
"OP(14,14,22)",0,Solved,"0,0470"," (4t+2)","0,0512","(\infty, 32, 19, 45, 14, 37, 22, \infty, 46, 13, 38, 21, 43, 8) (35, 16, 6, 18, 36, 47, 20, 11, 40, 30, 42, 12, 23, 44) (1, 2, 10, 17, 31, 15, 9, 4, 0, 3, 5, 25, 26, 34, 41, 7, 39, 33, 28, 24, 27, 29) "
"OP(4,14,10,22)",0,Solved,"0,0460"," (4t+2)","0,0496","(\infty, 9, \infty, 33) (11, 45, 20, 41, 13, 39, 22, 35, 21, 44, 17, 37, 15, 46) (0, 18, 2, 6, 16, 24, 42, 26, 30, 40) (23, 14, 8, 3, 1, 4, 5, 12, 31, 43, 10, 47, 38, 32, 27, 25, 28, 29, 36, 7, 19, 34) "
"OP(10,14,22,4)",0,Solved,"0,0480"," (4t+2)","0,0514","(\infty, 2, 3, 5, 8, \infty, 32, 29, 27, 26) (7, 1, 9, 16, 6, 15, 44, 31, 25, 33, 40, 30, 39, 20) (10, 21, 38, 17, 43, 13, 46, 12, 35, 23, 18, 34, 45, 14, 41, 19, 37, 22, 36, 11, 47, 42) (0, 4, 24, 28) "
"OP(6,14,8,22)",0,Solved,"0,0990"," (4t+2)","0,1036","(\infty, 39, 5, \infty, 29, 15) (6, 17, 46, 21, 47, 12, 42, 30, 41, 22, 45, 23, 36, 18) (10, 38, 11, 44, 34, 14, 35, 20) (1, 4, 8, 13, 19, 3, 2, 0, 7, 16, 33, 25, 28, 32, 37, 43, 27, 26, 24, 31, 40, 9) "
"OP(8,14,22,6)",0,Solved,"0,0450"," (4t+2)","0,0489","(\infty, 1, 4, 11, \infty, 35, 28, 25) (3, 2, 0, 5, 9, 15, 6, 27, 26, 24, 29, 33, 39, 30) (18, 7, 17, 34, 46, 13, 45, 23, 36, 16, 8, 42, 31, 41, 10, 22, 37, 21, 47, 12, 40, 32) (43, 14, 44, 19, 38, 20) "
"OP(8,14,22,3,3)",0,Solved,"0,1260"," (4t+2)","0,1297","(\infty, 14, 41, 32, \infty, 8, 17, 38) (33, 46, 16, 4, 7, 35, 1, 9, 22, 40, 28, 31, 11, 25) (13, 3, 10, 29, 12, 23, 39, 6, 2, 0, 42, 37, 27, 34, 5, 36, 47, 15, 30, 26, 24, 18) (19, 44, 45) (43, 20, 21) "
"OP(4,14,6,4,22)",0,Solved,"0,0600"," (4t+2)","0,0642","(\infty, 1, \infty, 25) (2, 3, 5, 8, 13, 31, 16, 26, 27, 29, 32, 37, 7, 40) (6, 14, 39, 30, 38, 15) (0, 4, 24, 28) (35, 46, 19, 36, 20, 42, 23, 9, 45, 10, 17, 11, 22, 43, 12, 44, 18, 47, 33, 21, 34, 41) "
"OP(4,14,5,5,22)",0,Solved,"0,0400"," (4t+2)","0,0447","(\infty, 13, \infty, 37) (46, 21, 8, 38, 23, 12, 43, 22, 45, 32, 14, 47, 36, 19) (6, 18, 44, 35, 16) (30, 42, 20, 11, 40) (1, 2, 10, 17, 31, 15, 9, 4, 0, 3, 5, 25, 26, 34, 41, 7, 39, 33, 28, 24, 27, 29) "
"OP(6,14,22,4,4)",0,Solved,"0,0800"," (4t+2)","0,0846","(\infty, 16, 10, \infty, 34, 40) (43, 18, 15, 0, 17, 1, 47, 19, 42, 39, 24, 41, 25, 23) (4, 11, 30, 9, 22, 21, 7, 12, 8, 20, 2, 28, 35, 6, 33, 46, 45, 31, 36, 32, 44, 26) (3, 14, 5, 13) (27, 38, 29, 37) "
"OP(4,14,4,22,3,3)",0,Solved,"0,0460"," (4t+2)","0,0498","(\infty, 36, \infty, 12) (1, 33, 40, 30, 45, 26, 39, 25, 9, 16, 6, 21, 2, 15) (42, 41, 18, 17) (47, 44, 38, 34, 7, 43, 35, 4, 32, 27, 5, 23, 20, 14, 10, 31, 19, 11, 28, 8, 3, 29) (46, 0, 37) (22, 24, 13) "
"OP(23,13,11,3)",,Infeasible,,Table config is not valid,,
"OP(14,22,10,4)",0,Solved,"0,0770"," (4t+2)","0,0812","(\infty, 41, 23, 8, 22, 42, 21, \infty, 45, 18, 46, 32, 47, 17) (43, 11, 3, 6, 7, 2, 9, 20, 37, 12, 0, 19, 35, 27, 30, 31, 26, 33, 44, 13, 36, 24) (4, 10, 1, 5, 15, 28, 34, 25, 29, 39) (16, 14, 40, 38) "
"OP(23,13,9,5)",,Infeasible,,Table config is not valid,,
"OP(14,22,8,6)",0,Solved,"0,1860"," (4t+2)","0,1895","(\infty, 39, 22, 10, 1, 5, 7, \infty, 31, 29, 25, 34, 46, 15) (12, 4, 11, 21, 20, 9, 23, 38, 19, 41, 18, 36, 28, 35, 45, 44, 33, 47, 14, 43, 17, 42) (6, 3, 8, 2, 30, 27, 32, 26) (0, 13, 40, 24, 37, 16) "
"OP(14,22,8,3,3)",0,Solved,"0,0980"," (4t+2)","0,1015","(\infty, 37, 18, 31, 3, 35, 5, \infty, 29, 11, 27, 7, 42, 13) (12, 9, 46, 6, 10, 32, 44, 1, 0, 38, 15, 36, 33, 22, 30, 34, 8, 20, 25, 24, 14, 39) (47, 40, 26, 17, 23, 16, 2, 41) (19, 4, 21) (43, 28, 45) "
"OP(14,22,7,7)",0,Solved,"0,0430"," (4t+2)","0,0474","(\infty, 29, 42, 6, 43, 26, 33, \infty, 9, 2, 19, 30, 18, 5) (17, 23, 46, 31, 11, 25, 4, 8, 3, 0, 39, 41, 47, 22, 7, 35, 1, 28, 32, 27, 24, 15) (13, 14, 36, 20, 10, 40, 21) (37, 38, 12, 44, 34, 16, 45) "
"OP(23,13,7,4,3)",,Infeasible,,Table config is not valid,,
"OP(23,13,6,5,3)",,Infeasible,,Table config is not valid,,
"OP(14,22,6,4,4)",0,Solved,"0,0430"," (4t+2)","0,0473","(\infty, 20, 7, 21, 47, 14, 32, \infty, 8, 38, 23, 45, 31, 44) (13, 42, 11, 43, 22, 12, 6, 1, 2, 10, 17, 37, 18, 35, 19, 46, 36, 30, 25, 26, 34, 41) (40, 15, 4, 16, 39, 28) (9, 0, 3, 5) (33, 24, 27, 29) "
"OP(14,22,5,5,4)",0,Solved,"0,1360"," (4t+2)","0,1405","(\infty, 19, 8, 0, 1, 3, 39, \infty, 15, 27, 25, 24, 32, 43) (2, 5, 9, 4, 10, 17, 35, 12, 22, 42, 13, 26, 29, 33, 28, 34, 41, 11, 36, 46, 18, 37) (14, 45, 23, 44, 30) (38, 21, 47, 20, 6) (7, 16, 31, 40) "
"OP(23,13,5,3,3,3)",,Infeasible,,Table config is not valid,,
"OP(14,22,4,4,3,3)",0,Solved,"0,0470"," (4t+2)","0,0513","(\infty, 4, 14, 30, 47, 36, 22, \infty, 46, 12, 23, 6, 38, 28) (16, 41, 13, 34, 19, 11, 7, 1, 2, 9, 18, 40, 17, 37, 10, 43, 35, 31, 25, 26, 33, 42) (20, 8, 21, 39) (44, 32, 45, 15) (0, 5, 3) (24, 29, 27) "
"OP(4,12,12,22)",0,Solved,"0,0650"," (4t+2)","0,0689","(\infty, 5, \infty, 29) (16, 8, 19, 37, 22, 12, 7, 4, 0, 2, 3, 9) (40, 32, 43, 13, 46, 36, 31, 28, 24, 26, 27, 33) (39, 17, 30, 18, 38, 21, 35, 10, 1, 20, 47, 15, 41, 6, 42, 14, 45, 11, 34, 25, 44, 23) "
"OP(12,12,22,4)",0,Solved,"0,0570"," (4t+2)","0,0611","(\infty, 44, 35, 4, 33, 46, \infty, 22, 9, 28, 11, 20) (31, 5, 30, 40, 36, 47, 7, 29, 6, 16, 12, 23) (25, 45, 27, 34, 0, 32, 37, 38, 26, 41, 43, 1, 21, 3, 10, 24, 8, 13, 14, 2, 17, 19) (42, 39, 18, 15) "
"OP(6,12,10,22)",0,Solved,"0,0500"," (4t+2)","0,0550","(\infty, 19, 47, \infty, 23, 43) (14, 5, 3, 6, 11, 21, 38, 29, 27, 30, 35, 45) (4, 0, 13, 42, 12, 28, 24, 37, 18, 36) (1, 7, 8, 22, 10, 2, 9, 20, 41, 15, 40, 25, 31, 32, 46, 34, 26, 33, 44, 17, 39, 16) "
"OP(10,12,22,6)",0,Solved,"0,0490"," (4t+2)","0,0539","(\infty, 22, 33, 45, 12, \infty, 36, 21, 9, 46) (34, 16, 7, 5, 1, 2, 10, 40, 31, 29, 25, 26) (13, 47, 18, 44, 19, 35, 15, 8, 3, 0, 6, 37, 23, 42, 20, 43, 11, 39, 32, 27, 24, 30) (4, 14, 41, 28, 38, 17) "
"OP(10,12,22,3,3)",0,Solved,"0,1230"," (4t+2)","0,1283","(\infty, 2, 3, 5, 0, \infty, 24, 29, 27, 26) (6, 12, 23, 11, 21, 43, 30, 36, 47, 35, 45, 19) (14, 22, 37, 9, 41, 18, 39, 20, 34, 16, 7, 38, 46, 13, 33, 17, 42, 15, 44, 10, 40, 31) (4, 1, 8) (28, 25, 32) "
"OP(8,12,8,22)",0,Solved,"0,0480"," (4t+2)","0,0523","(\infty, 1, 4, 11, \infty, 35, 28, 25) (3, 2, 0, 5, 9, 15, 27, 26, 24, 29, 33, 39) (6, 14, 23, 46, 30, 38, 47, 22) (18, 7, 17, 32, 13, 44, 10, 45, 19, 40, 12, 42, 31, 41, 8, 37, 20, 34, 21, 43, 16, 36) "
"OP(4,12,8,4,22)",0,Solved,"0,0500"," (4t+2)","0,0541","(\infty, 5, \infty, 29) (6, 12, 13, 18, 9, 43, 30, 36, 37, 42, 33, 19) (15, 8, 0, 2, 39, 32, 24, 26) (3, 7, 27, 31) (40, 10, 22, 38, 23, 45, 35, 4, 1, 20, 41, 16, 34, 46, 14, 47, 21, 11, 28, 25, 44, 17) "
"OP(23,12,7,5,3)",,Infeasible,,Table config is not valid,,
"OP(8,12,22,4,4)",0,Solved,"0,0670"," (4t+2)","0,0708","(\infty, 21, 20, 3, \infty, 27, 44, 45) (1, 9, 37, 12, 2, 11, 25, 33, 13, 36, 26, 35) (7, 18, 14, 40, 19, 6, 4, 10, 46, 17, 47, 31, 42, 38, 16, 43, 30, 28, 34, 22, 41, 23) (8, 15, 0, 5) (32, 39, 24, 29) "
"OP(4,12,6,6,22)",0,Solved,"0,0740"," (4t+2)","0,0777","(\infty, 30, \infty, 6) (3, 0, 11, 39, 23, 41, 27, 24, 35, 15, 47, 17) (9, 22, 12, 19, 14, 5) (33, 46, 36, 43, 38, 29) (1, 7, 8, 37, 20, 45, 18, 40, 4, 2, 10, 25, 31, 32, 13, 44, 21, 42, 16, 28, 26, 34) "
"OP(6,12,6,22,4)",0,Solved,"0,0690"," (4t+2)","0,0749","(\infty, 44, 14, \infty, 38, 20) (17, 12, 9, 7, 8, 4, 41, 36, 33, 31, 32, 28) (37, 10, 0, 13, 34, 24) (23, 1, 43, 18, 3, 39, 22, 2, 11, 40, 6, 47, 25, 19, 42, 27, 15, 46, 26, 35, 16, 30) (29, 45, 5, 21) "
"OP(4,12,6,22,3,3)",0,Solved,"0,0650"," (4t+2)","0,0685","(\infty, 4, \infty, 28) (5, 6, 2, 15, 13, 47, 29, 30, 26, 39, 37, 23) (8, 3, 10, 32, 27, 34) (16, 44, 11, 0, 12, 21, 42, 17, 7, 1, 9, 40, 20, 35, 24, 36, 45, 18, 41, 31, 25, 33) (14, 43, 46) (38, 19, 22) "
"OP(6,12,22,5,5)",0,Solved,"0,1110"," (4t+2)","0,1149","(\infty, 14, 46, \infty, 22, 38) (16, 5, 20, 13, 3, 9, 40, 29, 44, 37, 27, 33) (47, 34, 11, 6, 2, 0, 1, 4, 12, 31, 43, 23, 10, 35, 30, 26, 24, 25, 28, 36, 7, 19) (8, 42, 21, 39, 17) (32, 18, 45, 15, 41) "
"OP(6,12,22,4,3,3)",0,Solved,"0,0570"," (4t+2)","0,0602","(\infty, 14, 34, \infty, 10, 38) (15, 27, 23, 46, 12, 9, 39, 3, 47, 22, 36, 33) (4, 25, 19, 0, 41, 6, 16, 7, 8, 13, 2, 28, 1, 43, 24, 17, 30, 40, 31, 32, 37, 26) (21, 5, 45, 29) (11, 44, 42) (35, 20, 18) "
"OP(4,12,4,4,4,22)",0,Solved,"0,0570"," (4t+2)","0,0608","(\infty, 3, \infty, 27) (4, 5, 7, 13, 17, 40, 28, 29, 31, 37, 41, 16) (6, 1, 42, 26) (30, 25, 18, 2) (11, 8, 35, 32) (15, 23, 38, 19, 36, 22, 44, 9, 0, 10, 21, 39, 47, 14, 43, 12, 46, 20, 33, 24, 34, 45) "
"OP(4,12,22,3,3,3,3)",0,Solved,"0,1010"," (4t+2)","0,1055","(\infty, 20, \infty, 44) (45, 13, 4, 1, 8, 9, 21, 37, 28, 25, 32, 33) (12, 43, 17, 38, 18, 7, 2, 6, 16, 46, 23, 36, 19, 41, 14, 42, 31, 26, 30, 40, 22, 47) (5, 11, 3) (29, 35, 27) (34, 15, 0) (10, 39, 24) "
"OP(6,11,11,22)",0,Solved,"0,0590"," (4t+2)","0,0626","(\infty, 16, 46, \infty, 22, 40) (8, 42, 13, 0, 20, 43, 11, 4, 10, 2, 7) (32, 18, 37, 24, 44, 19, 35, 28, 34, 26, 31) (1, 5, 15, 17, 6, 3, 12, 33, 45, 14, 47, 25, 29, 39, 41, 30, 27, 36, 9, 21, 38, 23) "
"OP(12,22,10,6)",0,Solved,"0,0410"," (4t+2)","0,0455","(\infty, 1, 20, 30, 7, 21, \infty, 45, 31, 6, 44, 25) (16, 24, 11, 28, 33, 34, 12, 18, 39, 27, 29, 40, 0, 35, 4, 9, 10, 36, 42, 15, 3, 5) (41, 32, 14, 46, 13, 17, 8, 38, 22, 37) (26, 23, 43, 2, 47, 19) "
"OP(12,22,10,3,3)",0,Solved,"0,0440"," (4t+2)","0,0489","(\infty, 21, 15, 23, 28, 37, \infty, 13, 4, 47, 39, 45) (41, 8, 35, 6, 19, 29, 9, 10, 3, 20, 31, 17, 32, 11, 30, 43, 5, 33, 34, 27, 44, 7) (2, 0, 25, 22, 38, 26, 24, 1, 46, 14) (40, 18, 36) (16, 42, 12) "
"OP(23,11,9,7)",,Infeasible,,Table config is not valid,,
"OP(23,11,9,4,3)",,Infeasible,,Table config is not valid,,
"OP(12,22,8,8)",0,Solved,"0,0490"," (4t+2)","0,0538","(\infty, 43, 32, 16, 10, 1, \infty, 25, 34, 40, 8, 19) (41, 7, 0, 4, 6, 9, 14, 29, 42, 15, 45, 17, 31, 24, 28, 30, 33, 38, 5, 18, 39, 21) (2, 12, 20, 37, 11, 47, 22, 3) (26, 36, 44, 13, 35, 23, 46, 27) "
"OP(23,11,8,5,3)",,Infeasible,,Table config is not valid,,
"OP(12,22,8,4,4)",0,Solved,"0,0580"," (4t+2)","0,0622","(\infty, 26, 44, 47, 41, 36, \infty, 12, 17, 23, 20, 2) (35, 6, 32, 39, 29, 37, 25, 42, 27, 38, 34, 11, 30, 8, 15, 5, 13, 1, 18, 3, 14, 10) (40, 24, 4, 43, 16, 0, 28, 19) (33, 46, 45, 31) (9, 22, 21, 7) "
"OP(23,11,7,6,3)",,Infeasible,,Table config is not valid,,
"OP(23,11,7,5,4)",,Infeasible,,Table config is not valid,,
"OP(23,11,7,3,3,3)",,Infeasible,,Table config is not valid,,
"OP(12,22,6,6,4)",0,Solved,"0,0500"," (4t+2)","0,0547","(\infty, 21, 41, 10, 42, 23, \infty, 47, 18, 34, 17, 45) (19, 12, 7, 4, 0, 2, 3, 9, 39, 16, 6, 43, 36, 31, 28, 24, 26, 27, 33, 15, 40, 30) (14, 22, 8, 35, 13, 1) (38, 46, 32, 11, 37, 25) (20, 5, 44, 29) "
"OP(12,22,6,5,5)",0,Solved,"0,1240"," (4t+2)","0,1311","(\infty, 10, 23, 39, 5, 14, \infty, 38, 29, 15, 47, 34) (18, 22, 12, 20, 37, 19, 31, 16, 17, 6, 1, 42, 46, 36, 44, 13, 43, 7, 40, 41, 30, 25) (24, 21, 2, 0, 45, 26) (8, 35, 9, 3, 28) (32, 11, 33, 27, 4) "
"OP(12,22,6,4,3,3)",0,Solved,"0,1830"," (4t+2)","0,1873","(\infty, 45, 23, 43, 42, 17, \infty, 41, 18, 19, 47, 21) (1, 11, 44, 40, 4, 10, 24, 32, 37, 5, 46, 25, 35, 20, 16, 28, 34, 0, 8, 13, 29, 22) (39, 30, 12, 15, 6, 36) (3, 38, 27, 14) (2, 33, 31) (26, 9, 7) "
"OP(12,22,5,5,3,3)",0,Solved,"0,0640"," (4t+2)","0,0672","(\infty, 3, 4, 6, 9, 17, \infty, 41, 33, 30, 28, 27) (46, 34, 15, 1, 16, 26, 13, 8, 14, 23, 43, 22, 10, 39, 25, 40, 2, 37, 32, 38, 47, 19) (5, 36, 18, 44, 21) (29, 12, 42, 20, 45) (0, 7, 11) (24, 31, 35) "
"OP(23,11,5,4,4,3)",,Infeasible,,Table config is not valid,,
"OP(12,22,4,4,4,4)",0,Solved,"0,0440"," (4t+2)","0,0477","(\infty, 37, 30, 14, 47, 3, \infty, 27, 23, 38, 6, 13) (28, 20, 41, 42, 24, 21, 46, 33, 43, 7, 26, 4, 44, 17, 18, 0, 45, 22, 9, 19, 31, 2) (39, 8, 36, 34) (15, 32, 12, 10) (11, 25, 16, 5) (35, 1, 40, 29) "
"OP(12,22,4,3,3,3,3)",0,Solved,"0,1020"," (4t+2)","0,1064","(\infty, 34, 19, 7, 41, 30, \infty, 6, 17, 31, 43, 10) (12, 44, 13, 4, 2, 9, 22, 23, 15, 38, 16, 36, 20, 37, 28, 26, 33, 46, 47, 39, 14, 40) (8, 3, 32, 27) (18, 21, 0) (42, 45, 24) (1, 11, 5) (25, 35, 29) "
"OP(8,10,10,22)",0,Solved,"0,0790"," (4t+2)","0,0834","(\infty, 30, 32, 10, \infty, 34, 8, 6) (36, 39, 7, 44, 1, 14, 42, 28, 27, 0) (12, 15, 31, 20, 25, 38, 18, 4, 3, 24) (22, 13, 19, 2, 17, 21, 29, 11, 40, 33, 23, 46, 37, 43, 26, 41, 45, 5, 35, 16, 9, 47) "
"OP(4,10,10,4,22)",0,Solved,"0,0660"," (4t+2)","0,0705","(\infty, 13, \infty, 37) (0, 1, 23, 3, 16, 7, 5, 15, 42, 11) (24, 25, 47, 27, 40, 31, 29, 39, 18, 35) (20, 2, 44, 26) (4, 8, 22, 45, 9, 6, 14, 43, 10, 17, 12, 28, 32, 46, 21, 33, 30, 38, 19, 34, 41, 36) "
"OP(10,10,22,8)",0,Solved,"0,0680"," (4t+2)","0,0739","(\infty, 4, 5, 7, 2, \infty, 26, 31, 29, 28) (43, 20, 34, 14, 3, 19, 44, 10, 38, 27) (42, 15, 45, 6, 0, 8, 41, 22, 35, 13, 1, 18, 39, 21, 30, 24, 32, 17, 46, 11, 37, 25) (9, 12, 16, 23, 33, 36, 40, 47) "
"OP(23,10,9,5,3)",,Infeasible,,Table config is not valid,,
"OP(10,10,22,4,4)",0,Solved,"0,0660"," (4t+2)","0,0710","(\infty, 3, 4, 6, 9, \infty, 33, 30, 28, 27) (46, 16, 39, 5, 1, 22, 40, 15, 29, 25) (43, 26, 13, 8, 14, 23, 35, 20, 36, 17, 45, 19, 2, 37, 32, 38, 47, 11, 44, 12, 41, 21) (7, 0, 10, 18) (31, 24, 34, 42) "
"OP(4,10,8,6,22)",0,Solved,"0,0440"," (4t+2)","0,0478","(\infty, 1, \infty, 25) (2, 3, 9, 19, 37, 26, 27, 33, 43, 13) (5, 18, 45, 17, 29, 42, 21, 41) (10, 7, 0, 34, 31, 24) (6, 4, 47, 8, 12, 20, 35, 16, 38, 15, 46, 30, 28, 23, 32, 36, 44, 11, 40, 14, 39, 22) "
"OP(6,10,8,22,4)",0,Solved,"0,1200"," (4t+2)","0,1245","(\infty, 4, 42, \infty, 18, 28) (5, 6, 8, 13, 44, 29, 30, 32, 37, 20) (0, 7, 10, 16, 24, 31, 34, 40) (1, 12, 21, 35, 14, 2, 27, 46, 33, 15, 41, 25, 36, 45, 11, 38, 26, 3, 22, 9, 39, 17) (19, 23, 43, 47) "
"OP(4,10,8,22,3,3)",0,Solved,"0,0480"," (4t+2)","0,0519","(\infty, 15, \infty, 39) (4, 2, 9, 3, 6, 28, 26, 33, 27, 30) (8, 0, 5, 1, 32, 24, 29, 25) (35, 21, 10, 37, 22, 42, 19, 38, 20, 36, 23, 11, 45, 34, 13, 46, 18, 43, 14, 44, 12, 47) (7, 17, 16) (31, 41, 40) "
"OP(4,10,7,7,22)",0,Solved,"0,0460"," (4t+2)","0,0503","(\infty, 5, \infty, 29) (6, 14, 23, 9, 19, 30, 38, 47, 33, 43) (12, 7, 4, 0, 2, 3, 18) (36, 31, 28, 24, 26, 27, 42) (45, 10, 46, 16, 41, 15, 35, 8, 1, 20, 37, 21, 34, 22, 40, 17, 39, 11, 32, 25, 44, 13) "
"OP(8,10,22,6,4)",0,Solved,"0,0810"," (4t+2)","0,0853","(\infty, 5, 12, 45, \infty, 21, 36, 29) (10, 13, 0, 23, 7, 34, 37, 24, 47, 31) (4, 15, 6, 2, 1, 3, 8, 22, 42, 11, 40, 28, 39, 30, 26, 25, 27, 32, 46, 18, 35, 16) (41, 19, 9, 17, 43, 33) (14, 20, 38, 44) "
"OP(8,10,22,5,5)",0,Solved,"0,0470"," (4t+2)","0,0505","(\infty, 41, 10, 45, \infty, 21, 34, 17) (39, 16, 36, 18, 47, 15, 40, 12, 42, 23) (20, 46, 13, 27, 38, 11, 2, 8, 1, 9, 6, 44, 22, 37, 3, 14, 35, 26, 32, 25, 33, 30) (0, 4, 5, 7, 43) (24, 28, 29, 31, 19) "
"OP(8,10,22,4,3,3)",0,Solved,"0,0840"," (4t+2)","0,0885","(\infty, 45, 20, 35, \infty, 11, 44, 21) (0, 2, 3, 9, 16, 24, 26, 27, 33, 40) (1, 4, 8, 13, 22, 43, 7, 23, 42, 12, 38, 25, 28, 32, 37, 46, 19, 31, 47, 18, 36, 14) (15, 5, 39, 29) (6, 17, 34) (30, 41, 10) "
"OP(6,10,6,6,22)",0,Solved,"0,0650"," (4t+2)","0,0695","(\infty, 46, 14, \infty, 38, 22) (2, 10, 6, 11, 40, 26, 34, 30, 35, 16) (8, 1, 12, 13, 44, 23) (32, 25, 36, 37, 20, 47) (21, 43, 18, 0, 9, 3, 15, 5, 7, 4, 17, 45, 19, 42, 24, 33, 27, 39, 29, 31, 28, 41) "
"OP(6,10,6,22,3,3)",0,Solved,"0,1930"," (4t+2)","0,1978","(\infty, 45, 41, \infty, 17, 21) (37, 40, 39, 1, 32, 13, 16, 15, 25, 8) (14, 47, 31, 38, 23, 7) (3, 46, 34, 12, 42, 5, 11, 20, 28, 0, 2, 27, 22, 10, 36, 18, 29, 35, 44, 4, 24, 26) (19, 33, 6) (43, 9, 30) "
"OP(4,10,6,4,4,22)",0,Solved,"0,0400"," (4t+2)","0,0450","(\infty, 18, \infty, 42) (9, 5, 6, 3, 12, 33, 29, 30, 27, 36) (46, 11, 4, 22, 35, 28) (0, 14, 39, 17) (24, 38, 15, 41) (1, 16, 45, 13, 7, 2, 10, 20, 32, 43, 23, 25, 40, 21, 37, 31, 26, 34, 44, 8, 19, 47) "
"OP(4,10,5,5,4,22)",0,Solved,"0,0670"," (4t+2)","0,0711","(\infty, 34, \infty, 10) (43, 38, 21, 24, 39, 19, 14, 45, 0, 15) (44, 31, 41, 2, 28) (20, 7, 17, 26, 4) (47, 46, 23, 22) (1, 30, 42, 36, 32, 5, 35, 37, 3, 40, 33, 25, 6, 18, 12, 8, 29, 11, 13, 27, 16, 9) "
"OP(6,10,22,4,4,4)",0,Solved,"0,1020"," (4t+2)","0,1058","(\infty, 36, 42, \infty, 18, 12) (2, 16, 27, 0, 33, 26, 40, 3, 24, 9) (46, 29, 34, 32, 4, 44, 47, 25, 21, 11, 41, 22, 5, 10, 8, 28, 20, 23, 1, 45, 35, 17) (43, 7, 39, 30) (19, 31, 15, 6) (13, 38, 37, 14) "
"OP(6,10,22,3,3,3,3)",0,Solved,"0,0540"," (4t+2)","0,0577","(\infty, 2, 4, \infty, 28, 26) (6, 7, 10, 17, 42, 30, 31, 34, 41, 18) (16, 27, 9, 47, 38, 11, 43, 21, 15, 46, 12, 40, 3, 33, 23, 14, 35, 19, 45, 39, 22, 36) (0, 13, 8) (24, 37, 32) (1, 20, 5) (25, 44, 29) "
"OP(4,10,4,4,22,3,3)",0,Solved,"0,0480"," (4t+2)","0,0518","(\infty, 8, \infty, 32) (2, 7, 22, 19, 10, 26, 31, 46, 43, 34) (4, 5, 16, 12) (28, 29, 40, 36) (11, 1, 14, 41, 0, 23, 6, 20, 42, 13, 15, 35, 25, 38, 17, 24, 47, 30, 44, 18, 37, 39) (3, 21, 9) (27, 45, 33) "
"OP(10,22,9,9)",0,Solved,"0,0480"," (4t+2)","0,0518","(\infty, 8, 20, 47, 34, \infty, 10, 23, 44, 32) (3, 5, 19, 11, 4, 0, 18, 9, 6, 1, 7, 27, 29, 43, 35, 28, 24, 42, 33, 30, 25, 31) (16, 45, 12, 2, 13, 14, 46, 15, 41) (40, 21, 36, 26, 37, 38, 22, 39, 17) "
"OP(4,9,9,6,22)",0,Solved,"0,0500"," (4t+2)","0,0543","(\infty, 1, \infty, 25) (4, 3, 6, 2, 0, 5, 31, 17, 10) (28, 27, 30, 26, 24, 29, 7, 41, 34) (14, 43, 15, 38, 19, 39) (22, 37, 21, 33, 16, 8, 18, 36, 47, 20, 11, 46, 13, 45, 9, 40, 32, 42, 12, 23, 44, 35) "
"OP(6,9,9,22,4)",0,Solved,"0,1890"," (4t+2)","0,1925","(\infty, 4, 22, \infty, 46, 28) (31, 2, 0, 3, 19, 18, 38, 44, 17) (7, 26, 24, 27, 43, 42, 14, 20, 41) (15, 11, 34, 12, 21, 9, 1, 6, 13, 23, 8, 39, 35, 10, 36, 45, 33, 25, 30, 37, 47, 32) (16, 5, 40, 29) "
"OP(4,9,9,22,3,3)",0,Solved,"0,0390"," (4t+2)","0,0427","(\infty, 22, \infty, 46) (8, 39, 10, 37, 23, 41, 16, 36, 21) (32, 15, 34, 13, 47, 17, 40, 12, 45) (19, 11, 7, 1, 2, 9, 20, 42, 30, 14, 4, 43, 35, 31, 25, 26, 33, 44, 18, 6, 38, 28) (0, 5, 3) (24, 29, 27) "
"OP(23,9,8,7,3)",,Infeasible,,Table config is not valid,,
"OP(10,22,8,6,4)",0,Solved,"0,2690"," (4t+2)","0,2728","(\infty, 2, 3, 0, 4, \infty, 28, 24, 27, 26) (5, 7, 14, 22, 8, 17, 34, 11, 23, 13, 40, 29, 31, 38, 46, 32, 41, 10, 35, 47, 37, 16) (20, 33, 18, 12, 44, 9, 42, 36) (15, 43, 21, 39, 19, 45) (1, 6, 25, 30) "
"OP(10,22,8,5,5)",0,Solved,"0,0470"," (4t+2)","0,0506","(\infty, 20, 12, 41, 32, \infty, 8, 17, 36, 44) (37, 7, 22, 26, 3, 0, 10, 45, 4, 38, 39, 13, 31, 46, 2, 27, 24, 34, 21, 28, 14, 15) (5, 16, 43, 23, 29, 40, 19, 47) (42, 6, 11, 9, 25) (18, 30, 35, 33, 1) "
"OP(10,22,8,4,3,3)",0,Solved,"0,1310"," (4t+2)","0,1350","(\infty, 18, 14, 43, 30, \infty, 6, 19, 38, 42) (4, 24, 10, 47, 45, 33, 41, 44, 37, 46, 29, 28, 0, 34, 23, 21, 9, 17, 20, 13, 22, 5) (39, 12, 7, 40, 15, 36, 31, 16) (8, 2, 32, 26) (11, 27, 1) (35, 3, 25) "
"OP(10,22,7,7,4)",0,Solved,"0,0470"," (4t+2)","0,0517","(\infty, 2, 4, 5, 10, \infty, 34, 29, 28, 26) (7, 17, 37, 16, 27, 45, 42, 19, 38, 22, 9, 31, 41, 13, 40, 3, 21, 18, 43, 14, 46, 33) (15, 23, 6, 0, 12, 8, 1) (39, 47, 30, 24, 36, 32, 25) (20, 11, 44, 35) "
"OP(23,9,7,6,5)",,Infeasible,,Table config is not valid,,
"OP(23,9,7,5,3,3)",,Infeasible,,Table config is not valid,,
"OP(23,9,7,4,4,3)",,Infeasible,,Table config is not valid,,
"OP(10,22,6,6,6)",0,Solved,"0,0390"," (4t+2)","0,0426","(\infty, 1, 2, 4, 9, \infty, 33, 28, 26, 25) (5, 16, 19, 41, 14, 31, 13, 6, 0, 10, 42, 29, 40, 43, 17, 38, 7, 37, 30, 24, 34, 18) (47, 3, 11, 39, 20, 8) (23, 27, 35, 15, 44, 32) (12, 45, 22, 36, 21, 46) "
"OP(10,22,6,6,3,3)",0,Solved,"0,0450"," (4t+2)","0,0489","(\infty, 44, 17, 46, 10, \infty, 34, 22, 41, 20) (37, 9, 39, 16, 47, 32, 18, 11, 7, 1, 2, 13, 33, 15, 40, 23, 8, 42, 35, 31, 25, 26) (12, 4, 14, 30, 43, 21) (36, 28, 38, 6, 19, 45) (0, 5, 3) (24, 29, 27) "
"OP(23,9,6,5,4,3)",,Infeasible,,Table config is not valid,,
"OP(10,22,6,4,4,4)",0,Solved,"0,0620"," (4t+2)","0,0651","(\infty, 6, 22, 8, 18, \infty, 42, 32, 46, 30) (47, 19, 12, 7, 4, 0, 2, 3, 9, 17, 34, 23, 43, 36, 31, 28, 24, 26, 27, 33, 41, 10) (15, 40, 21, 39, 16, 45) (13, 35, 14, 1) (37, 11, 38, 25) (20, 5, 44, 29) "
"OP(10,22,6,3,3,3,3)",0,Solved,"0,1710"," (4t+2)","0,1752","(\infty, 46, 16, 41, 14, \infty, 38, 17, 40, 22) (4, 12, 21, 43, 9, 20, 39, 23, 35, 18, 8, 28, 36, 45, 19, 33, 44, 15, 47, 11, 42, 32) (10, 6, 1, 34, 30, 25) (5, 3, 2) (29, 27, 26) (0, 13, 7) (24, 37, 31) "
"OP(23,9,5,5,5,3)",,Infeasible,,Table config is not valid,,
"OP(10,22,5,5,4,4)",0,Solved,"0,0460"," (4t+2)","0,0500","(\infty, 37, 21, 7, 35, \infty, 11, 31, 45, 13) (44, 17, 42, 16, 47, 32, 19, 12, 6, 1, 2, 20, 41, 18, 40, 23, 8, 43, 36, 30, 25, 26) (15, 4, 14, 22, 34) (39, 28, 38, 46, 10) (9, 0, 3, 5) (33, 24, 27, 29) "
"OP(23,9,5,4,3,3,3)",,Infeasible,,Table config is not valid,,
"OP(10,22,4,4,4,3,3)",0,Solved,"0,0530"," (4t+2)","0,0572","(\infty, 18, 37, 47, 16, \infty, 40, 23, 13, 42) (45, 15, 38, 17, 11, 0, 12, 44, 22, 7, 8, 21, 39, 14, 41, 35, 24, 36, 20, 46, 31, 32) (3, 5, 19, 10) (27, 29, 43, 34) (6, 2, 30, 26) (9, 4, 1) (33, 28, 25) "
"OP(10,22,3,3,3,3,3,3)",0,Solved,"0,1500"," (4t+2)","0,1542","(\infty, 17, 0, 11, 43, \infty, 19, 35, 24, 41) (5, 34, 22, 20, 40, 45, 1, 8, 31, 9, 47, 29, 10, 46, 44, 16, 21, 25, 32, 7, 33, 23) (37, 4, 38) (13, 28, 14) (3, 12, 6) (27, 36, 30) (42, 15, 2) (18, 39, 26) "
"OP(4,8,8,8,22)",0,Solved,"0,0760"," (4t+2)","0,0801","(\infty, 35, \infty, 11) (0, 1, 6, 14, 5, 20, 13, 3) (24, 25, 30, 38, 29, 44, 37, 27) (7, 32, 45, 9, 31, 8, 21, 33) (46, 2, 4, 18, 12, 23, 39, 19, 40, 10, 41, 22, 26, 28, 42, 36, 47, 15, 43, 16, 34, 17) "
"OP(8,8,8,22,4)",0,Solved,"0,0810"," (4t+2)","0,0844","(\infty, 33, 23, 21, \infty, 45, 47, 9) (4, 43, 20, 5, 13, 30, 27, 41) (28, 19, 44, 29, 37, 6, 3, 17) (11, 15, 10, 36, 1, 22, 2, 38, 31, 32, 16, 35, 39, 34, 12, 25, 46, 26, 14, 7, 8, 40) (18, 0, 42, 24) "
"OP(6,8,8,6,22)",0,Solved,"0,0870"," (4t+2)","0,0920","(\infty, 0, 2, \infty, 26, 24) (3, 6, 5, 9, 15, 4, 16, 8) (27, 30, 29, 33, 39, 28, 40, 32) (7, 14, 41, 31, 38, 17) (10, 19, 37, 11, 45, 12, 44, 25, 42, 22, 47, 34, 43, 13, 35, 21, 36, 20, 1, 18, 46, 23) "
"OP(6,8,8,22,3,3)",0,Solved,"0,0690"," (4t+2)","0,0738","(\infty, 10, 18, \infty, 42, 34) (4, 6, 9, 14, 47, 13, 7, 0) (28, 30, 33, 38, 23, 37, 31, 24) (2, 3, 12, 22, 43, 21, 5, 40, 17, 35, 15, 26, 27, 36, 46, 19, 45, 29, 16, 41, 11, 39) (1, 20, 32) (25, 44, 8) "
"OP(4,8,8,4,4,22)",0,Solved,"0,0420"," (4t+2)","0,0469","(\infty, 12, \infty, 36) (8, 15, 30, 19, 42, 23, 10, 0) (32, 39, 6, 43, 18, 47, 34, 24) (20, 2, 7, 16) (44, 26, 31, 40) (35, 21, 9, 3, 1, 4, 5, 22, 38, 17, 37, 11, 45, 33, 27, 25, 28, 29, 46, 14, 41, 13) "
"OP(6,8,7,7,22)",0,Solved,"0,1130"," (4t+2)","0,1172","(\infty, 39, 5, \infty, 29, 15) (6, 21, 44, 18, 30, 45, 20, 42) (12, 41, 23, 10, 38, 11, 22) (36, 17, 47, 34, 14, 35, 46) (1, 4, 8, 13, 19, 3, 2, 0, 7, 16, 33, 25, 28, 32, 37, 43, 27, 26, 24, 31, 40, 9) "
"OP(8,8,22,6,6)",0,Solved,"0,0490"," (4t+2)","0,0531","(\infty, 2, 35, 4, \infty, 28, 11, 26) (7, 32, 37, 45, 31, 8, 13, 21) (39, 33, 20, 40, 36, 34, 41, 42, 6, 24, 5, 15, 9, 44, 16, 12, 10, 17, 18, 30, 0, 29) (38, 27, 43, 46, 25, 47) (14, 3, 19, 22, 1, 23) "
"OP(8,8,22,6,3,3)",0,Solved,"0,2150"," (4t+2)","0,2189","(\infty, 7, 19, 3, \infty, 27, 43, 31) (5, 20, 2, 9, 29, 44, 26, 33) (13, 10, 0, 14, 39, 12, 8, 45, 46, 6, 11, 37, 34, 24, 38, 15, 36, 32, 21, 22, 30, 35) (1, 40, 42, 25, 16, 18) (4, 23, 17) (28, 47, 41) "
"OP(23,8,7,5,4,3)",,Infeasible,,Table config is not valid,,
"OP(8,8,22,4,4,4)",0,Solved,"0,1450"," (4t+2)","0,1493","(\infty, 2, 3, 8, \infty, 32, 27, 26) (0, 45, 4, 40, 24, 21, 28, 16) (42, 17, 46, 9, 44, 23, 43, 13, 7, 11, 1, 18, 41, 22, 33, 20, 47, 19, 37, 31, 35, 25) (14, 29, 15, 6) (38, 5, 39, 30) (34, 12, 10, 36) "
"OP(8,8,22,3,3,3,3)",0,Solved,"0,0490"," (4t+2)","0,0532","(\infty, 45, 19, 1, \infty, 25, 43, 21) (15, 20, 4, 12, 39, 44, 28, 36) (13, 46, 40, 6, 2, 5, 17, 8, 9, 11, 18, 37, 22, 16, 30, 26, 29, 41, 32, 33, 35, 42) (38, 7, 27) (14, 31, 3) (23, 10, 0) (47, 34, 24) "
"OP(4,8,6,6,4,22)",0,Solved,"0,0490"," (4t+2)","0,0524","(\infty, 6, \infty, 30) (1, 8, 19, 40, 25, 32, 43, 16) (10, 2, 11, 15, 44, 13) (34, 26, 35, 39, 20, 37) (14, 4, 38, 28) (23, 3, 21, 22, 0, 12, 7, 9, 41, 18, 5, 47, 27, 45, 46, 24, 36, 31, 33, 17, 42, 29) "
"OP(4,8,6,5,5,22)",0,Solved,"0,0490"," (4t+2)","0,0533","(\infty, 1, \infty, 25) (12, 3, 9, 2, 36, 27, 33, 26) (0, 16, 47, 24, 40, 23) (4, 8, 19, 6, 14) (28, 32, 43, 30, 38) (22, 7, 35, 13, 10, 5, 17, 18, 45, 15, 44, 46, 31, 11, 37, 34, 29, 41, 42, 21, 39, 20) "
"OP(6,8,6,22,4,4)",0,Solved,"0,0450"," (4t+2)","0,0494","(\infty, 45, 13, \infty, 37, 21) (23, 6, 2, 4, 47, 30, 26, 28) (43, 16, 5, 19, 40, 29) (22, 44, 15, 38, 10, 9, 42, 12, 0, 3, 11, 46, 20, 39, 14, 34, 33, 18, 36, 24, 27, 35) (7, 17, 8, 1) (31, 41, 32, 25) "
"OP(4,8,6,4,22,3,3)",0,Solved,"0,1940"," (4t+2)","0,1979","(\infty, 0, \infty, 24) (1, 2, 4, 7, 25, 26, 28, 31) (5, 11, 15, 29, 35, 39) (6, 14, 30, 38) (10, 19, 46, 33, 13, 23, 12, 45, 16, 42, 17, 34, 43, 22, 9, 37, 47, 36, 21, 40, 18, 41) (3, 8, 44) (27, 32, 20) "
"OP(6,8,22,5,5,4)",0,Solved,"0,0670"," (4t+2)","0,0711","(\infty, 18, 46, \infty, 22, 42) (13, 0, 14, 47, 37, 24, 38, 23) (45, 20, 39, 17, 8, 4, 10, 40, 19, 7, 5, 21, 44, 15, 41, 32, 28, 34, 16, 43, 31, 29) (11, 3, 6, 1, 12) (35, 27, 30, 25, 36) (9, 2, 33, 26) "
"OP(4,8,5,5,22,3,3)",0,Solved,"0,0490"," (4t+2)","0,0563","(\infty, 40, \infty, 16) (5, 8, 24, 19, 29, 32, 0, 43) (9, 20, 1, 23, 21) (33, 44, 25, 47, 45) (13, 38, 11, 10, 41, 7, 15, 28, 46, 2, 30, 37, 14, 35, 34, 17, 31, 39, 4, 22, 26, 6) (42, 27, 36) (18, 3, 12) "
"OP(6,8,22,4,4,3,3)",0,Solved,"0,0500"," (4t+2)","0,0552","(\infty, 2, 4, \infty, 28, 26) (6, 7, 10, 18, 30, 31, 34, 42) (33, 16, 27, 36, 11, 41, 21, 43, 22, 15, 47, 9, 40, 3, 12, 35, 17, 45, 19, 46, 39, 23) (13, 0, 14, 8) (37, 24, 38, 32) (1, 20, 5) (25, 44, 29) "
"OP(4,8,4,4,4,4,22)",0,Solved,"0,0490"," (4t+2)","0,0533","(\infty, 20, \infty, 44) (9, 5, 6, 3, 33, 29, 30, 27) (11, 40, 14, 4) (35, 16, 38, 28) (0, 15, 47, 12) (24, 39, 23, 36) (1, 18, 41, 13, 7, 2, 10, 19, 21, 32, 46, 25, 42, 17, 37, 31, 26, 34, 43, 45, 8, 22) "
"OP(4,8,4,22,3,3,3,3)",0,Solved,"0,1670"," (4t+2)","0,1717","(\infty, 0, \infty, 24) (3, 29, 41, 9, 27, 5, 17, 33) (16, 2, 40, 26) (23, 21, 15, 22, 30, 31, 10, 43, 20, 1, 12, 47, 45, 39, 46, 6, 7, 34, 19, 44, 25, 36) (18, 38, 35) (42, 14, 11) (37, 28, 32) (13, 4, 8) "
"OP(8,22,7,7,6)",0,Solved,"0,1090"," (4t+2)","0,1144","(\infty, 34, 47, 40, \infty, 16, 23, 10) (45, 29, 38, 24, 32, 27, 42, 44, 41, 4, 46, 21, 5, 14, 0, 8, 3, 18, 20, 17, 28, 22) (7, 33, 43, 26, 6, 25, 37) (31, 9, 19, 2, 30, 1, 13) (36, 35, 39, 12, 11, 15) "
"OP(8,22,7,7,3,3)",0,Solved,"0,0830"," (4t+2)","0,0870","(\infty, 17, 2, 3, \infty, 27, 26, 41) (1, 8, 11, 20, 7, 18, 36, 22, 10, 5, 45, 25, 32, 35, 44, 31, 42, 12, 46, 34, 29, 21) (9, 19, 40, 23, 39, 13, 38) (33, 43, 16, 47, 15, 37, 14) (4, 6, 0) (28, 30, 24) "
"OP(4,7,7,6,4,22)",0,Solved,"0,0770"," (4t+2)","0,0809","(\infty, 21, \infty, 45) (17, 3, 15, 38, 11, 46, 43) (41, 27, 39, 14, 35, 22, 19) (2, 4, 10, 26, 28, 34) (9, 5, 33, 29) (13, 12, 7, 44, 6, 23, 8, 1, 40, 0, 18, 37, 36, 31, 20, 30, 47, 32, 25, 16, 24, 42) "
"OP(4,7,7,5,5,22)",0,Solved,"0,0410"," (4t+2)","0,0449","(\infty, 13, \infty, 37) (46, 19, 8, 38, 21, 36, 23) (22, 43, 32, 14, 45, 12, 47) (6, 18, 44, 35, 16) (30, 42, 20, 11, 40) (1, 2, 10, 17, 31, 15, 9, 4, 0, 3, 5, 25, 26, 34, 41, 7, 39, 33, 28, 24, 27, 29) "
"OP(6,7,7,22,4,4)",0,Solved,"0,0940"," (4t+2)","0,0986","(\infty, 15, 7, \infty, 31, 39) (35, 8, 4, 17, 33, 47, 6) (11, 32, 28, 41, 9, 23, 30) (12, 3, 20, 22, 21, 24, 13, 38, 26, 16, 42, 36, 27, 44, 46, 45, 0, 37, 14, 2, 40, 18) (43, 25, 5, 10) (19, 1, 29, 34) "
"OP(4,7,7,4,22,3,3)",0,Solved,"0,0450"," (4t+2)","0,0482","(\infty, 36, \infty, 12) (5, 42, 26, 24, 17, 23, 13) (29, 18, 2, 0, 41, 47, 37) (8, 31, 32, 7) (22, 35, 20, 6, 3, 25, 34, 14, 33, 15, 19, 46, 11, 44, 30, 27, 1, 10, 38, 9, 39, 43) (4, 16, 21) (28, 40, 45) "
"OP(23,7,6,6,5,3)",,Infeasible,,Table config is not valid,,
"OP(8,22,6,6,4,4)",0,Solved,"0,2090"," (4t+2)","0,2135","(\infty, 41, 4, 9, \infty, 33, 28, 17) (0, 42, 10, 38, 12, 46, 7, 32, 1, 16, 45, 24, 18, 34, 14, 36, 22, 31, 8, 25, 40, 21) (13, 43, 5, 6, 2, 15) (37, 19, 29, 30, 26, 39) (3, 44, 47, 11) (27, 20, 23, 35) "
"OP(8,22,6,5,5,4)",0,Solved,"0,1580"," (4t+2)","0,1625","(\infty, 20, 11, 46, \infty, 22, 35, 44) (12, 8, 1, 2, 4, 7, 13, 21, 42, 16, 6, 36, 32, 25, 26, 28, 31, 37, 45, 18, 40, 30) (15, 3, 14, 39, 27, 38) (10, 41, 9, 23, 43) (34, 17, 33, 47, 19) (5, 0, 29, 24) "
"OP(23,7,6,5,3,3,3)",,Infeasible,,Table config is not valid,,
"OP(8,22,6,4,4,3,3)",0,Solved,"0,0760"," (4t+2)","0,0813","(\infty, 13, 35, 45, \infty, 21, 11, 37) (38, 17, 9, 2, 18, 12, 7, 4, 0, 1, 3, 14, 41, 33, 26, 42, 36, 31, 28, 24, 25, 27) (23, 40, 22, 47, 16, 46) (32, 19, 5, 20) (8, 43, 29, 44) (15, 6, 34) (39, 30, 10) "
"OP(8,22,5,5,5,5)",0,Solved,"0,0600"," (4t+2)","0,0637","(\infty, 10, 41, 22, \infty, 46, 17, 34) (1, 7, 0, 5, 8, 20, 33, 13, 45, 18, 43, 25, 31, 24, 29, 32, 44, 9, 37, 21, 42, 19) (23, 38, 16, 2, 12) (47, 14, 40, 26, 36) (3, 11, 15, 6, 4) (27, 35, 39, 30, 28) "
"OP(8,22,5,5,4,3,3)",0,Solved,"0,1280"," (4t+2)","0,1317","(\infty, 13, 43, 9, \infty, 33, 19, 37) (44, 7, 16, 11, 15, 3, 1, 28, 47, 0, 45, 20, 31, 40, 35, 39, 27, 25, 4, 23, 24, 21) (12, 18, 5, 22, 2) (36, 42, 29, 46, 26) (14, 6, 38, 30) (34, 41, 8) (10, 17, 32) "
"OP(23,7,5,4,4,4,3)",,Infeasible,,Table config is not valid,,
"OP(23,7,5,3,3,3,3,3)",,Infeasible,,Table config is not valid,,
"OP(8,22,4,4,4,4,4)",0,Solved,"0,2500"," (4t+2)","0,2542","(\infty, 14, 43, 2, \infty, 26, 19, 38) (35, 4, 42, 5, 40, 7, 12, 39, 9, 41, 47, 11, 28, 18, 29, 16, 31, 36, 15, 33, 17, 23) (21, 1, 0, 44) (45, 25, 24, 20) (46, 6, 3, 37) (22, 30, 27, 13) (8, 34, 32, 10) "
"OP(8,22,4,4,3,3,3,3)",0,Solved,"0,1860"," (4t+2)","0,1908","(\infty, 38, 8, 42, \infty, 18, 32, 14) (0, 23, 11, 3, 12, 6, 10, 5, 16, 37, 22, 24, 47, 35, 27, 36, 30, 34, 29, 40, 13, 46) (7, 4, 17, 39) (31, 28, 41, 15) (2, 9, 19) (26, 33, 43) (21, 1, 20) (45, 25, 44) "
"OP(4,6,6,6,6,22)",0,Solved,"0,0320"," (4t+2)","0,0363","(\infty, 1, \infty, 25) (4, 3, 6, 2, 0, 9) (28, 27, 30, 26, 24, 33) (14, 34, 19, 7, 20, 46) (38, 10, 43, 31, 44, 22) (32, 18, 11, 5, 13, 23, 40, 17, 36, 15, 45, 8, 42, 35, 29, 37, 47, 16, 41, 12, 39, 21) "
"OP(6,6,6,6,22,4)",0,Solved,"0,0800"," (4t+2)","0,0864","(\infty, 9, 21, \infty, 45, 33) (13, 17, 4, 5, 39, 6) (37, 41, 28, 29, 15, 30) (32, 12, 38, 8, 36, 14) (11, 19, 2, 27, 16, 0, 46, 1, 7, 34, 44, 35, 43, 26, 3, 40, 24, 22, 25, 31, 10, 20) (47, 42, 23, 18) "
"OP(4,6,6,6,22,3,3)",0,Solved,"0,0870"," (4t+2)","0,0905","(\infty, 17, \infty, 41) (2, 3, 1, 10, 20, 7) (26, 27, 25, 34, 44, 31) (11, 38, 19, 35, 14, 43) (37, 15, 4, 45, 5, 8, 12, 40, 9, 23, 46, 13, 39, 28, 21, 29, 32, 36, 16, 33, 47, 22) (6, 18, 0) (30, 42, 24) "
"OP(6,6,6,22,5,5)",0,Solved,"0,1700"," (4t+2)","0,1741","(\infty, 38, 40, \infty, 16, 14) (5, 0, 28, 17, 36, 6) (29, 24, 4, 41, 12, 30) (20, 46, 39, 1, 7, 11, 42, 9, 45, 37, 10, 44, 22, 15, 25, 31, 35, 18, 33, 21, 13, 34) (27, 43, 8, 47, 2) (3, 19, 32, 23, 26) "
"OP(6,6,6,22,4,3,3)",0,Solved,"0,0600"," (4t+2)","0,0640","(\infty, 5, 3, \infty, 27, 29) (10, 23, 14, 45, 11, 0) (34, 47, 38, 21, 35, 24) (13, 46, 17, 42, 20, 36, 9, 4, 1, 7, 19, 37, 22, 41, 18, 44, 12, 33, 28, 25, 31, 43) (6, 2, 30, 26) (8, 15, 16) (32, 39, 40) "
"OP(4,6,6,4,4,4,22)",0,Solved,"0,0920"," (4t+2)","0,0963","(\infty, 15, \infty, 39) (8, 27, 1, 4, 31, 16) (32, 3, 25, 28, 7, 40) (43, 11, 45, 34) (19, 35, 21, 10) (29, 46, 5, 22) (2, 6, 0, 36, 38, 13, 41, 42, 47, 9, 44, 26, 30, 24, 12, 14, 37, 17, 18, 23, 33, 20) "
"OP(4,6,6,22,3,3,3,3)",0,Solved,"0,0910"," (4t+2)","0,0954","(\infty, 0, \infty, 24) (17, 16, 44, 31, 1, 39) (41, 40, 20, 7, 25, 15) (47, 26, 10, 43, 38, 13, 27, 29, 46, 6, 35, 23, 2, 34, 19, 14, 37, 3, 5, 22, 30, 11) (4, 45, 8) (28, 21, 32) (12, 9, 18) (36, 33, 42) "
"OP(6,6,22,5,5,3,3)",0,Solved,"0,0500"," (4t+2)","0,0544","(\infty, 2, 36, \infty, 12, 26) (25, 38, 43, 1, 14, 19) (37, 40, 24, 35, 47, 39, 29, 6, 32, 34, 41, 13, 16, 0, 11, 23, 15, 5, 30, 8, 10, 17) (46, 31, 4, 33, 42) (22, 7, 28, 9, 18) (27, 44, 45) (3, 20, 21) "
"OP(4,6,5,5,4,4,22)",0,Solved,"0,0920"," (4t+2)","0,0963","(\infty, 37, \infty, 13) (43, 34, 7, 19, 10, 31) (45, 8, 38, 6, 35) (21, 32, 14, 30, 11) (27, 42, 1, 5) (3, 18, 25, 29) (2, 16, 39, 44, 24, 41, 47, 46, 33, 36, 28, 26, 40, 15, 20, 0, 17, 23, 22, 9, 12, 4) "
"OP(6,6,22,4,4,4,4)",0,Solved,"0,0500"," (4t+2)","0,0534","(\infty, 46, 16, \infty, 40, 22) (39, 14, 4, 15, 38, 28) (17, 37, 8, 23, 35, 19, 12, 6, 1, 2, 10, 41, 13, 32, 47, 11, 43, 36, 30, 25, 26, 34) (7, 21, 42, 20) (31, 45, 18, 44) (9, 0, 3, 5) (33, 24, 27, 29) "
"OP(6,6,22,4,3,3,3,3)",0,Solved,"0,0710"," (4t+2)","0,0745","(\infty, 25, 19, \infty, 43, 1) (30, 42, 5, 6, 18, 29) (27, 0, 31, 2, 36, 28, 46, 39, 34, 44, 35, 3, 24, 7, 26, 12, 4, 22, 15, 10, 20, 11) (33, 13, 9, 37) (41, 16, 38) (17, 40, 14) (47, 45, 32) (23, 21, 8) "
"OP(4,6,4,4,4,22,3,3)",0,Solved,"0,1150"," (4t+2)","0,1185","(\infty, 35, \infty, 11) (47, 27, 44, 23, 3, 20) (9, 41, 15, 38) (33, 17, 39, 14) (40, 5, 16, 29) (31, 36, 37, 30, 45, 42, 2, 0, 34, 25, 43, 7, 12, 13, 6, 21, 18, 26, 24, 10, 1, 19) (28, 22, 32) (4, 46, 8) "
"OP(4,6,22,3,3,3,3,3,3)",0,Solved,"0,0900"," (4t+2)","0,0945","(\infty, \infty, 23, 47) (2, 8, 16, 26, 32, 40) (21, 36, 15, 6, 3, 10, 22, 42, 20, 43, 14, 45, 12, 39, 30, 27, 34, 46, 18, 44, 19, 38) (0, 13, 11) (24, 37, 35) (1, 17, 31) (25, 41, 7) (4, 9, 5) (28, 33, 29) "
"OP(4,5,5,5,5,4,22)",0,Solved,"0,0510"," (4t+2)","0,0548","(\infty, 2, \infty, 26) (3, 4, 7, 11, 1) (27, 28, 31, 35, 25) (5, 12, 20, 34, 14) (29, 36, 44, 10, 38) (8, 19, 32, 43) (9, 21, 37, 22, 41, 15, 40, 23, 18, 0, 6, 33, 45, 13, 46, 17, 39, 16, 47, 42, 24, 30) "
"OP(6,22,5,5,4,4,4)",0,Solved,"0,1080"," (4t+2)","0,1119","(\infty, 0, 4, \infty, 28, 24) (1, 15, 6, 14, 8, 21, 9, 41, 3, 10, 47, 25, 39, 30, 38, 32, 45, 33, 17, 27, 34, 23) (42, 44, 16, 43, 13) (18, 20, 40, 19, 37) (2, 7, 22, 5) (26, 31, 46, 29) (11, 12, 35, 36) "
"OP(6,22,5,5,3,3,3,3)",0,Solved,"0,0490"," (4t+2)","0,0529","(\infty, 11, 43, \infty, 19, 35) (38, 23, 9, 7, 2, 8, 0, 18, 46, 20, 45, 14, 47, 33, 31, 26, 32, 24, 42, 22, 44, 21) (3, 13, 34, 15, 6) (27, 37, 10, 39, 30) (1, 5, 12) (25, 29, 36) (4, 16, 17) (28, 40, 41) "
"OP(4,5,5,4,4,22,3,3)",0,Solved,"0,0510"," (4t+2)","0,0543","(\infty, \infty, 23, 47) (20, 45, 19, 1, 18) (44, 21, 43, 25, 42) (14, 4, 8, 0) (38, 28, 32, 24) (16, 35, 7, 13, 2, 17, 5, 10, 3, 12, 39, 40, 11, 31, 37, 26, 41, 29, 34, 27, 36, 15) (22, 6, 9) (46, 30, 33) "
"OP(6,22,4,4,4,4,3,3)",0,Solved,"0,1390"," (4t+2)","0,1443","(\infty, 45, 9, \infty, 33, 21) (2, 4, 10, 19, 39, 14, 44, 18, 47, 16, 37, 26, 28, 34, 43, 15, 38, 20, 42, 23, 40, 13) (6, 41, 7, 22) (30, 17, 31, 46) (5, 1, 11, 12) (29, 25, 35, 36) (3, 0, 8) (27, 24, 32) "
"OP(6,22,4,3,3,3,3,3,3)",0,Solved,"0,4000"," (4t+2)","0,4035","(\infty, 18, 46, \infty, 22, 42) (36, 3, 0, 4, 2, 33, 40, 14, 6, 1, 11, 12, 27, 24, 28, 26, 9, 16, 38, 30, 25, 35) (37, 19, 13, 43) (44, 5, 17) (20, 29, 41) (8, 31, 45) (32, 7, 21) (15, 34, 47) (39, 10, 23) "
"OP(4,4,4,4,4,4,4,22)",0,Solved,"0,0420"," (4t+2)","0,0492","(\infty, 2, \infty, 26) (3, 4, 6, 9) (27, 28, 30, 33) (1, 5, 13, 22) (25, 29, 37, 46) (8, 19, 34, 20) (32, 43, 10, 44) (15, 35, 45, 14, 40, 17, 36, 23, 18, 0, 7, 39, 11, 21, 38, 16, 41, 12, 47, 42, 24, 31) "
"OP(4,4,4,4,22,3,3,3,3)",0,Solved,"0,0590"," (4t+2)","0,0627","(\infty, 17, \infty, 41) (29, 47, 13, 4) (5, 23, 37, 28) (10, 18, 34, 42) (21, 8, 6, 12, 31, 24, 2, 3, 15, 11, 14, 45, 32, 30, 36, 7, 0, 26, 27, 39, 35, 38) (1, 44, 16) (25, 20, 40) (19, 46, 9) (43, 22, 33) "
"OP(4,22,3,3,3,3,3,3,3,3)",0,Solved,"0,0430"," (4t+2)","0,0469","(\infty, 20, \infty, 44) (43, 31, 14, 6, 17, 32, 46, 23, 42, 12, 39, 19, 7, 38, 30, 41, 8, 22, 47, 18, 36, 15) (4, 1, 2) (28, 25, 26) (11, 37, 21) (35, 13, 45) (3, 16, 10) (27, 40, 34) (0, 5, 9) (24, 29, 33) "
"OP(22,22,6)",0,Solved,"0,0440"," (4t+2)","0,0482","(\infty, 12, 15, 4, 21, 3, 2, 16, 23, 14, 20, \infty, 44, 38, 47, 40, 26, 27, 45, 28, 39, 36) (6, 19, 42, 10, 22, 0, 5, 7, 11, 1, 9, 30, 43, 18, 34, 46, 24, 29, 31, 35, 25, 33) (13, 41, 8, 37, 17, 32) "
"OP(22,22,3,3)",0,Solved,"0,0440"," (4t+2)","0,0479","(\infty, 39, 8, 21, 36, 16, 34, 13, 47, 22, 41, \infty, 17, 46, 23, 37, 10, 40, 12, 45, 32, 15) (19, 11, 7, 1, 2, 9, 20, 42, 30, 14, 4, 43, 35, 31, 25, 26, 33, 44, 18, 6, 38, 28) (0, 5, 3) (24, 29, 27) "
OP(8),0,Solved,"0,0490"," (4t+2)","0,0531","(\infty, 38, 20, 4, \infty, 28, 44, 14) "
"OP(4,4)",0,Solved,"0,0460"," (4t+2)","0,0497","(\infty, 15, \infty, 39) (12, 23, 36, 47) "
"OP(22,20,8)",0,Solved,"0,1660"," (4t+2)","0,1704","(\infty, 2, 3, 45, 5, 10, 7, 38, 23, 39, 18, \infty, 42, 15, 47, 14, 31, 34, 29, 21, 27, 26) (16, 44, 6, 4, 0, 9, 35, 22, 36, 17, 40, 20, 30, 28, 24, 33, 11, 46, 12, 41) (25, 37, 19, 8, 1, 13, 43, 32) "
"OP(4,20,4,22)",0,Solved,"0,0630"," (4t+2)","0,0669","(\infty, 1, \infty, 25) (2, 3, 5, 8, 13, 6, 16, 7, 15, 44, 26, 27, 29, 32, 37, 30, 40, 31, 39, 20) (0, 4, 24, 28) (35, 46, 19, 36, 14, 47, 33, 45, 10, 42, 17, 11, 22, 43, 12, 38, 23, 9, 21, 34, 18, 41) "
"OP(22,20,4,4)",0,Solved,"0,0400"," (4t+2)","0,0442","(\infty, 8, 31, 15, 4, 19, 40, 21, 38, 20, 42, \infty, 18, 44, 14, 45, 16, 43, 28, 39, 7, 32) (22, 12, 6, 1, 2, 10, 17, 37, 23, 11, 46, 36, 30, 25, 26, 34, 41, 13, 47, 35) (9, 0, 3, 5) (33, 24, 27, 29) "
"OP(10,18,22)",0,Solved,"0,0610"," (4t+2)","0,0652","(\infty, 4, 5, 7, 2, \infty, 26, 31, 29, 28) (42, 20, 47, 13, 3, 15, 45, 22, 38, 18, 44, 23, 37, 27, 39, 21, 46, 14) (0, 6, 19, 34, 17, 8, 1, 9, 12, 16, 35, 24, 30, 43, 10, 41, 32, 25, 33, 36, 40, 11) "
"OP(4,18,6,22)",0,Solved,"0,0500"," (4t+2)","0,0542","(\infty, 4, \infty, 28) (2, 39, 10, 8, 47, 17, 12, 5, 1, 26, 15, 34, 32, 23, 41, 36, 29, 25) (0, 13, 40, 24, 37, 16) (11, 3, 6, 7, 19, 9, 42, 22, 44, 38, 21, 35, 27, 30, 31, 43, 33, 18, 46, 20, 14, 45) "
"OP(6,18,22,4)",0,Solved,"0,0680"," (4t+2)","0,0732","(\infty, 33, 1, \infty, 25, 9) (42, 39, 5, 32, 24, 4, 47, 41, 40, 18, 15, 29, 8, 0, 28, 23, 17, 16) (37, 46, 27, 44, 6, 31, 35, 2, 38, 36, 43, 13, 22, 3, 20, 30, 7, 11, 26, 14, 12, 19) (34, 45, 10, 21) "
"OP(4,18,22,3,3)",0,Solved,"0,0480"," (4t+2)","0,0544","(\infty, \infty, 23, 47) (8, 21, 36, 17, 37, 10, 40, 15, 46, 32, 45, 12, 41, 13, 34, 16, 39, 22) (19, 11, 7, 1, 2, 9, 20, 42, 30, 14, 4, 43, 35, 31, 25, 26, 33, 44, 18, 6, 38, 28) (0, 5, 3) (24, 29, 27) "
"OP(22,18,10)",0,Solved,"0,0500"," (4t+2)","0,0548","(\infty, 43, 22, 38, 15, 37, 20, 6, 18, 36, 23, \infty, 47, 12, 42, 30, 44, 13, 39, 14, 46, 19) (35, 16, 7, 1, 2, 10, 17, 32, 21, 11, 40, 31, 25, 26, 34, 41, 8, 45) (9, 4, 0, 3, 5, 33, 28, 24, 27, 29) "
"OP(4,18,6,22)",0,Solved,"0,0510"," (4t+2)","0,0554","(\infty, 4, \infty, 28) (2, 39, 10, 8, 47, 17, 12, 5, 1, 26, 15, 34, 32, 23, 41, 36, 29, 25) (0, 13, 40, 24, 37, 16) (11, 3, 6, 7, 19, 9, 42, 22, 44, 38, 21, 35, 27, 30, 31, 43, 33, 18, 46, 20, 14, 45) "
"OP(22,18,6,4)",0,Solved,"0,0850"," (4t+2)","0,0884","(\infty, 17, 2, 3, 1, 10, 15, 31, 20, 47, 13, \infty, 37, 23, 44, 7, 39, 34, 25, 27, 26, 41) (33, 16, 4, 45, 5, 8, 12, 22, 35, 9, 40, 28, 21, 29, 32, 36, 46, 11) (14, 42, 19, 38, 18, 43) (6, 0, 30, 24) "
"OP(22,18,5,5)",0,Solved,"0,0490"," (4t+2)","0,0543","(\infty, 13, 44, 34, 16, 4, 17, 36, 8, 45, 23, \infty, 47, 21, 32, 12, 41, 28, 40, 10, 20, 37) (30, 15, 7, 1, 2, 11, 18, 43, 22, 6, 39, 31, 25, 26, 35, 42, 19, 46) (9, 14, 0, 3, 5) (33, 38, 24, 27, 29) "
"OP(22,18,4,3,3)",0,Solved,"0,2040"," (4t+2)","0,2082","(\infty, 19, 33, 15, 41, 3, 44, 47, 1, 22, 35, \infty, 11, 46, 25, 23, 20, 27, 17, 39, 9, 43) (12, 8, 7, 16, 28, 0, 42, 2, 13, 36, 32, 31, 40, 4, 24, 18, 26, 37) (5, 34, 29, 10) (14, 30, 45) (38, 6, 21) "
"OP(12,16,22)",0,Solved,"0,0980"," (4t+2)","0,1020","(\infty, 19, 7, 2, 0, 17, \infty, 41, 24, 26, 31, 43) (46, 16, 1, 39, 23, 12, 21, 8, 22, 40, 25, 15, 47, 36, 45, 32) (9, 3, 6, 10, 35, 14, 42, 20, 13, 5, 4, 33, 27, 30, 34, 11, 38, 18, 44, 37, 29, 28) "
"OP(4,16,8,22)",0,Solved,"0,0450"," (4t+2)","0,0497","(\infty, 1, \infty, 25) (2, 3, 9, 19, 5, 40, 22, 38, 26, 27, 33, 43, 29, 16, 46, 14) (35, 10, 7, 0, 11, 34, 31, 24) (6, 4, 47, 8, 12, 20, 37, 18, 39, 17, 45, 30, 28, 23, 32, 36, 44, 13, 42, 15, 41, 21) "
"OP(8,16,22,4)",0,Solved,"0,0760"," (4t+2)","0,0812","(\infty, 43, 11, 15, \infty, 39, 35, 19) (33, 20, 34, 12, 2, 22, 40, 17, 9, 44, 10, 36, 26, 46, 16, 41) (23, 38, 1, 37, 42, 45, 6, 4, 3, 32, 5, 47, 14, 25, 13, 18, 21, 30, 28, 27, 8, 29) (0, 7, 24, 31) "
"OP(6,16,6,22)",0,Solved,"0,1310"," (4t+2)","0,1362","(\infty, 7, 45, \infty, 21, 31) (16, 1, 46, 6, 47, 13, 44, 24, 40, 25, 22, 30, 23, 37, 20, 0) (32, 38, 19, 8, 14, 43) (33, 10, 36, 41, 11, 2, 4, 3, 39, 18, 5, 9, 34, 12, 17, 35, 26, 28, 27, 15, 42, 29) "
"OP(6,16,22,3,3)",0,Solved,"0,1370"," (4t+2)","0,1424","(\infty, 45, 7, \infty, 31, 21) (32, 14, 28, 2, 42, 46, 9, 29, 8, 38, 4, 26, 18, 22, 33, 5) (41, 39, 20, 35, 3, 34, 43, 0, 25, 13, 16, 17, 15, 44, 11, 27, 10, 19, 24, 1, 37, 40) (6, 47, 12) (30, 23, 36) "
"OP(4,16,4,4,22)",0,Solved,"0,0450"," (4t+2)","0,0496","(\infty, 1, \infty, 25) (4, 3, 6, 2, 0, 5, 11, 18, 28, 27, 30, 26, 24, 29, 35, 42) (47, 13, 40, 12) (23, 37, 16, 36) (15, 7, 19, 34, 45, 22, 44, 14, 33, 17, 8, 39, 31, 43, 10, 21, 46, 20, 38, 9, 41, 32) "
"OP(22,16,12)",0,Solved,"0,0580"," (4t+2)","0,0627","(\infty, 22, 44, 23, 35, 17, 6, 21, 37, 12, 40, \infty, 16, 36, 13, 45, 30, 41, 11, 47, 20, 46) (31, 18, 8, 1, 2, 10, 19, 38, 7, 42, 32, 25, 26, 34, 43, 14) (15, 9, 4, 0, 3, 5, 39, 33, 28, 24, 27, 29) "
"OP(4,16,8,22)",0,Solved,"0,0460"," (4t+2)","0,0502","(\infty, 1, \infty, 25) (2, 3, 9, 19, 5, 40, 22, 38, 26, 27, 33, 43, 29, 16, 46, 14) (35, 10, 7, 0, 11, 34, 31, 24) (6, 4, 47, 8, 12, 20, 37, 18, 39, 17, 45, 30, 28, 23, 32, 36, 44, 13, 42, 15, 41, 21) "
"OP(22,16,8,4)",0,Solved,"0,0510"," (4t+2)","0,0554","(\infty, 2, 4, 5, 10, 7, 13, 33, 16, 27, 18, \infty, 42, 3, 40, 9, 37, 31, 34, 29, 28, 26) (11, 46, 17, 38, 23, 15, 45, 19, 35, 22, 41, 14, 47, 39, 21, 43) (0, 12, 8, 1, 24, 36, 32, 25) (20, 6, 44, 30) "
"OP(6,16,6,22)",0,Solved,"0,1210"," (4t+2)","0,1257","(\infty, 7, 45, \infty, 21, 31) (16, 1, 46, 6, 47, 13, 44, 24, 40, 25, 22, 30, 23, 37, 20, 0) (32, 38, 19, 8, 14, 43) (33, 10, 36, 41, 11, 2, 4, 3, 39, 18, 5, 9, 34, 12, 17, 35, 26, 28, 27, 15, 42, 29) "
"OP(22,16,6,6)",0,Solved,"0,0670"," (4t+2)","0,0704","(\infty, 3, 4, 6, 9, 45, 22, 5, 16, 1, 17, \infty, 41, 25, 40, 29, 46, 21, 33, 30, 28, 27) (26, 13, 8, 14, 23, 44, 18, 36, 2, 37, 32, 38, 47, 20, 42, 12) (19, 11, 7, 0, 10, 39) (43, 35, 31, 24, 34, 15) "
"OP(22,16,6,3,3)",0,Solved,"0,0430"," (4t+2)","0,0468","(\infty, \infty, 23, 41, 22, 36, 21, 8, 39, 14, 34, 13, 37, 10, 38, 15, 32, 45, 12, 46, 17, 47) (19, 11, 7, 1, 2, 9, 20, 4, 43, 35, 31, 25, 26, 33, 44, 28) (18, 6, 16, 42, 30, 40) (0, 5, 3) (24, 29, 27) "
"OP(4,16,4,4,22)",0,Solved,"0,0460"," (4t+2)","0,0504","(\infty, 1, \infty, 25) (4, 3, 6, 2, 0, 5, 11, 18, 28, 27, 30, 26, 24, 29, 35, 42) (47, 13, 40, 12) (23, 37, 16, 36) (15, 7, 19, 34, 45, 22, 44, 14, 33, 17, 8, 39, 31, 43, 10, 21, 46, 20, 38, 9, 41, 32) "
"OP(22,16,4,4,4)",0,Solved,"0,0490"," (4t+2)","0,0530","(\infty, 0, 13, 21, 47, 20, 8, 9, 39, 19, 42, \infty, 18, 43, 15, 33, 32, 44, 23, 45, 37, 24) (10, 4, 11, 6, 3, 14, 46, 17, 34, 28, 35, 30, 27, 38, 22, 41) (5, 1, 16, 7) (29, 25, 40, 31) (12, 2, 36, 26) "
"OP(22,16,3,3,3,3)",0,Solved,"0,1120"," (4t+2)","0,1159","(\infty, 12, 21, 43, 14, 47, 13, 40, 22, 9, 20, \infty, 44, 33, 46, 16, 37, 23, 38, 19, 45, 36) (30, 10, 5, 1, 17, 11, 4, 42, 6, 34, 29, 25, 41, 35, 28, 18) (32, 15, 7) (8, 39, 31) (0, 3, 2) (24, 27, 26) "
"OP(14,14,22)",0,Solved,"0,0470"," (4t+2)","0,0510","(\infty, 32, 19, 45, 14, 37, 22, \infty, 46, 13, 38, 21, 43, 8) (35, 16, 6, 18, 36, 47, 20, 11, 40, 30, 42, 12, 23, 44) (1, 2, 10, 17, 31, 15, 9, 4, 0, 3, 5, 25, 26, 34, 41, 7, 39, 33, 28, 24, 27, 29) "
"OP(4,14,10,22)",0,Solved,"0,0460"," (4t+2)","0,0510","(\infty, 9, \infty, 33) (11, 45, 20, 41, 13, 39, 22, 35, 21, 44, 17, 37, 15, 46) (0, 18, 2, 6, 16, 24, 42, 26, 30, 40) (23, 14, 8, 3, 1, 4, 5, 12, 31, 43, 10, 47, 38, 32, 27, 25, 28, 29, 36, 7, 19, 34) "
"OP(10,14,22,4)",0,Solved,"0,0490"," (4t+2)","0,0530","(\infty, 2, 3, 5, 8, \infty, 32, 29, 27, 26) (7, 1, 9, 16, 6, 15, 44, 31, 25, 33, 40, 30, 39, 20) (10, 21, 38, 17, 43, 13, 46, 12, 35, 23, 18, 34, 45, 14, 41, 19, 37, 22, 36, 11, 47, 42) (0, 4, 24, 28) "
"OP(6,14,8,22)",0,Solved,"0,1010"," (4t+2)","0,1057","(\infty, 39, 5, \infty, 29, 15) (6, 17, 46, 21, 47, 12, 42, 30, 41, 22, 45, 23, 36, 18) (10, 38, 11, 44, 34, 14, 35, 20) (1, 4, 8, 13, 19, 3, 2, 0, 7, 16, 33, 25, 28, 32, 37, 43, 27, 26, 24, 31, 40, 9) "
"OP(8,14,22,6)",0,Solved,"0,0490"," (4t+2)","0,0533","(\infty, 1, 4, 11, \infty, 35, 28, 25) (3, 2, 0, 5, 9, 15, 6, 27, 26, 24, 29, 33, 39, 30) (18, 7, 17, 34, 46, 13, 45, 23, 36, 16, 8, 42, 31, 41, 10, 22, 37, 21, 47, 12, 40, 32) (43, 14, 44, 19, 38, 20) "
"OP(8,14,22,3,3)",0,Solved,"0,1200"," (4t+2)","0,1241","(\infty, 14, 41, 32, \infty, 8, 17, 38) (33, 46, 16, 4, 7, 35, 1, 9, 22, 40, 28, 31, 11, 25) (13, 3, 10, 29, 12, 23, 39, 6, 2, 0, 42, 37, 27, 34, 5, 36, 47, 15, 30, 26, 24, 18) (19, 44, 45) (43, 20, 21) "
"OP(4,14,6,4,22)",0,Solved,"0,0630"," (4t+2)","0,0678","(\infty, 1, \infty, 25) (2, 3, 5, 8, 13, 31, 16, 26, 27, 29, 32, 37, 7, 40) (6, 14, 39, 30, 38, 15) (0, 4, 24, 28) (35, 46, 19, 36, 20, 42, 23, 9, 45, 10, 17, 11, 22, 43, 12, 44, 18, 47, 33, 21, 34, 41) "
"OP(4,14,5,5,22)",0,Solved,"0,0380"," (4t+2)","0,0421","(\infty, 13, \infty, 37) (46, 21, 8, 38, 23, 12, 43, 22, 45, 32, 14, 47, 36, 19) (6, 18, 44, 35, 16) (30, 42, 20, 11, 40) (1, 2, 10, 17, 31, 15, 9, 4, 0, 3, 5, 25, 26, 34, 41, 7, 39, 33, 28, 24, 27, 29) "
"OP(6,14,22,4,4)",0,Solved,"0,1030"," (4t+2)","0,1077","(\infty, 16, 10, \infty, 34, 40) (43, 18, 15, 0, 17, 1, 47, 19, 42, 39, 24, 41, 25, 23) (4, 11, 30, 9, 22, 21, 7, 12, 8, 20, 2, 28, 35, 6, 33, 46, 45, 31, 36, 32, 44, 26) (3, 14, 5, 13) (27, 38, 29, 37) "
"OP(4,14,4,22,3,3)",0,Solved,"0,0420"," (4t+2)","0,0456","(\infty, 36, \infty, 12) (1, 33, 40, 30, 45, 26, 39, 25, 9, 16, 6, 21, 2, 15) (42, 41, 18, 17) (47, 44, 38, 34, 7, 43, 35, 4, 32, 27, 5, 23, 20, 14, 10, 31, 19, 11, 28, 8, 3, 29) (46, 0, 37) (22, 24, 13) "
"OP(22,14,14)",0,Solved,"0,0490"," (4t+2)","0,0533","(\infty, 43, 10, 44, 16, 47, 22, 41, 14, 1, 11, \infty, 35, 25, 38, 17, 46, 23, 40, 20, 34, 19) (12, 42, 31, 15, 9, 2, 3, 5, 8, 13, 21, 30, 4, 0) (36, 18, 7, 39, 33, 26, 27, 29, 32, 37, 45, 6, 28, 24) "
"OP(4,14,10,22)",0,Solved,"0,0460"," (4t+2)","0,0502","(\infty, 9, \infty, 33) (11, 45, 20, 41, 13, 39, 22, 35, 21, 44, 17, 37, 15, 46) (0, 18, 2, 6, 16, 24, 42, 26, 30, 40) (23, 14, 8, 3, 1, 4, 5, 12, 31, 43, 10, 47, 38, 32, 27, 25, 28, 29, 36, 7, 19, 34) "
"OP(22,14,10,4)",0,Solved,"0,0880"," (4t+2)","0,0915","(\infty, 40, 19, 17, 47, 22, 0, 13, 1, 8, 12, \infty, 36, 32, 25, 37, 24, 46, 23, 41, 43, 16) (5, 14, 3, 20, 39, 7, 35, 29, 38, 27, 44, 15, 31, 11) (2, 10, 9, 6, 21, 26, 34, 33, 30, 45) (18, 4, 42, 28) "
"OP(6,14,8,22)",0,Solved,"0,0950"," (4t+2)","0,0987","(\infty, 39, 5, \infty, 29, 15) (6, 17, 46, 21, 47, 12, 42, 30, 41, 22, 45, 23, 36, 18) (10, 38, 11, 44, 34, 14, 35, 20) (1, 4, 8, 13, 19, 3, 2, 0, 7, 16, 33, 25, 28, 32, 37, 43, 27, 26, 24, 31, 40, 9) "
"OP(22,14,8,6)",0,Solved,"0,0610"," (4t+2)","0,0651","(\infty, 3, 4, 6, 9, 39, 22, 42, 5, 1, 17, \infty, 41, 25, 29, 18, 46, 15, 33, 30, 28, 27) (26, 13, 8, 14, 23, 35, 16, 2, 37, 32, 38, 47, 11, 40) (36, 21, 43, 20, 12, 45, 19, 44) (0, 7, 34, 24, 31, 10) "
"OP(22,14,8,3,3)",0,Solved,"0,1180"," (4t+2)","0,1231","(\infty, 38, 30, 40, 28, 32, 17, 43, 15, 33, 26, \infty, 2, 9, 39, 19, 41, 8, 4, 16, 6, 14) (46, 45, 24, 18, 13, 10, 47, 22, 21, 0, 42, 37, 34, 23) (12, 31, 44, 5, 36, 7, 20, 29) (11, 27, 25) (35, 3, 1) "
"OP(22,14,7,7)",0,Solved,"0,0560"," (4t+2)","0,0610","(\infty, 38, 19, 35, 7, 21, 36, 23, 40, 15, 42, \infty, 18, 39, 16, 47, 12, 45, 31, 11, 43, 14) (22, 13, 8, 1, 2, 20, 10, 46, 37, 32, 25, 26, 44, 34) (9, 17, 28, 6, 0, 3, 5) (33, 41, 4, 30, 24, 27, 29) "
"OP(4,14,6,4,22)",0,Solved,"0,0660"," (4t+2)","0,0704","(\infty, 1, \infty, 25) (2, 3, 5, 8, 13, 31, 16, 26, 27, 29, 32, 37, 7, 40) (6, 14, 39, 30, 38, 15) (0, 4, 24, 28) (35, 46, 19, 36, 20, 42, 23, 9, 45, 10, 17, 11, 22, 43, 12, 44, 18, 47, 33, 21, 34, 41) "
"OP(4,14,5,5,22)",0,Solved,"0,0370"," (4t+2)","0,0472","(\infty, 13, \infty, 37) (46, 21, 8, 38, 23, 12, 43, 22, 45, 32, 14, 47, 36, 19) (6, 18, 44, 35, 16) (30, 42, 20, 11, 40) (1, 2, 10, 17, 31, 15, 9, 4, 0, 3, 5, 25, 26, 34, 41, 7, 39, 33, 28, 24, 27, 29) "
"OP(22,14,6,4,4)",0,Solved,"0,0460"," (4t+2)","0,0494","(\infty, 19, 46, 17, 39, 16, 7, 0, 5, 9, 21, \infty, 45, 33, 29, 24, 31, 40, 15, 41, 22, 43) (42, 14, 25, 26, 8, 11, 3, 18, 38, 1, 2, 32, 35, 27) (4, 6, 12, 28, 30, 36) (10, 20, 37, 23) (34, 44, 13, 47) "
"OP(22,14,5,5,4)",0,Solved,"0,0530"," (4t+2)","0,0575","(\infty, 2, 3, 5, 8, 12, 1, 7, 14, 4, 16, \infty, 40, 28, 38, 31, 25, 36, 32, 29, 27, 26) (6, 19, 11, 37, 21, 44, 10, 30, 43, 35, 13, 45, 20, 34) (39, 22, 41, 23, 18) (15, 46, 17, 47, 42) (0, 9, 24, 33) "
"OP(4,14,4,22,3,3)",0,Solved,"0,0430"," (4t+2)","0,0470","(\infty, 36, \infty, 12) (1, 33, 40, 30, 45, 26, 39, 25, 9, 16, 6, 21, 2, 15) (42, 41, 18, 17) (47, 44, 38, 34, 7, 43, 35, 4, 32, 27, 5, 23, 20, 14, 10, 31, 19, 11, 28, 8, 3, 29) (46, 0, 37) (22, 24, 13) "
"OP(22,14,4,4,3,3)",0,Solved,"0,0430"," (4t+2)","0,0470","(\infty, 19, 34, 23, 32, 18, 16, 22, 12, 15, 11, \infty, 35, 39, 36, 46, 40, 42, 8, 47, 10, 43) (3, 28, 9, 26, 0, 7, 6, 27, 4, 33, 2, 24, 31, 30) (45, 13, 5, 17) (21, 37, 29, 41) (14, 1, 44) (38, 25, 20) "
"OP(4,12,12,22)",0,Solved,"0,0660"," (4t+2)","0,0695","(\infty, 5, \infty, 29) (16, 8, 19, 37, 22, 12, 7, 4, 0, 2, 3, 9) (40, 32, 43, 13, 46, 36, 31, 28, 24, 26, 27, 33) (39, 17, 30, 18, 38, 21, 35, 10, 1, 20, 47, 15, 41, 6, 42, 14, 45, 11, 34, 25, 44, 23) "
"OP(12,12,22,4)",0,Solved,"0,0540"," (4t+2)","0,0584","(\infty, 44, 35, 4, 33, 46, \infty, 22, 9, 28, 11, 20) (31, 5, 30, 40, 36, 47, 7, 29, 6, 16, 12, 23) (25, 45, 27, 34, 0, 32, 37, 38, 26, 41, 43, 1, 21, 3, 10, 24, 8, 13, 14, 2, 17, 19) (42, 39, 18, 15) "
"OP(6,12,10,22)",0,Solved,"0,0540"," (4t+2)","0,0587","(\infty, 19, 47, \infty, 23, 43) (14, 5, 3, 6, 11, 21, 38, 29, 27, 30, 35, 45) (4, 0, 13, 42, 12, 28, 24, 37, 18, 36) (1, 7, 8, 22, 10, 2, 9, 20, 41, 15, 40, 25, 31, 32, 46, 34, 26, 33, 44, 17, 39, 16) "
"OP(10,12,22,6)",0,Solved,"0,0460"," (4t+2)","0,0500","(\infty, 22, 33, 45, 12, \infty, 36, 21, 9, 46) (34, 16, 7, 5, 1, 2, 10, 40, 31, 29, 25, 26) (13, 47, 18, 44, 19, 35, 15, 8, 3, 0, 6, 37, 23, 42, 20, 43, 11, 39, 32, 27, 24, 30) (4, 14, 41, 28, 38, 17) "
"OP(10,12,22,3,3)",0,Solved,"0,1200"," (4t+2)","0,1255","(\infty, 2, 3, 5, 0, \infty, 24, 29, 27, 26) (6, 12, 23, 11, 21, 43, 30, 36, 47, 35, 45, 19) (14, 22, 37, 9, 41, 18, 39, 20, 34, 16, 7, 38, 46, 13, 33, 17, 42, 15, 44, 10, 40, 31) (4, 1, 8) (28, 25, 32) "
"OP(8,12,8,22)",0,Solved,"0,0470"," (4t+2)","0,0514","(\infty, 1, 4, 11, \infty, 35, 28, 25) (3, 2, 0, 5, 9, 15, 27, 26, 24, 29, 33, 39) (6, 14, 23, 46, 30, 38, 47, 22) (18, 7, 17, 32, 13, 44, 10, 45, 19, 40, 12, 42, 31, 41, 8, 37, 20, 34, 21, 43, 16, 36) "
"OP(4,12,8,4,22)",0,Solved,"0,0470"," (4t+2)","0,0518","(\infty, 5, \infty, 29) (6, 12, 13, 18, 9, 43, 30, 36, 37, 42, 33, 19) (15, 8, 0, 2, 39, 32, 24, 26) (3, 7, 27, 31) (40, 10, 22, 38, 23, 45, 35, 4, 1, 20, 41, 16, 34, 46, 14, 47, 21, 11, 28, 25, 44, 17) "
"OP(22,13,7,5,3)",,Infeasible,,Table config is not valid,,
"OP(8,12,22,4,4)",0,Solved,"0,0650"," (4t+2)","0,0693","(\infty, 21, 20, 3, \infty, 27, 44, 45) (1, 9, 37, 12, 2, 11, 25, 33, 13, 36, 26, 35) (7, 18, 14, 40, 19, 6, 4, 10, 46, 17, 47, 31, 42, 38, 16, 43, 30, 28, 34, 22, 41, 23) (8, 15, 0, 5) (32, 39, 24, 29) "
"OP(4,12,6,6,22)",0,Solved,"0,0740"," (4t+2)","0,0775","(\infty, 30, \infty, 6) (3, 0, 11, 39, 23, 41, 27, 24, 35, 15, 47, 17) (9, 22, 12, 19, 14, 5) (33, 46, 36, 43, 38, 29) (1, 7, 8, 37, 20, 45, 18, 40, 4, 2, 10, 25, 31, 32, 13, 44, 21, 42, 16, 28, 26, 34) "
"OP(6,12,6,22,4)",0,Solved,"0,0690"," (4t+2)","0,0743","(\infty, 44, 14, \infty, 38, 20) (17, 12, 9, 7, 8, 4, 41, 36, 33, 31, 32, 28) (37, 10, 0, 13, 34, 24) (23, 1, 43, 18, 3, 39, 22, 2, 11, 40, 6, 47, 25, 19, 42, 27, 15, 46, 26, 35, 16, 30) (29, 45, 5, 21) "
"OP(4,12,6,22,3,3)",0,Solved,"0,0600"," (4t+2)","0,0643","(\infty, 4, \infty, 28) (5, 6, 2, 15, 13, 47, 29, 30, 26, 39, 37, 23) (8, 3, 10, 32, 27, 34) (16, 44, 11, 0, 12, 21, 42, 17, 7, 1, 9, 40, 20, 35, 24, 36, 45, 18, 41, 31, 25, 33) (14, 43, 46) (38, 19, 22) "
"OP(6,12,22,5,5)",0,Solved,"0,1120"," (4t+2)","0,1170","(\infty, 14, 46, \infty, 22, 38) (16, 5, 20, 13, 3, 9, 40, 29, 44, 37, 27, 33) (47, 34, 11, 6, 2, 0, 1, 4, 12, 31, 43, 23, 10, 35, 30, 26, 24, 25, 28, 36, 7, 19) (8, 42, 21, 39, 17) (32, 18, 45, 15, 41) "
"OP(6,12,22,4,3,3)",0,Solved,"0,0530"," (4t+2)","0,0575","(\infty, 14, 34, \infty, 10, 38) (15, 27, 23, 46, 12, 9, 39, 3, 47, 22, 36, 33) (4, 25, 19, 0, 41, 6, 16, 7, 8, 13, 2, 28, 1, 43, 24, 17, 30, 40, 31, 32, 37, 26) (21, 5, 45, 29) (11, 44, 42) (35, 20, 18) "
"OP(4,12,4,4,4,22)",0,Solved,"0,0590"," (4t+2)","0,0659","(\infty, 3, \infty, 27) (4, 5, 7, 13, 17, 40, 28, 29, 31, 37, 41, 16) (6, 1, 42, 26) (30, 25, 18, 2) (11, 8, 35, 32) (15, 23, 38, 19, 36, 22, 44, 9, 0, 10, 21, 39, 47, 14, 43, 12, 46, 20, 33, 24, 34, 45) "
"OP(4,12,22,3,3,3,3)",0,Solved,"0,0990"," (4t+2)","0,1031","(\infty, 20, \infty, 44) (45, 13, 4, 1, 8, 9, 21, 37, 28, 25, 32, 33) (12, 43, 17, 38, 18, 7, 2, 6, 16, 46, 23, 36, 19, 41, 14, 42, 31, 26, 30, 40, 22, 47) (5, 11, 3) (29, 35, 27) (34, 15, 0) (10, 39, 24) "
"OP(22,12,12,4)",0,Solved,"0,0560"," (4t+2)","0,0598","(\infty, 8, 11, 5, 18, 47, 25, 2, 46, 6, 16, \infty, 40, 30, 22, 26, 1, 23, 42, 29, 35, 32) (3, 15, 43, 0, 9, 41, 7, 44, 14, 13, 34, 36) (27, 39, 19, 24, 33, 17, 31, 20, 38, 37, 10, 12) (21, 4, 45, 28) "
"OP(6,11,11,22)",0,Solved,"0,0620"," (4t+2)","0,0663","(\infty, 16, 46, \infty, 22, 40) (8, 42, 13, 0, 20, 43, 11, 4, 10, 2, 7) (32, 18, 37, 24, 44, 19, 35, 28, 34, 26, 31) (1, 5, 15, 17, 6, 3, 12, 33, 45, 14, 47, 25, 29, 39, 41, 30, 27, 36, 9, 21, 38, 23) "
"OP(22,12,10,6)",0,Solved,"0,0490"," (4t+2)","0,0533","(\infty, 14, 4, 12, 21, 37, 11, 46, 23, 40, 20, \infty, 44, 16, 47, 22, 35, 13, 45, 36, 28, 38) (17, 10, 6, 1, 2, 8, 41, 34, 30, 25, 26, 32) (15, 33, 19, 7, 18, 39, 9, 43, 31, 42) (0, 3, 5, 24, 27, 29) "
"OP(22,12,10,3,3)",0,Solved,"0,0620"," (4t+2)","0,0669","(\infty, 8, 0, 5, 2, 6, 15, 36, 16, 45, 14, \infty, 38, 21, 40, 12, 39, 30, 26, 29, 24, 32) (1, 11, 22, 37, 23, 41, 25, 35, 46, 13, 47, 17) (43, 18, 44, 9, 7, 19, 42, 20, 33, 31) (10, 3, 4) (34, 27, 28) "
"OP(8,12,8,22)",0,Solved,"0,0520"," (4t+2)","0,0575","(\infty, 1, 4, 11, \infty, 35, 28, 25) (3, 2, 0, 5, 9, 15, 27, 26, 24, 29, 33, 39) (6, 14, 23, 46, 30, 38, 47, 22) (18, 7, 17, 32, 13, 44, 10, 45, 19, 40, 12, 42, 31, 41, 8, 37, 20, 34, 21, 43, 16, 36) "
"OP(4,12,8,4,22)",0,Solved,"0,0470"," (4t+2)","0,0510","(\infty, 5, \infty, 29) (6, 12, 13, 18, 9, 43, 30, 36, 37, 42, 33, 19) (15, 8, 0, 2, 39, 32, 24, 26) (3, 7, 27, 31) (40, 10, 22, 38, 23, 45, 35, 4, 1, 20, 41, 16, 34, 46, 14, 47, 21, 11, 28, 25, 44, 17) "
"OP(22,12,8,8)",0,Solved,"0,0440"," (4t+2)","0,0488","(\infty, 21, 9, 23, 12, 3, 6, 14, 8, 1, 5, \infty, 29, 25, 32, 38, 30, 27, 36, 47, 33, 45) (4, 2, 7, 17, 16, 0, 28, 26, 31, 41, 40, 24) (20, 35, 22, 39, 10, 37, 19, 42) (44, 11, 46, 15, 34, 13, 43, 18) "
"OP(4,12,8,4,22)",0,Solved,"0,0500"," (4t+2)","0,0537","(\infty, 5, \infty, 29) (6, 12, 13, 18, 9, 43, 30, 36, 37, 42, 33, 19) (15, 8, 0, 2, 39, 32, 24, 26) (3, 7, 27, 31) (40, 10, 22, 38, 23, 45, 35, 4, 1, 20, 41, 16, 34, 46, 14, 47, 21, 11, 28, 25, 44, 17) "
"OP(22,12,8,4,4)",0,Solved,"0,0610"," (4t+2)","0,0647","(\infty, \infty, 23, 8, 21, 37, 17, 5, 3, 9, 20, 39, 15, 44, 33, 27, 29, 41, 13, 45, 32, 47) (42, 19, 46, 16, 6, 1, 18, 43, 22, 40, 30, 25) (11, 2, 10, 36, 35, 26, 34, 12) (7, 4, 0, 14) (31, 28, 24, 38) "
"OP(4,12,6,6,22)",0,Solved,"0,0880"," (4t+2)","0,0922","(\infty, 30, \infty, 6) (3, 0, 11, 39, 23, 41, 27, 24, 35, 15, 47, 17) (9, 22, 12, 19, 14, 5) (33, 46, 36, 43, 38, 29) (1, 7, 8, 37, 20, 45, 18, 40, 4, 2, 10, 25, 31, 32, 13, 44, 21, 42, 16, 28, 26, 34) "
"OP(6,12,6,22,4)",0,Solved,"0,0660"," (4t+2)","0,0702","(\infty, 44, 14, \infty, 38, 20) (17, 12, 9, 7, 8, 4, 41, 36, 33, 31, 32, 28) (37, 10, 0, 13, 34, 24) (23, 1, 43, 18, 3, 39, 22, 2, 11, 40, 6, 47, 25, 19, 42, 27, 15, 46, 26, 35, 16, 30) (29, 45, 5, 21) "
"OP(4,12,6,22,3,3)",0,Solved,"0,0610"," (4t+2)","0,0648","(\infty, 4, \infty, 28) (5, 6, 2, 15, 13, 47, 29, 30, 26, 39, 37, 23) (8, 3, 10, 32, 27, 34) (16, 44, 11, 0, 12, 21, 42, 17, 7, 1, 9, 40, 20, 35, 24, 36, 45, 18, 41, 31, 25, 33) (14, 43, 46) (38, 19, 22) "
"OP(22,12,6,6,4)",0,Solved,"0,0460"," (4t+2)","0,0541","(\infty, 9, 11, 2, 1, 22, 8, 43, 18, 44, 13, \infty, 37, 20, 42, 19, 32, 46, 25, 26, 35, 33) (15, 5, 23, 16, 0, 3, 39, 29, 47, 40, 24, 27) (41, 21, 6, 14, 10, 4) (17, 45, 30, 38, 34, 28) (12, 7, 36, 31) "
"OP(22,12,6,5,5)",0,Solved,"0,1160"," (4t+2)","0,1197","(\infty, \infty, 23, 41, 16, 45, 12, 1, 3, 4, 7, 19, 43, 31, 28, 27, 25, 36, 21, 40, 17, 47) (29, 46, 11, 32, 39, 13, 5, 22, 35, 8, 15, 37) (2, 6, 20, 26, 30, 44) (10, 0, 9, 14, 42) (34, 24, 33, 38, 18) "
"OP(22,12,6,4,3,3)",0,Solved,"0,1370"," (4t+2)","0,1420","(\infty, 29, 15, 8, 2, 6, 11, 19, 34, 16, 47, \infty, 23, 40, 10, 43, 35, 30, 26, 32, 39, 5) (41, 21, 9, 36, 20, 46, 17, 45, 33, 12, 44, 22) (38, 13, 4, 14, 37, 28) (7, 18, 31, 42) (0, 1, 3) (24, 25, 27) "
"OP(22,12,5,5,3,3)",0,Solved,"0,0910"," (4t+2)","0,0950","(\infty, 47, 19, 5, 11, 42, 21, 16, 41, 15, 3, \infty, 27, 39, 17, 40, 45, 18, 35, 29, 43, 23) (4, 13, 2, 12, 14, 46, 28, 37, 26, 36, 38, 22) (1, 20, 33, 0, 8) (25, 44, 9, 24, 32) (6, 7, 10) (30, 31, 34) "
"OP(4,12,4,4,4,22)",0,Solved,"0,0560"," (4t+2)","0,0599","(\infty, 3, \infty, 27) (4, 5, 7, 13, 17, 40, 28, 29, 31, 37, 41, 16) (6, 1, 42, 26) (30, 25, 18, 2) (11, 8, 35, 32) (15, 23, 38, 19, 36, 22, 44, 9, 0, 10, 21, 39, 47, 14, 43, 12, 46, 20, 33, 24, 34, 45) "
"OP(22,12,4,4,4,4)",0,Solved,"0,0620"," (4t+2)","0,0667","(\infty, 4, 5, 7, 2, 11, 21, 39, 14, 3, 18, \infty, 42, 27, 38, 15, 45, 35, 26, 31, 29, 28) (46, 19, 6, 0, 8, 34, 22, 43, 30, 24, 32, 10) (17, 37, 20, 1) (41, 13, 44, 25) (9, 12, 16, 23) (33, 36, 40, 47) "
"OP(22,12,4,3,3,3,3)",0,Solved,"0,1090"," (4t+2)","0,1127","(\infty, 3, 19, 10, 18, 4, 23, 8, 12, 7, 5, \infty, 29, 31, 36, 32, 47, 28, 42, 34, 43, 27) (39, 13, 2, 9, 21, 46, 15, 37, 26, 33, 45, 22) (0, 6, 24, 30) (44, 16, 17) (20, 40, 41) (1, 14, 11) (25, 38, 35) "
"OP(22,11,11,6)",0,Solved,"0,0400"," (4t+2)","0,0436","(\infty, 4, 13, 23, 36, 22, 11, 38, 21, 44, 18, \infty, 42, 20, 45, 14, 35, 46, 12, 47, 37, 28) (17, 10, 6, 1, 2, 8, 16, 31, 43, 15, 33) (41, 34, 30, 25, 26, 32, 40, 7, 19, 39, 9) (0, 3, 5, 24, 27, 29) "
"OP(22,11,11,3,3)",0,Solved,"0,0610"," (4t+2)","0,0644","(\infty, 33, 41, 30, 5, 20, 47, 37, 32, 26, 25, \infty, 1, 2, 8, 13, 23, 44, 29, 6, 17, 9) (15, 18, 38, 31, 45, 43, 12, 34, 46, 28, 24) (39, 42, 14, 7, 21, 19, 36, 10, 22, 4, 0) (16, 35, 3) (40, 11, 27) "
"OP(8,10,10,22)",0,Solved,"0,0810"," (4t+2)","0,0855","(\infty, 30, 32, 10, \infty, 34, 8, 6) (36, 39, 7, 44, 1, 14, 42, 28, 27, 0) (12, 15, 31, 20, 25, 38, 18, 4, 3, 24) (22, 13, 19, 2, 17, 21, 29, 11, 40, 33, 23, 46, 37, 43, 26, 41, 45, 5, 35, 16, 9, 47) "
"OP(4,10,10,4,22)",0,Solved,"0,0730"," (4t+2)","0,0763","(\infty, 13, \infty, 37) (0, 1, 23, 3, 16, 7, 5, 15, 42, 11) (24, 25, 47, 27, 40, 31, 29, 39, 18, 35) (20, 2, 44, 26) (4, 8, 22, 45, 9, 6, 14, 43, 10, 17, 12, 28, 32, 46, 21, 33, 30, 38, 19, 34, 41, 36) "
"OP(10,10,22,8)",0,Solved,"0,0660"," (4t+2)","0,0702","(\infty, 4, 5, 7, 2, \infty, 26, 31, 29, 28) (43, 20, 34, 14, 3, 19, 44, 10, 38, 27) (42, 15, 45, 6, 0, 8, 41, 22, 35, 13, 1, 18, 39, 21, 30, 24, 32, 17, 46, 11, 37, 25) (9, 12, 16, 23, 33, 36, 40, 47) "
"OP(22,11,9,5,3)",,Infeasible,,Table config is not valid,,
"OP(10,10,22,4,4)",0,Solved,"0,0700"," (4t+2)","0,0761","(\infty, 3, 4, 6, 9, \infty, 33, 30, 28, 27) (46, 16, 39, 5, 1, 22, 40, 15, 29, 25) (43, 26, 13, 8, 14, 23, 35, 20, 36, 17, 45, 19, 2, 37, 32, 38, 47, 11, 44, 12, 41, 21) (7, 0, 10, 18) (31, 24, 34, 42) "
"OP(4,10,8,6,22)",0,Solved,"0,0410"," (4t+2)","0,0449","(\infty, 1, \infty, 25) (2, 3, 9, 19, 37, 26, 27, 33, 43, 13) (5, 18, 45, 17, 29, 42, 21, 41) (10, 7, 0, 34, 31, 24) (6, 4, 47, 8, 12, 20, 35, 16, 38, 15, 46, 30, 28, 23, 32, 36, 44, 11, 40, 14, 39, 22) "
"OP(6,10,8,22,4)",0,Solved,"0,1180"," (4t+2)","0,1240","(\infty, 4, 42, \infty, 18, 28) (5, 6, 8, 13, 44, 29, 30, 32, 37, 20) (0, 7, 10, 16, 24, 31, 34, 40) (1, 12, 21, 35, 14, 2, 27, 46, 33, 15, 41, 25, 36, 45, 11, 38, 26, 3, 22, 9, 39, 17) (19, 23, 43, 47) "
"OP(4,10,8,22,3,3)",0,Solved,"0,0500"," (4t+2)","0,0546","(\infty, 15, \infty, 39) (4, 2, 9, 3, 6, 28, 26, 33, 27, 30) (8, 0, 5, 1, 32, 24, 29, 25) (35, 21, 10, 37, 22, 42, 19, 38, 20, 36, 23, 11, 45, 34, 13, 46, 18, 43, 14, 44, 12, 47) (7, 17, 16) (31, 41, 40) "
"OP(4,10,7,7,22)",0,Solved,"0,0470"," (4t+2)","0,0503","(\infty, 5, \infty, 29) (6, 14, 23, 9, 19, 30, 38, 47, 33, 43) (12, 7, 4, 0, 2, 3, 18) (36, 31, 28, 24, 26, 27, 42) (45, 10, 46, 16, 41, 15, 35, 8, 1, 20, 37, 21, 34, 22, 40, 17, 39, 11, 32, 25, 44, 13) "
"OP(8,10,22,6,4)",0,Solved,"0,0790"," (4t+2)","0,0849","(\infty, 5, 12, 45, \infty, 21, 36, 29) (10, 13, 0, 23, 7, 34, 37, 24, 47, 31) (4, 15, 6, 2, 1, 3, 8, 22, 42, 11, 40, 28, 39, 30, 26, 25, 27, 32, 46, 18, 35, 16) (41, 19, 9, 17, 43, 33) (14, 20, 38, 44) "
"OP(8,10,22,5,5)",0,Solved,"0,0450"," (4t+2)","0,0500","(\infty, 41, 10, 45, \infty, 21, 34, 17) (39, 16, 36, 18, 47, 15, 40, 12, 42, 23) (20, 46, 13, 27, 38, 11, 2, 8, 1, 9, 6, 44, 22, 37, 3, 14, 35, 26, 32, 25, 33, 30) (0, 4, 5, 7, 43) (24, 28, 29, 31, 19) "
"OP(8,10,22,4,3,3)",0,Solved,"0,0810"," (4t+2)","0,0857","(\infty, 45, 20, 35, \infty, 11, 44, 21) (0, 2, 3, 9, 16, 24, 26, 27, 33, 40) (1, 4, 8, 13, 22, 43, 7, 23, 42, 12, 38, 25, 28, 32, 37, 46, 19, 31, 47, 18, 36, 14) (15, 5, 39, 29) (6, 17, 34) (30, 41, 10) "
"OP(6,10,6,6,22)",0,Solved,"0,0580"," (4t+2)","0,0634","(\infty, 46, 14, \infty, 38, 22) (2, 10, 6, 11, 40, 26, 34, 30, 35, 16) (8, 1, 12, 13, 44, 23) (32, 25, 36, 37, 20, 47) (21, 43, 18, 0, 9, 3, 15, 5, 7, 4, 17, 45, 19, 42, 24, 33, 27, 39, 29, 31, 28, 41) "
"OP(6,10,6,22,3,3)",0,Solved,"0,1930"," (4t+2)","0,1975","(\infty, 45, 41, \infty, 17, 21) (37, 40, 39, 1, 32, 13, 16, 15, 25, 8) (14, 47, 31, 38, 23, 7) (3, 46, 34, 12, 42, 5, 11, 20, 28, 0, 2, 27, 22, 10, 36, 18, 29, 35, 44, 4, 24, 26) (19, 33, 6) (43, 9, 30) "
"OP(4,10,6,4,4,22)",0,Solved,"0,0440"," (4t+2)","0,0473","(\infty, 18, \infty, 42) (9, 5, 6, 3, 12, 33, 29, 30, 27, 36) (46, 11, 4, 22, 35, 28) (0, 14, 39, 17) (24, 38, 15, 41) (1, 16, 45, 13, 7, 2, 10, 20, 32, 43, 23, 25, 40, 21, 37, 31, 26, 34, 44, 8, 19, 47) "
"OP(4,10,5,5,4,22)",0,Solved,"0,0670"," (4t+2)","0,0716","(\infty, 34, \infty, 10) (43, 38, 21, 24, 39, 19, 14, 45, 0, 15) (44, 31, 41, 2, 28) (20, 7, 17, 26, 4) (47, 46, 23, 22) (1, 30, 42, 36, 32, 5, 35, 37, 3, 40, 33, 25, 6, 18, 12, 8, 29, 11, 13, 27, 16, 9) "
"OP(6,10,22,4,4,4)",0,Solved,"0,1010"," (4t+2)","0,1058","(\infty, 36, 42, \infty, 18, 12) (2, 16, 27, 0, 33, 26, 40, 3, 24, 9) (46, 29, 34, 32, 4, 44, 47, 25, 21, 11, 41, 22, 5, 10, 8, 28, 20, 23, 1, 45, 35, 17) (43, 7, 39, 30) (19, 31, 15, 6) (13, 38, 37, 14) "
"OP(6,10,22,3,3,3,3)",0,Solved,"0,0570"," (4t+2)","0,0604","(\infty, 2, 4, \infty, 28, 26) (6, 7, 10, 17, 42, 30, 31, 34, 41, 18) (16, 27, 9, 47, 38, 11, 43, 21, 15, 46, 12, 40, 3, 33, 23, 14, 35, 19, 45, 39, 22, 36) (0, 13, 8) (24, 37, 32) (1, 20, 5) (25, 44, 29) "
"OP(4,10,4,4,22,3,3)",0,Solved,"0,0490"," (4t+2)","0,0531","(\infty, 8, \infty, 32) (2, 7, 22, 19, 10, 26, 31, 46, 43, 34) (4, 5, 16, 12) (28, 29, 40, 36) (11, 1, 14, 41, 0, 23, 6, 20, 42, 13, 15, 35, 25, 38, 17, 24, 47, 30, 44, 18, 37, 39) (3, 21, 9) (27, 45, 33) "
"OP(22,10,10,8)",0,Solved,"0,0690"," (4t+2)","0,0732","(\infty, 4, 5, 7, 2, 12, 34, 46, 14, 3, 16, \infty, 40, 27, 38, 22, 10, 36, 26, 31, 29, 28) (8, 11, 15, 0, 6, 45, 20, 47, 18, 1) (32, 35, 39, 24, 30, 21, 44, 23, 42, 25) (9, 17, 37, 19, 33, 41, 13, 43) "
"OP(4,10,10,4,22)",0,Solved,"0,0760"," (4t+2)","0,0813","(\infty, 13, \infty, 37) (0, 1, 23, 3, 16, 7, 5, 15, 42, 11) (24, 25, 47, 27, 40, 31, 29, 39, 18, 35) (20, 2, 44, 26) (4, 8, 22, 45, 9, 6, 14, 43, 10, 17, 12, 28, 32, 46, 21, 33, 30, 38, 19, 34, 41, 36) "
"OP(22,10,10,4,4)",0,Solved,"0,0350"," (4t+2)","0,0393","(\infty, 20, 8, 21, 40, 13, 35, 18, 43, 23, 38, \infty, 14, 47, 19, 42, 11, 37, 16, 45, 32, 44) (22, 12, 6, 1, 2, 10, 17, 31, 15, 4) (46, 36, 30, 25, 26, 34, 41, 7, 39, 28) (9, 0, 3, 5) (33, 24, 27, 29) "
"OP(22,10,9,9)",0,Solved,"0,0670"," (4t+2)","0,0719","(\infty, 9, 1, 11, 5, 14, 0, 19, 7, 12, 15, \infty, 39, 36, 31, 43, 24, 38, 29, 35, 25, 33) (6, 2, 4, 22, 47, 30, 26, 28, 46, 23) (13, 40, 3, 10, 42, 20, 21, 8, 41) (37, 16, 27, 34, 18, 44, 45, 32, 17) "
"OP(4,9,9,6,22)",0,Solved,"0,0550"," (4t+2)","0,0592","(\infty, 1, \infty, 25) (4, 3, 6, 2, 0, 5, 31, 17, 10) (28, 27, 30, 26, 24, 29, 7, 41, 34) (14, 43, 15, 38, 19, 39) (22, 37, 21, 33, 16, 8, 18, 36, 47, 20, 11, 46, 13, 45, 9, 40, 32, 42, 12, 23, 44, 35) "
"OP(6,9,9,22,4)",0,Solved,"0,1880"," (4t+2)","0,1927","(\infty, 4, 22, \infty, 46, 28) (31, 2, 0, 3, 19, 18, 38, 44, 17) (7, 26, 24, 27, 43, 42, 14, 20, 41) (15, 11, 34, 12, 21, 9, 1, 6, 13, 23, 8, 39, 35, 10, 36, 45, 33, 25, 30, 37, 47, 32) (16, 5, 40, 29) "
"OP(4,9,9,22,3,3)",0,Solved,"0,0390"," (4t+2)","0,0430","(\infty, 22, \infty, 46) (8, 39, 10, 37, 23, 41, 16, 36, 21) (32, 15, 34, 13, 47, 17, 40, 12, 45) (19, 11, 7, 1, 2, 9, 20, 42, 30, 14, 4, 43, 35, 31, 25, 26, 33, 44, 18, 6, 38, 28) (0, 5, 3) (24, 29, 27) "
"OP(4,10,7,7,22)",0,Solved,"0,0460"," (4t+2)","0,0502","(\infty, 5, \infty, 29) (6, 14, 23, 9, 19, 30, 38, 47, 33, 43) (12, 7, 4, 0, 2, 3, 18) (36, 31, 28, 24, 26, 27, 42) (45, 10, 46, 16, 41, 15, 35, 8, 1, 20, 37, 21, 34, 22, 40, 17, 39, 11, 32, 25, 44, 13) "
"OP(22,10,8,6,4)",0,Solved,"0,2700"," (4t+2)","0,2731","(\infty, 6, 10, 43, 23, 44, 14, 39, 17, 3, 22, \infty, 46, 27, 41, 15, 38, 20, 47, 19, 34, 30) (5, 7, 4, 16, 21, 29, 31, 28, 40, 45) (12, 2, 11, 42, 36, 26, 35, 18) (9, 8, 1, 33, 32, 25) (0, 13, 24, 37) "
"OP(22,10,8,5,5)",0,Solved,"0,0450"," (4t+2)","0,0490","(\infty, 34, 18, 37, 19, 32, 17, 6, 23, 45, 22, \infty, 46, 21, 47, 30, 41, 8, 43, 13, 42, 10) (36, 15, 7, 1, 2, 12, 39, 31, 25, 26) (4, 11, 20, 40, 28, 35, 44, 16) (9, 14, 0, 3, 5) (33, 38, 24, 27, 29) "
"OP(22,10,8,4,3,3)",0,Solved,"0,2100"," (4t+2)","0,2148","(\infty, \infty, 23, 13, 7, 3, 8, 39, 16, 43, 14, 29, 5, 38, 19, 40, 15, 32, 27, 31, 37, 47) (12, 0, 45, 11, 18, 36, 24, 21, 35, 42) (26, 46, 20, 4, 2, 22, 44, 28) (41, 6, 17, 30) (9, 10, 1) (33, 34, 25) "
"OP(22,10,7,7,4)",0,Solved,"0,0410"," (4t+2)","0,0448","(\infty, 2, 3, 5, 8, 12, 1, 7, 14, 4, 16, \infty, 40, 28, 38, 31, 25, 36, 32, 29, 27, 26) (6, 19, 11, 41, 10, 30, 43, 35, 17, 34) (39, 20, 46, 21, 37, 23, 18) (15, 44, 22, 45, 13, 47, 42) (0, 9, 24, 33) "
"OP(6,10,6,6,22)",0,Solved,"0,0600"," (4t+2)","0,0637","(\infty, 46, 14, \infty, 38, 22) (2, 10, 6, 11, 40, 26, 34, 30, 35, 16) (8, 1, 12, 13, 44, 23) (32, 25, 36, 37, 20, 47) (21, 43, 18, 0, 9, 3, 15, 5, 7, 4, 17, 45, 19, 42, 24, 33, 27, 39, 29, 31, 28, 41) "
"OP(6,10,6,22,3,3)",0,Solved,"0,1820"," (4t+2)","0,1884","(\infty, 45, 41, \infty, 17, 21) (37, 40, 39, 1, 32, 13, 16, 15, 25, 8) (14, 47, 31, 38, 23, 7) (3, 46, 34, 12, 42, 5, 11, 20, 28, 0, 2, 27, 22, 10, 36, 18, 29, 35, 44, 4, 24, 26) (19, 33, 6) (43, 9, 30) "
"OP(4,10,6,4,4,22)",0,Solved,"0,0410"," (4t+2)","0,0467","(\infty, 18, \infty, 42) (9, 5, 6, 3, 12, 33, 29, 30, 27, 36) (46, 11, 4, 22, 35, 28) (0, 14, 39, 17) (24, 38, 15, 41) (1, 16, 45, 13, 7, 2, 10, 20, 32, 43, 23, 25, 40, 21, 37, 31, 26, 34, 44, 8, 19, 47) "
"OP(22,10,6,6,6)",0,Solved,"0,0400"," (4t+2)","0,0445","(\infty, 45, 22, 41, 15, 36, 18, 6, 20, 40, 9, \infty, 33, 16, 44, 30, 42, 12, 39, 17, 46, 21) (13, 7, 5, 1, 2, 37, 31, 29, 25, 26) (4, 11, 19, 34, 23, 14) (28, 35, 43, 10, 47, 38) (0, 3, 8, 24, 27, 32) "
"OP(22,10,6,6,3,3)",0,Solved,"0,0450"," (4t+2)","0,0483","(\infty, 34, 16, 36, 17, 43, 20, 8, 21, 38, 22, \infty, 46, 14, 45, 32, 44, 19, 41, 12, 40, 10) (18, 11, 7, 1, 2, 42, 35, 31, 25, 26) (13, 4, 15, 30, 9, 23) (37, 28, 39, 6, 33, 47) (0, 5, 3) (24, 29, 27) "
"OP(4,10,5,5,4,22)",0,Solved,"0,0660"," (4t+2)","0,0709","(\infty, 34, \infty, 10) (43, 38, 21, 24, 39, 19, 14, 45, 0, 15) (44, 31, 41, 2, 28) (20, 7, 17, 26, 4) (47, 46, 23, 22) (1, 30, 42, 36, 32, 5, 35, 37, 3, 40, 33, 25, 6, 18, 12, 8, 29, 11, 13, 27, 16, 9) "
"OP(22,10,6,4,4,4)",0,Solved,"0,2280"," (4t+2)","0,2326","(\infty, 1, 4, 2, 8, 13, 5, 15, 16, 44, 23, \infty, 47, 20, 40, 39, 29, 37, 32, 26, 28, 25) (35, 22, 6, 18, 41, 11, 46, 30, 42, 17) (19, 38, 12, 43, 14, 36) (21, 7, 3, 10) (45, 31, 27, 34) (0, 9, 24, 33) "
"OP(22,10,6,3,3,3,3)",0,Solved,"0,0620"," (4t+2)","0,0655","(\infty, 4, 5, 7, 2, 11, 18, 37, 15, 3, 16, \infty, 40, 27, 39, 13, 42, 35, 26, 31, 29, 28) (17, 21, 6, 0, 10, 41, 45, 30, 24, 34) (19, 44, 23, 43, 20, 47) (12, 1, 9) (36, 25, 33) (8, 22, 38) (32, 46, 14) "
"OP(4,10,4,5,5,22)",0,Solved,"0,0690"," (4t+2)","0,0735","(\infty, 41, \infty, 17) (2, 36, 39, 37, 47, 26, 12, 15, 13, 23) (32, 45, 8, 21) (40, 44, 27, 28, 46) (16, 20, 3, 4, 22) (29, 7, 43, 38, 6, 35, 42, 34, 25, 0, 33, 5, 31, 19, 14, 30, 11, 18, 10, 1, 24, 9) "
"OP(22,10,5,5,4,4)",0,Solved,"0,0620"," (4t+2)","0,0681","(\infty, 46, 19, 7, 20, 40, 8, 41, 23, 37, 18, \infty, 42, 13, 47, 17, 32, 16, 44, 31, 43, 22) (34, 12, 6, 1, 2, 10, 36, 30, 25, 26) (15, 4, 11, 21, 38) (39, 28, 35, 45, 14) (9, 0, 3, 5) (33, 24, 27, 29) "
"OP(4,10,4,4,22,3,3)",0,Solved,"0,0490"," (4t+2)","0,0537","(\infty, 8, \infty, 32) (2, 7, 22, 19, 10, 26, 31, 46, 43, 34) (4, 5, 16, 12) (28, 29, 40, 36) (11, 1, 14, 41, 0, 23, 6, 20, 42, 13, 15, 35, 25, 38, 17, 24, 47, 30, 44, 18, 37, 39) (3, 21, 9) (27, 45, 33) "
"OP(22,10,4,4,4,3,3)",0,Solved,"0,2850"," (4t+2)","0,2894","(\infty, 41, 21, 44, 9, 8, 4, 6, 18, 37, 11, \infty, 35, 13, 42, 30, 28, 32, 33, 20, 45, 17) (0, 5, 16, 46, 14, 24, 29, 40, 22, 38) (10, 43, 12, 3) (34, 19, 36, 27) (23, 2, 47, 26) (15, 7, 1) (39, 31, 25) "
"OP(22,10,3,3,3,3,3,3)",0,Solved,"0,0970"," (4t+2)","0,1008","(\infty, 41, 12, 32, 43, 45, 2, 20, 37, 5, 9, \infty, 33, 29, 13, 44, 26, 21, 19, 8, 36, 17) (40, 46, 7, 15, 38, 16, 22, 31, 39, 14) (34, 47, 0) (10, 23, 24) (28, 25, 35) (4, 1, 11) (3, 30, 18) (27, 6, 42) "
"OP(4,9,9,6,22)",0,Solved,"0,0480"," (4t+2)","0,0533","(\infty, 1, \infty, 25) (4, 3, 6, 2, 0, 5, 31, 17, 10) (28, 27, 30, 26, 24, 29, 7, 41, 34) (14, 43, 15, 38, 19, 39) (22, 37, 21, 33, 16, 8, 18, 36, 47, 20, 11, 46, 13, 45, 9, 40, 32, 42, 12, 23, 44, 35) "
"OP(22,9,9,6,4)",0,Solved,"0,0520"," (4t+2)","0,0563","(\infty, 22, 44, 32, 17, 6, 16, 35, 12, 21, 38, \infty, 14, 45, 36, 11, 40, 30, 41, 8, 20, 46) (31, 18, 10, 3, 2, 0, 5, 9, 15) (7, 42, 34, 27, 26, 24, 29, 33, 39) (23, 43, 13, 47, 19, 37) (4, 1, 28, 25) "
"OP(22,9,9,5,5)",0,Solved,"0,0780"," (4t+2)","0,0821","(\infty, 30, 3, 0, 8, 19, 18, 35, 17, 45, 12, \infty, 36, 21, 41, 11, 42, 43, 32, 24, 27, 6) (22, 10, 5, 1, 7, 20, 39, 16, 38) (46, 34, 29, 25, 31, 44, 15, 40, 14) (23, 13, 4, 2, 9) (47, 37, 28, 26, 33) "
"OP(22,9,9,4,3,3)",0,Solved,"0,0860"," (4t+2)","0,0899","(\infty, 44, 14, 43, 21, 42, 22, 37, 23, 11, 36, \infty, 12, 35, 47, 13, 46, 18, 45, 19, 38, 20) (0, 10, 6, 1, 9, 15, 32, 16, 7) (24, 34, 30, 25, 33, 39, 8, 40, 31) (4, 17, 28, 41) (2, 3, 5) (26, 27, 29) "
"OP(4,8,8,8,22)",0,Solved,"0,0840"," (4t+2)","0,0879","(\infty, 35, \infty, 11) (0, 1, 6, 14, 5, 20, 13, 3) (24, 25, 30, 38, 29, 44, 37, 27) (7, 32, 45, 9, 31, 8, 21, 33) (46, 2, 4, 18, 12, 23, 39, 19, 40, 10, 41, 22, 26, 28, 42, 36, 47, 15, 43, 16, 34, 17) "
"OP(8,8,8,22,4)",0,Solved,"0,0890"," (4t+2)","0,0925","(\infty, 33, 23, 21, \infty, 45, 47, 9) (4, 43, 20, 5, 13, 30, 27, 41) (28, 19, 44, 29, 37, 6, 3, 17) (11, 15, 10, 36, 1, 22, 2, 38, 31, 32, 16, 35, 39, 34, 12, 25, 46, 26, 14, 7, 8, 40) (18, 0, 42, 24) "
"OP(6,8,8,6,22)",0,Solved,"0,0870"," (4t+2)","0,0913","(\infty, 0, 2, \infty, 26, 24) (3, 6, 5, 9, 15, 4, 16, 8) (27, 30, 29, 33, 39, 28, 40, 32) (7, 14, 41, 31, 38, 17) (10, 19, 37, 11, 45, 12, 44, 25, 42, 22, 47, 34, 43, 13, 35, 21, 36, 20, 1, 18, 46, 23) "
"OP(6,8,8,22,3,3)",0,Solved,"0,0680"," (4t+2)","0,0725","(\infty, 10, 18, \infty, 42, 34) (4, 6, 9, 14, 47, 13, 7, 0) (28, 30, 33, 38, 23, 37, 31, 24) (2, 3, 12, 22, 43, 21, 5, 40, 17, 35, 15, 26, 27, 36, 46, 19, 45, 29, 16, 41, 11, 39) (1, 20, 32) (25, 44, 8) "
"OP(4,8,8,4,4,22)",0,Solved,"0,0430"," (4t+2)","0,0470","(\infty, 12, \infty, 36) (8, 15, 30, 19, 42, 23, 10, 0) (32, 39, 6, 43, 18, 47, 34, 24) (20, 2, 7, 16) (44, 26, 31, 40) (35, 21, 9, 3, 1, 4, 5, 22, 38, 17, 37, 11, 45, 33, 27, 25, 28, 29, 46, 14, 41, 13) "
"OP(6,8,7,7,22)",0,Solved,"0,1120"," (4t+2)","0,1160","(\infty, 39, 5, \infty, 29, 15) (6, 21, 44, 18, 30, 45, 20, 42) (12, 41, 23, 10, 38, 11, 22) (36, 17, 47, 34, 14, 35, 46) (1, 4, 8, 13, 19, 3, 2, 0, 7, 16, 33, 25, 28, 32, 37, 43, 27, 26, 24, 31, 40, 9) "
"OP(8,8,22,6,6)",0,Solved,"0,0500"," (4t+2)","0,0534","(\infty, 2, 35, 4, \infty, 28, 11, 26) (7, 32, 37, 45, 31, 8, 13, 21) (39, 33, 20, 40, 36, 34, 41, 42, 6, 24, 5, 15, 9, 44, 16, 12, 10, 17, 18, 30, 0, 29) (38, 27, 43, 46, 25, 47) (14, 3, 19, 22, 1, 23) "
"OP(8,8,22,6,3,3)",0,Solved,"0,2100"," (4t+2)","0,2137","(\infty, 7, 19, 3, \infty, 27, 43, 31) (5, 20, 2, 9, 29, 44, 26, 33) (13, 10, 0, 14, 39, 12, 8, 45, 46, 6, 11, 37, 34, 24, 38, 15, 36, 32, 21, 22, 30, 35) (1, 40, 42, 25, 16, 18) (4, 23, 17) (28, 47, 41) "
"OP(22,9,7,5,4,3)",,Infeasible,,Table config is not valid,,
"OP(8,8,22,4,4,4)",0,Solved,"0,1460"," (4t+2)","0,1500","(\infty, 2, 3, 8, \infty, 32, 27, 26) (0, 45, 4, 40, 24, 21, 28, 16) (42, 17, 46, 9, 44, 23, 43, 13, 7, 11, 1, 18, 41, 22, 33, 20, 47, 19, 37, 31, 35, 25) (14, 29, 15, 6) (38, 5, 39, 30) (34, 12, 10, 36) "
"OP(8,8,22,3,3,3,3)",0,Solved,"0,0500"," (4t+2)","0,0536","(\infty, 45, 19, 1, \infty, 25, 43, 21) (15, 20, 4, 12, 39, 44, 28, 36) (13, 46, 40, 6, 2, 5, 17, 8, 9, 11, 18, 37, 22, 16, 30, 26, 29, 41, 32, 33, 35, 42) (38, 7, 27) (14, 31, 3) (23, 10, 0) (47, 34, 24) "
"OP(4,8,6,6,4,22)",0,Solved,"0,0470"," (4t+2)","0,0514","(\infty, 6, \infty, 30) (1, 8, 19, 40, 25, 32, 43, 16) (10, 2, 11, 15, 44, 13) (34, 26, 35, 39, 20, 37) (14, 4, 38, 28) (23, 3, 21, 22, 0, 12, 7, 9, 41, 18, 5, 47, 27, 45, 46, 24, 36, 31, 33, 17, 42, 29) "
"OP(4,8,6,5,5,22)",0,Solved,"0,0470"," (4t+2)","0,0511","(\infty, 1, \infty, 25) (12, 3, 9, 2, 36, 27, 33, 26) (0, 16, 47, 24, 40, 23) (4, 8, 19, 6, 14) (28, 32, 43, 30, 38) (22, 7, 35, 13, 10, 5, 17, 18, 45, 15, 44, 46, 31, 11, 37, 34, 29, 41, 42, 21, 39, 20) "
"OP(6,8,6,22,4,4)",0,Solved,"0,0440"," (4t+2)","0,0477","(\infty, 45, 13, \infty, 37, 21) (23, 6, 2, 4, 47, 30, 26, 28) (43, 16, 5, 19, 40, 29) (22, 44, 15, 38, 10, 9, 42, 12, 0, 3, 11, 46, 20, 39, 14, 34, 33, 18, 36, 24, 27, 35) (7, 17, 8, 1) (31, 41, 32, 25) "
"OP(4,8,6,4,22,3,3)",0,Solved,"0,1900"," (4t+2)","0,1948","(\infty, 0, \infty, 24) (1, 2, 4, 7, 25, 26, 28, 31) (5, 11, 15, 29, 35, 39) (6, 14, 30, 38) (10, 19, 46, 33, 13, 23, 12, 45, 16, 42, 17, 34, 43, 22, 9, 37, 47, 36, 21, 40, 18, 41) (3, 8, 44) (27, 32, 20) "
"OP(6,8,22,5,5,4)",0,Solved,"0,0670"," (4t+2)","0,0706","(\infty, 18, 46, \infty, 22, 42) (13, 0, 14, 47, 37, 24, 38, 23) (45, 20, 39, 17, 8, 4, 10, 40, 19, 7, 5, 21, 44, 15, 41, 32, 28, 34, 16, 43, 31, 29) (11, 3, 6, 1, 12) (35, 27, 30, 25, 36) (9, 2, 33, 26) "
"OP(4,8,5,5,22,3,3)",0,Solved,"0,0470"," (4t+2)","0,0522","(\infty, 40, \infty, 16) (5, 8, 24, 19, 29, 32, 0, 43) (9, 20, 1, 23, 21) (33, 44, 25, 47, 45) (13, 38, 11, 10, 41, 7, 15, 28, 46, 2, 30, 37, 14, 35, 34, 17, 31, 39, 4, 22, 26, 6) (42, 27, 36) (18, 3, 12) "
"OP(6,8,22,4,4,3,3)",0,Solved,"0,0510"," (4t+2)","0,0557","(\infty, 2, 4, \infty, 28, 26) (6, 7, 10, 18, 30, 31, 34, 42) (33, 16, 27, 36, 11, 41, 21, 43, 22, 15, 47, 9, 40, 3, 12, 35, 17, 45, 19, 46, 39, 23) (13, 0, 14, 8) (37, 24, 38, 32) (1, 20, 5) (25, 44, 29) "
"OP(4,8,4,4,4,4,22)",0,Solved,"0,0500"," (4t+2)","0,0550","(\infty, 20, \infty, 44) (9, 5, 6, 3, 33, 29, 30, 27) (11, 40, 14, 4) (35, 16, 38, 28) (0, 15, 47, 12) (24, 39, 23, 36) (1, 18, 41, 13, 7, 2, 10, 19, 21, 32, 46, 25, 42, 17, 37, 31, 26, 34, 43, 45, 8, 22) "
"OP(4,8,4,22,3,3,3,3)",0,Solved,"0,1680"," (4t+2)","0,1729","(\infty, 0, \infty, 24) (3, 29, 41, 9, 27, 5, 17, 33) (16, 2, 40, 26) (23, 21, 15, 22, 30, 31, 10, 43, 20, 1, 12, 47, 45, 39, 46, 6, 7, 34, 19, 44, 25, 36) (18, 38, 35) (42, 14, 11) (37, 28, 32) (13, 4, 8) "
"OP(22,8,8,8,4)",0,Solved,"0,0450"," (4t+2)","0,0487","(\infty, 2, 4, 5, 10, 7, 13, 33, 16, 27, 42, \infty, 18, 3, 40, 9, 37, 31, 34, 29, 28, 26) (35, 22, 41, 14, 23, 15, 45, 19) (11, 46, 17, 38, 47, 39, 21, 43) (0, 12, 8, 1, 24, 36, 32, 25) (20, 6, 44, 30) "
"OP(6,7,7,8,22)",0,Solved,"0,1210"," (4t+2)","0,1250","(\infty, 39, 5, \infty, 29, 15) (6, 17, 46, 21, 36, 18, 44) (30, 41, 22, 45, 12, 42, 20) (10, 38, 11, 47, 34, 14, 35, 23) (1, 4, 8, 13, 19, 3, 2, 0, 7, 16, 33, 25, 28, 32, 37, 43, 27, 26, 24, 31, 40, 9) "
"OP(22,8,8,6,6)",0,Solved,"0,0460"," (4t+2)","0,0501","(\infty, 44, 24, 15, 4, 7, 40, 17, 35, 23, 2, \infty, 26, 47, 11, 41, 16, 31, 28, 39, 0, 20) (45, 19, 13, 6, 1, 36, 22, 14) (21, 43, 37, 30, 25, 12, 46, 38) (32, 3, 5, 9, 10, 42) (8, 27, 29, 33, 34, 18) "
"OP(22,8,8,6,3,3)",0,Solved,"0,0500"," (4t+2)","0,0543","(\infty, 4, 14, 30, 15, 37, 20, 47, 17, 36, 16, \infty, 40, 12, 41, 23, 44, 13, 39, 6, 38, 28) (19, 11, 7, 1, 2, 9, 18, 32) (43, 35, 31, 25, 26, 33, 42, 8) (21, 10, 22, 45, 34, 46) (0, 5, 3) (24, 29, 27) "
"OP(4,8,8,4,4,22)",0,Solved,"0,0410"," (4t+2)","0,0451","(\infty, 12, \infty, 36) (8, 15, 30, 19, 42, 23, 10, 0) (32, 39, 6, 43, 18, 47, 34, 24) (20, 2, 7, 16) (44, 26, 31, 40) (35, 21, 9, 3, 1, 4, 5, 22, 38, 17, 37, 11, 45, 33, 27, 25, 28, 29, 46, 14, 41, 13) "
"OP(22,8,8,4,4,4)",0,Solved,"0,0840"," (4t+2)","0,0885","(\infty, 42, 11, 45, 16, 38, 13, 43, 22, 10, 20, \infty, 44, 34, 46, 19, 37, 14, 40, 21, 35, 18) (23, 12, 5, 2, 8, 9, 0, 15) (47, 36, 29, 26, 32, 33, 24, 39) (4, 6, 1, 17) (28, 30, 25, 41) (3, 7, 27, 31) "
"OP(22,8,8,3,3,3,3)",0,Solved,"0,0890"," (4t+2)","0,0931","(\infty, 25, 21, 10, 23, 29, 15, 41, 12, 42, 11, \infty, 35, 18, 36, 17, 39, 5, 47, 34, 45, 1) (16, 6, 14, 7, 46, 19, 44, 32) (40, 30, 38, 31, 22, 43, 20, 8) (4, 9, 37) (28, 33, 13) (0, 2, 3) (24, 26, 27) "
"OP(22,8,7,7,6)",0,Solved,"0,1090"," (4t+2)","0,1125","(\infty, 22, 9, 20, 42, 10, 4, 21, 1, 0, 14, \infty, 38, 24, 25, 45, 28, 34, 18, 44, 33, 46) (7, 3, 5, 8, 31, 27, 29, 32) (13, 43, 16, 11, 23, 15, 6) (37, 19, 40, 35, 47, 39, 30) (2, 12, 41, 26, 36, 17) "
"OP(22,8,7,7,3,3)",0,Solved,"0,0440"," (4t+2)","0,0483","(\infty, 14, 3, 13, 35, 18, 41, 20, 40, 21, 36, \infty, 12, 45, 16, 44, 17, 42, 11, 37, 27, 38) (39, 23, 10, 1, 15, 47, 34, 25) (2, 7, 19, 22, 4, 5, 9) (26, 31, 43, 46, 28, 29, 33) (0, 8, 6) (24, 32, 30) "
"OP(4,7,7,6,4,22)",0,Solved,"0,0740"," (4t+2)","0,0786","(\infty, 21, \infty, 45) (17, 3, 15, 38, 11, 46, 43) (41, 27, 39, 14, 35, 22, 19) (2, 4, 10, 26, 28, 34) (9, 5, 33, 29) (13, 12, 7, 44, 6, 23, 8, 1, 40, 0, 18, 37, 36, 31, 20, 30, 47, 32, 25, 16, 24, 42) "
"OP(4,7,7,5,5,22)",0,Solved,"0,0430"," (4t+2)","0,0471","(\infty, 13, \infty, 37) (46, 19, 8, 38, 21, 36, 23) (22, 43, 32, 14, 45, 12, 47) (6, 18, 44, 35, 16) (30, 42, 20, 11, 40) (1, 2, 10, 17, 31, 15, 9, 4, 0, 3, 5, 25, 26, 34, 41, 7, 39, 33, 28, 24, 27, 29) "
"OP(6,7,7,22,4,4)",0,Solved,"0,0730"," (4t+2)","0,0770","(\infty, 15, 7, \infty, 31, 39) (35, 8, 4, 17, 33, 47, 6) (11, 32, 28, 41, 9, 23, 30) (12, 3, 20, 22, 21, 24, 13, 38, 26, 16, 42, 36, 27, 44, 46, 45, 0, 37, 14, 2, 40, 18) (43, 25, 5, 10) (19, 1, 29, 34) "
"OP(4,7,7,4,22,3,3)",0,Solved,"0,0460"," (4t+2)","0,0495","(\infty, 36, \infty, 12) (5, 42, 26, 24, 17, 23, 13) (29, 18, 2, 0, 41, 47, 37) (8, 31, 32, 7) (22, 35, 20, 6, 3, 25, 34, 14, 33, 15, 19, 46, 11, 44, 30, 27, 1, 10, 38, 9, 39, 43) (4, 16, 21) (28, 40, 45) "
"OP(4,8,5,5,6,22)",0,Solved,"0,0450"," (4t+2)","0,0489","(\infty, 17, \infty, 41) (25, 19, 3, 36, 1, 43, 27, 12) (30, 28, 38, 37, 18) (6, 4, 14, 13, 42) (5, 39, 9, 29, 15, 33) (21, 26, 35, 32, 40, 47, 10, 31, 0, 44, 22, 45, 2, 11, 8, 16, 23, 34, 7, 24, 20, 46) "
"OP(22,8,6,6,4,4)",0,Solved,"0,0490"," (4t+2)","0,0532","(\infty, 44, 15, 9, 43, 36, 23, 38, 30, 18, 22, \infty, 46, 42, 6, 14, 47, 12, 19, 33, 39, 20) (40, 10, 8, 17, 16, 34, 32, 41) (35, 4, 25, 2, 13, 45) (11, 28, 1, 26, 37, 21) (31, 3, 0, 5) (7, 27, 24, 29) "
"OP(22,8,6,5,5,4)",0,Solved,"0,1270"," (4t+2)","0,1323","(\infty, 38, 23, 24, 30, 46, 5, 9, 11, 40, 32, \infty, 8, 16, 35, 33, 29, 22, 6, 0, 47, 14) (15, 3, 31, 1, 39, 27, 7, 25) (45, 18, 4, 21, 42, 28) (43, 20, 17, 12, 34) (19, 44, 41, 36, 10) (2, 13, 26, 37) "
"OP(4,8,5,5,22,3,3)",0,Solved,"0,0460"," (4t+2)","0,0500","(\infty, 40, \infty, 16) (5, 8, 24, 19, 29, 32, 0, 43) (9, 20, 1, 23, 21) (33, 44, 25, 47, 45) (13, 38, 11, 10, 41, 7, 15, 28, 46, 2, 30, 37, 14, 35, 34, 17, 31, 39, 4, 22, 26, 6) (42, 27, 36) (18, 3, 12) "
"OP(22,8,6,4,4,3,3)",0,Solved,"0,0420"," (4t+2)","0,0464","(\infty, 14, 3, 13, 35, 19, 39, 22, 45, 42, 12, \infty, 36, 18, 21, 46, 15, 43, 11, 37, 27, 38) (44, 23, 10, 1, 20, 47, 34, 25) (2, 7, 41, 26, 31, 17) (16, 4, 5, 9) (40, 28, 29, 33) (0, 8, 6) (24, 32, 30) "
"OP(22,8,5,5,5,5)",0,Solved,"0,1960"," (4t+2)","0,2012","(\infty, \infty, 23, 7, 1, 6, 17, 16, 36, 43, 20, 35, 11, 44, 19, 12, 40, 41, 30, 25, 31, 47) (4, 8, 10, 18, 28, 32, 34, 42) (39, 26, 5, 22, 13) (15, 2, 29, 46, 37) (21, 3, 0, 14, 33) (45, 27, 24, 38, 9) "
"OP(22,8,5,5,4,3,3)",0,Solved,"0,0450"," (4t+2)","0,0489","(\infty, 6, 3, 9, 35, 47, 20, 10, 39, 14, 46, \infty, 22, 38, 15, 34, 44, 23, 11, 33, 27, 30) (40, 12, 5, 1, 16, 36, 29, 25) (2, 7, 21, 13, 4) (26, 31, 45, 37, 28) (19, 8, 43, 32) (0, 17, 18) (24, 41, 42) "
"OP(4,8,4,4,4,4,22)",0,Solved,"0,0450"," (4t+2)","0,0490","(\infty, 20, \infty, 44) (9, 5, 6, 3, 33, 29, 30, 27) (11, 40, 14, 4) (35, 16, 38, 28) (0, 15, 47, 12) (24, 39, 23, 36) (1, 18, 41, 13, 7, 2, 10, 19, 21, 32, 46, 25, 42, 17, 37, 31, 26, 34, 43, 45, 8, 22) "
"OP(4,8,4,22,3,3,3,3)",0,Solved,"0,1650"," (4t+2)","0,1686","(\infty, 0, \infty, 24) (3, 29, 41, 9, 27, 5, 17, 33) (16, 2, 40, 26) (23, 21, 15, 22, 30, 31, 10, 43, 20, 1, 12, 47, 45, 39, 46, 6, 7, 34, 19, 44, 25, 36) (18, 38, 35) (42, 14, 11) (37, 28, 32) (13, 4, 8) "
"OP(22,8,4,4,4,4,4)",0,Solved,"0,0800"," (4t+2)","0,0838","(\infty, 37, 32, 20, 39, 41, 31, 6, 36, 28, 43, \infty, 19, 4, 12, 30, 7, 17, 15, 44, 8, 13) (33, 5, 46, 40, 9, 29, 22, 16) (25, 3, 35, 26) (1, 27, 11, 2) (45, 24, 38, 42) (21, 0, 14, 18) (34, 47, 10, 23) "
"OP(22,8,4,4,3,3,3,3)",0,Solved,"0,0480"," (4t+2)","0,0519","(\infty, 11, 3, 16, 43, 14, 47, 15, 46, 20, 45, \infty, 21, 44, 22, 39, 23, 38, 19, 40, 27, 35) (37, 17, 12, 1, 13, 41, 36, 25) (2, 9, 18, 32) (26, 33, 42, 8) (4, 5, 7) (28, 29, 31) (0, 10, 6) (24, 34, 30) "
"OP(22,7,7,7,7)",0,Solved,"0,0430"," (4t+2)","0,0467","(\infty, 20, 39, 21, 7, 19, 40, 23, 38, 10, 42, \infty, 18, 34, 14, 47, 16, 43, 31, 45, 15, 44) (22, 13, 8, 1, 2, 12, 35) (46, 37, 32, 25, 26, 36, 11) (9, 17, 28, 6, 0, 3, 5) (33, 41, 4, 30, 24, 27, 29) "
"OP(4,6,7,7,4,22)",0,Solved,"0,0530"," (4t+2)","0,0580","(\infty, 1, \infty, 25) (2, 3, 9, 26, 27, 33) (5, 12, 15, 19, 7, 37, 14) (29, 36, 39, 43, 31, 13, 38) (8, 0, 32, 24) (6, 4, 47, 10, 20, 35, 22, 41, 21, 42, 16, 30, 28, 23, 34, 44, 11, 46, 17, 45, 18, 40) "
"OP(4,7,7,5,5,22)",0,Solved,"0,0410"," (4t+2)","0,0451","(\infty, 13, \infty, 37) (46, 19, 8, 38, 21, 36, 23) (22, 43, 32, 14, 45, 12, 47) (6, 18, 44, 35, 16) (30, 42, 20, 11, 40) (1, 2, 10, 17, 31, 15, 9, 4, 0, 3, 5, 25, 26, 34, 41, 7, 39, 33, 28, 24, 27, 29) "
"OP(22,7,7,6,4,4)",0,Solved,"0,0530"," (4t+2)","0,0572","(\infty, 18, 8, 23, 37, 15, 35, 14, 45, 16, 46, \infty, 22, 40, 21, 38, 11, 39, 13, 47, 32, 42) (28, 12, 6, 1, 2, 10, 17) (4, 36, 30, 25, 26, 34, 41) (44, 19, 7, 20, 43, 31) (9, 0, 3, 5) (33, 24, 27, 29) "
"OP(22,7,7,5,5,4)",0,Solved,"0,0630"," (4t+2)","0,0676","(\infty, 2, 3, 5, 8, 12, 1, 7, 14, 4, 16, \infty, 40, 28, 38, 31, 25, 36, 32, 29, 27, 26) (6, 19, 11, 34, 15, 46, 20) (30, 43, 35, 10, 39, 22, 44) (45, 13, 41, 23, 18) (21, 37, 17, 47, 42) (0, 9, 24, 33) "
"OP(4,7,7,4,22,3,3)",0,Solved,"0,0620"," (4t+2)","0,0659","(\infty, 36, \infty, 12) (5, 42, 26, 24, 17, 23, 13) (29, 18, 2, 0, 41, 47, 37) (8, 31, 32, 7) (22, 35, 20, 6, 3, 25, 34, 14, 33, 15, 19, 46, 11, 44, 30, 27, 1, 10, 38, 9, 39, 43) (4, 16, 21) (28, 40, 45) "
"OP(22,7,7,4,4,3,3)",0,Solved,"0,1100"," (4t+2)","0,1151","(\infty, 4, 12, 22, 39, 17, 40, 19, 47, 34, 18, \infty, 42, 10, 23, 43, 16, 41, 15, 46, 36, 28) (3, 0, 7, 13, 32, 14, 5) (27, 24, 31, 37, 8, 38, 29) (20, 35, 21, 9) (44, 11, 45, 33) (2, 1, 6) (26, 25, 30) "
"OP(4,6,6,6,6,22)",0,Solved,"0,0340"," (4t+2)","0,0380","(\infty, 1, \infty, 25) (4, 3, 6, 2, 0, 9) (28, 27, 30, 26, 24, 33) (14, 34, 19, 7, 20, 46) (38, 10, 43, 31, 44, 22) (32, 18, 11, 5, 13, 23, 40, 17, 36, 15, 45, 8, 42, 35, 29, 37, 47, 16, 41, 12, 39, 21) "
"OP(6,6,6,6,22,4)",0,Solved,"0,0850"," (4t+2)","0,0894","(\infty, 9, 21, \infty, 45, 33) (13, 17, 4, 5, 39, 6) (37, 41, 28, 29, 15, 30) (32, 12, 38, 8, 36, 14) (11, 19, 2, 27, 16, 0, 46, 1, 7, 34, 44, 35, 43, 26, 3, 40, 24, 22, 25, 31, 10, 20) (47, 42, 23, 18) "
"OP(4,6,6,6,22,3,3)",0,Solved,"0,0860"," (4t+2)","0,0901","(\infty, 17, \infty, 41) (2, 3, 1, 10, 20, 7) (26, 27, 25, 34, 44, 31) (11, 38, 19, 35, 14, 43) (37, 15, 4, 45, 5, 8, 12, 40, 9, 23, 46, 13, 39, 28, 21, 29, 32, 36, 16, 33, 47, 22) (6, 18, 0) (30, 42, 24) "
"OP(6,6,6,22,5,5)",0,Solved,"0,1720"," (4t+2)","0,1753","(\infty, 38, 40, \infty, 16, 14) (5, 0, 28, 17, 36, 6) (29, 24, 4, 41, 12, 30) (20, 46, 39, 1, 7, 11, 42, 9, 45, 37, 10, 44, 22, 15, 25, 31, 35, 18, 33, 21, 13, 34) (27, 43, 8, 47, 2) (3, 19, 32, 23, 26) "
"OP(6,6,6,22,4,3,3)",0,Solved,"0,0630"," (4t+2)","0,0671","(\infty, 5, 3, \infty, 27, 29) (10, 23, 14, 45, 11, 0) (34, 47, 38, 21, 35, 24) (13, 46, 17, 42, 20, 36, 9, 4, 1, 7, 19, 37, 22, 41, 18, 44, 12, 33, 28, 25, 31, 43) (6, 2, 30, 26) (8, 15, 16) (32, 39, 40) "
"OP(4,6,6,4,4,4,22)",0,Solved,"0,0960"," (4t+2)","0,1004","(\infty, 15, \infty, 39) (8, 27, 1, 4, 31, 16) (32, 3, 25, 28, 7, 40) (43, 11, 45, 34) (19, 35, 21, 10) (29, 46, 5, 22) (2, 6, 0, 36, 38, 13, 41, 42, 47, 9, 44, 26, 30, 24, 12, 14, 37, 17, 18, 23, 33, 20) "
"OP(4,6,6,22,3,3,3,3)",0,Solved,"0,0930"," (4t+2)","0,0970","(\infty, 0, \infty, 24) (17, 16, 44, 31, 1, 39) (41, 40, 20, 7, 25, 15) (47, 26, 10, 43, 38, 13, 27, 29, 46, 6, 35, 23, 2, 34, 19, 14, 37, 3, 5, 22, 30, 11) (4, 45, 8) (28, 21, 32) (12, 9, 18) (36, 33, 42) "
"OP(6,6,22,5,5,3,3)",0,Solved,"0,0530"," (4t+2)","0,0567","(\infty, 2, 36, \infty, 12, 26) (25, 38, 43, 1, 14, 19) (37, 40, 24, 35, 47, 39, 29, 6, 32, 34, 41, 13, 16, 0, 11, 23, 15, 5, 30, 8, 10, 17) (46, 31, 4, 33, 42) (22, 7, 28, 9, 18) (27, 44, 45) (3, 20, 21) "
"OP(4,6,5,5,4,4,22)",0,Solved,"0,0900"," (4t+2)","0,0941","(\infty, 37, \infty, 13) (43, 34, 7, 19, 10, 31) (45, 8, 38, 6, 35) (21, 32, 14, 30, 11) (27, 42, 1, 5) (3, 18, 25, 29) (2, 16, 39, 44, 24, 41, 47, 46, 33, 36, 28, 26, 40, 15, 20, 0, 17, 23, 22, 9, 12, 4) "
"OP(6,6,22,4,4,4,4)",0,Solved,"0,0540"," (4t+2)","0,0578","(\infty, 46, 16, \infty, 40, 22) (39, 14, 4, 15, 38, 28) (17, 37, 8, 23, 35, 19, 12, 6, 1, 2, 10, 41, 13, 32, 47, 11, 43, 36, 30, 25, 26, 34) (7, 21, 42, 20) (31, 45, 18, 44) (9, 0, 3, 5) (33, 24, 27, 29) "
"OP(6,6,22,4,3,3,3,3)",0,Solved,"0,0690"," (4t+2)","0,0734","(\infty, 25, 19, \infty, 43, 1) (30, 42, 5, 6, 18, 29) (27, 0, 31, 2, 36, 28, 46, 39, 34, 44, 35, 3, 24, 7, 26, 12, 4, 22, 15, 10, 20, 11) (33, 13, 9, 37) (41, 16, 38) (17, 40, 14) (47, 45, 32) (23, 21, 8) "
"OP(4,6,4,4,4,22,3,3)",0,Solved,"0,1180"," (4t+2)","0,1223","(\infty, 35, \infty, 11) (47, 27, 44, 23, 3, 20) (9, 41, 15, 38) (33, 17, 39, 14) (40, 5, 16, 29) (31, 36, 37, 30, 45, 42, 2, 0, 34, 25, 43, 7, 12, 13, 6, 21, 18, 26, 24, 10, 1, 19) (28, 22, 32) (4, 46, 8) "
"OP(4,6,22,3,3,3,3,3,3)",0,Solved,"0,0880"," (4t+2)","0,0947","(\infty, \infty, 23, 47) (2, 8, 16, 26, 32, 40) (21, 36, 15, 6, 3, 10, 22, 42, 20, 43, 14, 45, 12, 39, 30, 27, 34, 46, 18, 44, 19, 38) (0, 13, 11) (24, 37, 35) (1, 17, 31) (25, 41, 7) (4, 9, 5) (28, 33, 29) "
"OP(22,6,6,6,6,4)",0,Solved,"0,1060"," (4t+2)","0,1100","(\infty, 3, 2, 0, 5, 9, 15, 31, 14, 42, 19, \infty, 43, 18, 38, 7, 39, 33, 29, 24, 26, 27) (36, 22, 11, 44, 8, 17) (12, 46, 35, 20, 32, 41) (16, 34, 47, 21, 13, 6) (40, 10, 23, 45, 37, 30) (4, 1, 28, 25) "
"OP(22,6,6,6,5,5)",0,Solved,"0,0720"," (4t+2)","0,0762","(\infty, 39, 13, 47, 14, 44, 19, 35, 18, 9, 21, \infty, 45, 33, 42, 11, 43, 20, 38, 23, 37, 15) (16, 29, 2, 1, 12, 8) (40, 5, 26, 25, 36, 32) (10, 4, 6, 34, 28, 30) (17, 22, 3, 0, 7) (41, 46, 27, 24, 31) "
"OP(22,6,6,6,4,3,3)",0,Solved,"0,1600"," (4t+2)","0,1656","(\infty, 15, 33, 19, 8, 2, 0, 10, 22, 35, 7, \infty, 31, 11, 46, 34, 24, 26, 32, 43, 9, 39) (13, 21, 44, 3, 36, 17) (37, 45, 20, 27, 12, 41) (29, 38, 6, 5, 14, 30) (1, 28, 25, 4) (16, 42, 47) (40, 18, 23) "
"OP(22,6,6,5,5,3,3)",0,Solved,"0,0420"," (4t+2)","0,0456","(\infty, 2, 3, 5, 8, 12, 1, 9, 4, 11, 20, \infty, 44, 35, 28, 33, 25, 36, 32, 29, 27, 26) (7, 17, 37, 14, 40, 21) (31, 41, 13, 38, 16, 45) (10, 43, 22, 39, 23) (34, 19, 46, 15, 47) (18, 0, 6) (42, 24, 30) "
"OP(4,5,5,6,4,4,22)",0,Solved,"0,0500"," (4t+2)","0,0535","(\infty, 2, \infty, 26) (3, 4, 7, 11, 1) (27, 28, 31, 35, 25) (5, 12, 20, 29, 36, 44) (8, 19, 33, 21) (32, 43, 9, 45) (46, 15, 34, 13, 41, 16, 38, 23, 18, 0, 6, 22, 39, 10, 37, 17, 40, 14, 47, 42, 24, 30) "
"OP(22,6,6,4,4,4,4)",0,Solved,"0,0390"," (4t+2)","0,0435","(\infty, 13, 45, 31, 11, 4, 15, 32, 19, 40, 17, \infty, 41, 16, 43, 8, 39, 28, 35, 7, 21, 37) (22, 12, 6, 1, 2, 10) (46, 36, 30, 25, 26, 34) (44, 14, 47, 18) (20, 38, 23, 42) (9, 0, 3, 5) (33, 24, 27, 29) "
"OP(22,6,6,4,3,3,3,3)",0,Solved,"0,0810"," (4t+2)","0,0847","(\infty, 43, 9, 39, 46, 41, 28, 38, 36, 35, 31, \infty, 7, 11, 12, 14, 4, 17, 22, 15, 33, 19) (3, 18, 24, 47, 2, 29) (27, 42, 0, 23, 26, 5) (16, 32, 40, 8) (45, 6, 34) (21, 30, 10) (37, 1, 20) (13, 25, 44) "
"OP(4,5,5,5,5,4,22)",0,Solved,"0,0520"," (4t+2)","0,0555","(\infty, 2, \infty, 26) (3, 4, 7, 11, 1) (27, 28, 31, 35, 25) (5, 12, 20, 34, 14) (29, 36, 44, 10, 38) (8, 19, 32, 43) (9, 21, 37, 22, 41, 15, 40, 23, 18, 0, 6, 33, 45, 13, 46, 17, 39, 16, 47, 42, 24, 30) "
"OP(22,6,5,5,4,4,4)",0,Solved,"0,0840"," (4t+2)","0,0877","(\infty, 7, 46, 12, 0, 20, 10, 42, 9, 40, 17, \infty, 41, 16, 33, 18, 34, 44, 24, 36, 22, 31) (8, 4, 3, 32, 28, 27) (23, 1, 14, 21, 15) (47, 25, 38, 45, 39) (6, 43, 13, 11) (30, 19, 37, 35) (5, 26, 29, 2) "
"OP(22,6,5,5,3,3,3,3)",0,Solved,"0,1700"," (4t+2)","0,1741","(\infty, 22, 9, 1, 6, 3, 10, 19, 37, 17, 38, \infty, 14, 41, 13, 43, 34, 27, 30, 25, 33, 46) (42, 16, 47, 18, 40, 23) (45, 20, 5, 15, 31) (21, 44, 29, 39, 7) (2, 8, 4) (26, 32, 28) (11, 0, 12) (35, 24, 36) "
"OP(4,5,5,4,4,22,3,3)",0,Solved,"0,0490"," (4t+2)","0,0532","(\infty, \infty, 23, 47) (20, 45, 19, 1, 18) (44, 21, 43, 25, 42) (14, 4, 8, 0) (38, 28, 32, 24) (16, 35, 7, 13, 2, 17, 5, 10, 3, 12, 39, 40, 11, 31, 37, 26, 41, 29, 34, 27, 36, 15) (22, 6, 9) (46, 30, 33) "
"OP(22,6,4,4,4,4,3,3)",0,Solved,"0,1010"," (4t+2)","0,1051","(\infty, 3, 9, 18, 47, 22, 39, 21, 41, 14, 13, \infty, 37, 38, 17, 45, 15, 46, 23, 42, 33, 27) (0, 10, 36, 24, 34, 12) (5, 16, 8, 1) (29, 40, 32, 25) (20, 35, 19, 6) (44, 11, 43, 30) (2, 7, 4) (26, 31, 28) "
"OP(22,6,4,3,3,3,3,3,3)",0,Solved,"0,1850"," (4t+2)","0,1900","(\infty, 6, 1, 19, 34, 28, 5, 21, 0, 13, 42, \infty, 18, 37, 24, 45, 29, 4, 10, 43, 25, 30) (8, 44, 35, 32, 20, 11) (12, 38, 36, 14) (7, 3, 41) (31, 27, 17) (22, 33, 2) (46, 9, 26) (47, 40, 39) (23, 16, 15) "
"OP(4,4,5,5,5,5,22)",0,Solved,"0,0510"," (4t+2)","0,0548","(\infty, 21, \infty, 45) (7, 15, 31, 39) (19, 4, 41, 46, 23) (43, 28, 17, 22, 47) (20, 13, 11, 1, 14) (44, 37, 35, 25, 38) (5, 26, 6, 9, 8, 42, 16, 34, 3, 12, 0, 29, 2, 30, 33, 32, 18, 40, 10, 27, 36, 24) "
"OP(22,5,5,5,5,4,4)",0,Solved,"0,0720"," (4t+2)","0,0758","(\infty, 4, 5, 7, 2, 11, 21, 34, 14, 3, 20, \infty, 44, 27, 38, 10, 45, 35, 26, 31, 29, 28) (41, 22, 6, 0, 8) (17, 46, 30, 24, 32) (19, 42, 15, 37, 1) (43, 18, 39, 13, 25) (9, 12, 16, 23) (33, 36, 40, 47) "
"OP(4,4,4,5,5,22,3,3)",0,Solved,"0,0430"," (4t+2)","0,0468","(\infty, 12, \infty, 36) (16, 43, 17, 47) (40, 19, 41, 23) (3, 0, 14, 9, 5) (27, 24, 38, 33, 29) (37, 18, 8, 21, 46, 10, 30, 15, 7, 1, 2, 13, 42, 32, 45, 22, 34, 6, 39, 31, 25, 26) (20, 11, 4) (44, 35, 28) "
"OP(22,5,5,4,4,4,3,3)",0,Solved,"0,2760"," (4t+2)","0,2801","(\infty, 18, 14, 26, 1, 6, 9, 16, 47, 19, 46, \infty, 22, 43, 23, 40, 33, 30, 25, 2, 38, 42) (10, 0, 39, 20, 36) (34, 24, 15, 44, 12) (5, 4, 37, 7) (29, 28, 13, 31) (21, 8, 45, 32) (3, 11, 17) (27, 35, 41) "
"OP(22,5,5,3,3,3,3,3,3)",0,Solved,"0,1690"," (4t+2)","0,1720","(\infty, 19, 2, 7, 20, 11, 1, 38, 12, 41, 13, \infty, 37, 17, 36, 14, 25, 35, 44, 31, 26, 43) (23, 46, 4, 8, 15) (47, 22, 28, 32, 39) (33, 18, 45) (9, 42, 21) (0, 34, 16) (24, 10, 40) (3, 5, 6) (27, 29, 30) "
"OP(4,4,4,4,4,4,4,22)",0,Solved,"0,0430"," (4t+2)","0,0468","(\infty, 2, \infty, 26) (3, 4, 6, 9) (27, 28, 30, 33) (1, 5, 13, 22) (25, 29, 37, 46) (8, 19, 34, 20) (32, 43, 10, 44) (15, 35, 45, 14, 40, 17, 36, 23, 18, 0, 7, 39, 11, 21, 38, 16, 41, 12, 47, 42, 24, 31) "
"OP(4,4,4,4,22,3,3,3,3)",0,Solved,"0,0580"," (4t+2)","0,0626","(\infty, 17, \infty, 41) (29, 47, 13, 4) (5, 23, 37, 28) (10, 18, 34, 42) (21, 8, 6, 12, 31, 24, 2, 3, 15, 11, 14, 45, 32, 30, 36, 7, 0, 26, 27, 39, 35, 38) (1, 44, 16) (25, 20, 40) (19, 46, 9) (43, 22, 33) "
"OP(22,4,4,4,4,4,4,4)",0,Solved,"0,1370"," (4t+2)","0,1431","(\infty, 34, 30, 43, 20, 40, 24, 23, 41, 1, 42, \infty, 18, 25, 17, 47, 0, 16, 44, 19, 6, 10) (3, 39, 12, 29) (27, 15, 36, 5) (7, 45, 8, 2) (31, 21, 32, 26) (33, 35, 38, 4) (9, 11, 14, 28) (13, 46, 37, 22) "
"OP(22,4,4,4,4,3,3,3,3)",0,Solved,"0,0900"," (4t+2)","0,0938","(\infty, 37, 3, 30, 41, 39, 4, 35, 43, 5, 9, \infty, 33, 29, 19, 11, 28, 15, 17, 6, 27, 13) (46, 7, 36, 21) (22, 31, 12, 45) (0, 47, 2, 18) (24, 23, 26, 42) (1, 44, 8) (25, 20, 32) (34, 40, 14) (10, 16, 38) "
"OP(22,4,3,3,3,3,3,3,3,3)",0,Solved,"0,0920"," (4t+2)","0,0962","(\infty, 2, 34, 19, 7, 18, 35, 44, 23, 46, 16, \infty, 40, 22, 47, 20, 11, 42, 31, 43, 10, 26) (13, 3, 37, 27) (15, 41, 12) (39, 17, 36) (21, 1, 14) (45, 25, 38) (8, 0, 6) (32, 24, 30) (5, 9, 4) (29, 33, 28) "
"OP(22,20,8)",0,Solved,"0,1690"," (4t+2)","0,1725","(\infty, 2, 3, 45, 5, 10, 7, 38, 23, 39, 18, \infty, 42, 15, 47, 14, 31, 34, 29, 21, 27, 26) (16, 44, 6, 4, 0, 9, 35, 22, 36, 17, 40, 20, 30, 28, 24, 33, 11, 46, 12, 41) (25, 37, 19, 8, 1, 13, 43, 32) "
"OP(4,4)",0,Solved,"0,0430"," (4t+2)","0,0473","(\infty, 15, \infty, 39) (12, 23, 36, 47) "
"OP(22,20,4,4)",0,Solved,"0,0400"," (4t+2)","0,0437","(\infty, 8, 31, 15, 4, 19, 40, 21, 38, 20, 42, \infty, 18, 44, 14, 45, 16, 43, 28, 39, 7, 32) (22, 12, 6, 1, 2, 10, 17, 37, 23, 11, 46, 36, 30, 25, 26, 34, 41, 13, 47, 35) (9, 0, 3, 5) (33, 24, 27, 29) "
OP(10),0,Solved,"0,0490"," (4t+2)","0,0527","(\infty, 1, 2, 4, 9, \infty, 33, 28, 26, 25) "
"OP(4,6)",0,Solved,"0,0740"," (4t+2)","0,0781","(\infty, 3, \infty, 27) (41, 0, 6, 17, 24, 30) "
"OP(6,4)",0,Solved,"0,0590"," (4t+2)","0,0638","(\infty, 15, 41, \infty, 17, 39) (6, 13, 30, 37) "
"OP(4,3,3)",0,Solved,"0,0520"," (4t+2)","0,0570","(\infty, 7, \infty, 31) (13, 34, 45) (37, 10, 21) "
"OP(20,20,10)",0,Solved,"0,0690"," (4t+2)","0,0734","(\infty, 1, 4, 8, 13, 21, 39, 22, 36, 11, \infty, 35, 12, 46, 15, 45, 37, 32, 28, 25) (2, 3, 9, 16, 31, 42, 30, 14, 5, 24, 26, 27, 33, 40, 7, 18, 6, 38, 29, 0) (10, 20, 41, 19, 47, 34, 44, 17, 43, 23) "
"OP(21,19,7,3)",,Infeasible,,Table config is not valid,,
"OP(20,20,6,4)",0,Solved,"0,0490"," (4t+2)","0,0530","(\infty, 5, 12, 21, 9, 22, 37, 18, 41, 23, \infty, 47, 17, 42, 13, 46, 33, 45, 36, 29) (0, 2, 3, 6, 10, 15, 32, 43, 16, 38, 24, 26, 27, 30, 34, 39, 8, 19, 40, 14) (35, 7, 1, 11, 31, 25) (20, 4, 44, 28) "
"OP(20,20,5,5)",0,Solved,"0,0590"," (4t+2)","0,0627","(\infty, 15, 8, 41, 7, 4, 14, 18, 46, 23, \infty, 47, 22, 42, 38, 28, 31, 17, 32, 39) (9, 20, 1, 3, 12, 0, 6, 11, 10, 2, 33, 44, 25, 27, 36, 24, 30, 35, 34, 26) (5, 40, 13, 43, 21) (29, 16, 37, 19, 45) "
"OP(20,20,4,3,3)",0,Solved,"0,1250"," (4t+2)","0,1295","(\infty, 13, 46, 16, 45, 14, 5, 15, 47, 19, \infty, 43, 23, 39, 29, 38, 21, 40, 22, 37) (3, 1, 4, 9, 2, 6, 0, 8, 20, 41, 27, 25, 28, 33, 26, 30, 24, 32, 44, 17) (7, 18, 31, 42) (36, 10, 11) (12, 34, 35) "
"OP(12,18,20)",0,Solved,"0,0800"," (4t+2)","0,0847","(\infty, 32, 43, 42, 24, 40, \infty, 16, 0, 18, 19, 8) (45, 39, 37, 47, 35, 38, 33, 6, 28, 21, 15, 13, 23, 11, 14, 9, 30, 4) (34, 5, 1, 26, 46, 31, 44, 36, 27, 41, 10, 29, 25, 2, 22, 7, 20, 12, 3, 17) "
"OP(4,18,8,20)",0,Solved,"0,0520"," (4t+2)","0,0561","(\infty, 17, \infty, 41) (20, 47, 15, 46, 33, 19, 7, 0, 18, 44, 23, 39, 22, 9, 43, 31, 24, 42) (2, 6, 16, 35, 26, 30, 40, 11) (14, 8, 3, 1, 4, 5, 13, 36, 21, 10, 38, 32, 27, 25, 28, 29, 37, 12, 45, 34) "
"OP(8,18,20,4)",0,Solved,"0,1520"," (4t+2)","0,1558","(\infty, 8, 1, 0, \infty, 24, 25, 32) (3, 13, 30, 44, 33, 18, 46, 17, 43, 27, 37, 6, 20, 9, 42, 22, 41, 19) (36, 23, 11, 7, 4, 2, 45, 5, 14, 39, 12, 47, 35, 31, 28, 26, 21, 29, 38, 15) (34, 16, 10, 40) "
"OP(6,18,6,20)",0,Solved,"0,0500"," (4t+2)","0,0541","(\infty, 43, 17, \infty, 41, 19) (12, 3, 1, 6, 10, 0, 14, 44, 21, 36, 27, 25, 30, 34, 24, 38, 20, 45) (47, 18, 7, 23, 42, 31) (4, 11, 39, 22, 9, 8, 2, 5, 13, 40, 28, 35, 15, 46, 33, 32, 26, 29, 37, 16) "
"OP(6,18,20,3,3)",0,Solved,"0,1360"," (4t+2)","0,1398","(\infty, 9, 47, \infty, 23, 33) (22, 3, 14, 11, 13, 1, 6, 5, 20, 46, 27, 38, 35, 37, 25, 30, 29, 44) (42, 12, 8, 16, 41, 10, 4, 43, 15, 2, 18, 36, 32, 40, 17, 34, 28, 19, 39, 26) (21, 0, 7) (45, 24, 31) "
"OP(4,18,4,4,20)",0,Solved,"0,0410"," (4t+2)","0,0455","(\infty, 20, \infty, 44) (3, 11, 21, 42, 16, 36, 22, 47, 15, 27, 35, 45, 18, 40, 12, 46, 23, 39) (19, 14, 10, 1) (43, 38, 34, 25) (2, 13, 32, 17, 4, 5, 7, 0, 6, 9, 26, 37, 8, 41, 28, 29, 31, 24, 30, 33) "
"OP(18,20,12)",0,Solved,"0,0470"," (4t+2)","0,0509","(\infty, 2, 3, 5, 8, 12, 1, 7, 14, \infty, 38, 31, 25, 36, 32, 29, 27, 26) (4, 16, 6, 19, 11, 39, 17, 46, 13, 45, 28, 40, 30, 43, 35, 15, 41, 22, 37, 21) (10, 44, 23, 18, 0, 9, 34, 20, 47, 42, 24, 33) "
"OP(21,17,9,3)",,Infeasible,,Table config is not valid,,
"OP(18,20,8,4)",0,Solved,"0,0560"," (4t+2)","0,0606","(\infty, 2, 4, 5, 10, 18, 47, 33, 16, \infty, 40, 9, 23, 42, 34, 29, 28, 26) (27, 37, 46, 14, 35, 17, 43, 15, 21, 6, 3, 13, 22, 38, 11, 41, 19, 39, 45, 30) (0, 12, 8, 1, 24, 36, 32, 25) (20, 7, 44, 31) "
"OP(21,17,7,5)",,Infeasible,,Table config is not valid,,
"OP(18,20,6,6)",0,Solved,"0,0480"," (4t+2)","0,0516","(\infty, 36, 16, 4, 17, 47, 13, 42, 20, \infty, 44, 18, 37, 23, 41, 28, 40, 12) (39, 7, 34, 19, 8, 1, 2, 11, 21, 46, 15, 31, 10, 43, 32, 25, 26, 35, 45, 22) (9, 14, 6, 0, 3, 5) (33, 38, 30, 24, 27, 29) "
"OP(18,20,6,3,3)",0,Solved,"0,0670"," (4t+2)","0,0706","(\infty, 21, 11, 2, 4, 7, 39, 22, 41, \infty, 17, 46, 15, 31, 28, 26, 35, 45) (47, 13, 0, 18, 10, 3, 9, 36, 16, 38, 23, 37, 24, 42, 34, 27, 33, 12, 40, 14) (5, 1, 6, 29, 25, 30) (19, 8, 20) (43, 32, 44) "
"OP(21,17,5,4,3)",,Infeasible,,Table config is not valid,,
"OP(18,20,4,4,4)",0,Solved,"0,0540"," (4t+2)","0,0581","(\infty, 4, 9, 17, 7, 22, 6, 42, 16, \infty, 40, 18, 30, 46, 31, 41, 33, 28) (27, 47, 12, 21, 38, 13, 34, 15, 19, 5, 3, 23, 36, 45, 14, 37, 10, 39, 43, 29) (0, 11, 8, 1) (24, 35, 32, 25) (20, 2, 44, 26) "
"OP(18,20,3,3,3,3)",0,Solved,"0,1460"," (4t+2)","0,1498","(\infty, 13, 0, 34, 17, 18, 3, 15, 5, \infty, 29, 39, 27, 42, 41, 10, 24, 37) (4, 6, 9, 1, 8, 2, 20, 45, 19, 47, 28, 30, 33, 25, 32, 26, 44, 21, 43, 23) (7, 16, 12) (31, 40, 36) (38, 22, 11) (14, 46, 35) "
"OP(14,16,20)",0,Solved,"0,0730"," (4t+2)","0,0775","(\infty, 3, 41, 0, 6, 9, 13, \infty, 37, 33, 30, 24, 17, 27) (43, 12, 35, 20, 15, 2, 10, 1, 19, 36, 11, 44, 39, 26, 34, 25) (8, 7, 5, 16, 28, 47, 21, 42, 14, 46, 32, 31, 29, 40, 4, 23, 45, 18, 38, 22) "
"OP(4,16,10,20)",0,Solved,"0,0510"," (4t+2)","0,0559","(\infty, 17, \infty, 41) (9, 5, 6, 3, 12, 23, 11, 4, 33, 29, 30, 27, 36, 47, 35, 28) (0, 14, 42, 16, 1, 24, 38, 18, 40, 25) (15, 45, 13, 7, 2, 10, 20, 22, 43, 8, 39, 21, 37, 31, 26, 34, 44, 46, 19, 32) "
"OP(10,16,20,4)",0,Solved,"0,0610"," (4t+2)","0,0679","(\infty, 17, 7, 18, 35, \infty, 11, 42, 31, 41) (44, 9, 23, 45, 16, 43, 13, 36, 20, 33, 47, 21, 40, 19, 37, 12) (1, 4, 8, 14, 22, 10, 3, 2, 0, 5, 25, 28, 32, 38, 46, 34, 27, 26, 24, 29) (15, 6, 39, 30) "
"OP(6,16,8,20)",0,Solved,"0,0680"," (4t+2)","0,0724","(\infty, 8, 2, \infty, 26, 32) (4, 0, 1, 3, 6, 11, 18, 39, 28, 24, 25, 27, 30, 35, 42, 15) (47, 14, 5, 13, 23, 38, 29, 37) (41, 10, 45, 20, 46, 16, 36, 7, 19, 33, 17, 34, 21, 44, 22, 40, 12, 31, 43, 9) "
"OP(8,16,20,6)",0,Solved,"0,1880"," (4t+2)","0,1929","(\infty, 43, 8, 17, \infty, 41, 32, 19) (47, 1, 12, 9, 4, 3, 31, 0, 23, 25, 36, 33, 28, 27, 7, 24) (14, 2, 46, 13, 34, 40, 11, 18, 44, 30, 38, 26, 22, 37, 10, 16, 35, 42, 20, 6) (21, 5, 15, 45, 29, 39) "
"OP(8,16,20,3,3)",0,Solved,"0,0820"," (4t+2)","0,0864","(\infty, 17, 2, 3, \infty, 27, 26, 41) (1, 8, 19, 35, 23, 40, 12, 46, 25, 32, 43, 11, 47, 16, 36, 22) (14, 5, 45, 7, 10, 15, 33, 20, 42, 13, 38, 29, 21, 31, 34, 39, 9, 44, 18, 37) (4, 6, 0) (28, 30, 24) "
"OP(4,16,6,4,20)",0,Solved,"0,0470"," (4t+2)","0,0514","(\infty, 1, \infty, 25) (2, 3, 0, 4, 23, 5, 7, 14, 26, 27, 24, 28, 47, 29, 31, 38) (19, 35, 9, 43, 11, 33) (17, 6, 41, 30) (36, 15, 10, 16, 8, 18, 46, 13, 44, 21, 12, 39, 34, 40, 32, 42, 22, 37, 20, 45) "
"OP(4,16,5,5,20)",0,Solved,"0,0170"," (4t+2)","0,0205","(\infty, 20, \infty, 44) (3, 17, 39, 21, 42, 22, 47, 12, 27, 41, 15, 45, 18, 46, 23, 36) (11, 19, 14, 10, 1) (35, 43, 38, 34, 25) (2, 13, 32, 16, 4, 5, 7, 0, 6, 9, 26, 37, 8, 40, 28, 29, 31, 24, 30, 33) "
"OP(6,16,20,4,4)",0,Solved,"0,0940"," (4t+2)","0,0978","(\infty, 2, 4, \infty, 28, 26) (5, 6, 45, 7, 10, 44, 8, 12, 29, 30, 21, 31, 34, 20, 32, 36) (9, 41, 16, 11, 0, 27, 14, 22, 37, 15, 33, 17, 40, 35, 24, 3, 38, 46, 13, 39) (25, 18, 47, 19) (1, 42, 23, 43) "
"OP(4,16,4,20,3,3)",0,Solved,"0,1410"," (4t+2)","0,1453","(\infty, 4, \infty, 28) (5, 3, 10, 18, 9, 6, 1, 7, 29, 27, 34, 42, 33, 30, 25, 31) (15, 16, 39, 40) (26, 44, 17, 46, 13, 0, 14, 45, 8, 12, 2, 20, 41, 22, 37, 24, 38, 21, 32, 36) (35, 19, 47) (11, 43, 23) "
"OP(16,20,14)",0,Solved,"0,0490"," (4t+2)","0,0534","(\infty, 2, 4, 5, 10, 7, 17, 38, \infty, 14, 41, 31, 34, 29, 28, 26) (16, 27, 18, 46, 13, 45, 11, 33, 15, 23, 40, 3, 42, 22, 37, 21, 35, 9, 39, 47) (6, 0, 12, 8, 1, 20, 43, 30, 24, 36, 32, 25, 44, 19) "
"OP(21,15,11,3)",,Infeasible,,Table config is not valid,,
"OP(16,20,10,4)",0,Solved,"0,0580"," (4t+2)","0,0613","(\infty, 21, 6, 18, 34, 12, 40, 19, \infty, 43, 16, 36, 10, 42, 30, 45) (44, 15, 46, 23, 14, 8, 1, 2, 4, 7, 20, 39, 22, 47, 38, 32, 25, 26, 28, 31) (35, 17, 9, 5, 0, 11, 41, 33, 29, 24) (13, 3, 37, 27) "
"OP(21,15,9,5)",,Infeasible,,Table config is not valid,,
"OP(16,20,8,6)",0,Solved,"0,0700"," (4t+2)","0,0743","(\infty, 5, 12, 21, 6, 16, 34, 17, \infty, 41, 10, 40, 30, 45, 36, 29) (7, 4, 0, 2, 3, 8, 14, 22, 43, 18, 31, 28, 24, 26, 27, 32, 38, 46, 19, 42) (13, 47, 35, 15, 37, 23, 11, 39) (1, 20, 9, 25, 44, 33) "
"OP(16,20,8,3,3)",0,Solved,"0,1250"," (4t+2)","0,1295","(\infty, 20, 16, 33, 1, 23, 36, 22, \infty, 46, 12, 47, 25, 9, 40, 44) (5, 35, 10, 13, 21, 14, 3, 15, 17, 8, 29, 11, 34, 37, 45, 38, 27, 39, 41, 32) (43, 0, 42, 4, 19, 24, 18, 28) (26, 7, 6) (2, 31, 30) "
"OP(16,20,7,7)",0,Solved,"0,0360"," (4t+2)","0,0399","(\infty, 1, 4, 10, 3, 2, 0, 5, \infty, 29, 24, 26, 27, 34, 28, 25) (43, 18, 7, 11, 21, 9, 39, 23, 14, 6, 19, 42, 31, 35, 45, 33, 15, 47, 38, 30) (41, 12, 40, 13, 44, 22, 8) (17, 36, 16, 37, 20, 46, 32) "
"OP(21,15,7,4,3)",,Infeasible,,Table config is not valid,,
"OP(21,15,6,5,3)",,Infeasible,,Table config is not valid,,
"OP(16,20,6,4,4)",0,Solved,"0,1570"," (4t+2)","0,1605","(\infty, 35, 46, 36, 42, 25, 10, 7, \infty, 31, 34, 1, 18, 12, 22, 11) (9, 41, 5, 4, 2, 37, 45, 40, 47, 19, 33, 17, 29, 28, 26, 13, 21, 16, 23, 43) (6, 27, 8, 30, 3, 32) (14, 44, 0, 39) (38, 20, 24, 15) "
"OP(16,20,5,5,4)",0,Solved,"0,1460"," (4t+2)","0,1500","(\infty, 45, 4, 2, 8, 7, 18, 43, \infty, 19, 42, 31, 32, 26, 28, 21) (40, 20, 39, 23, 36, 22, 10, 41, 11, 38, 16, 44, 15, 47, 12, 46, 34, 17, 35, 14) (6, 1, 5, 13, 3) (30, 25, 29, 37, 27) (0, 9, 24, 33) "
"OP(21,15,5,3,3,3)",,Infeasible,,Table config is not valid,,
"OP(16,20,4,4,3,3)",0,Solved,"0,0580"," (4t+2)","0,0627","(\infty, 5, 13, 22, 10, 21, 38, 23, \infty, 47, 14, 45, 34, 46, 37, 29) (7, 4, 0, 2, 3, 9, 16, 32, 19, 41, 31, 28, 24, 26, 27, 33, 40, 8, 43, 17) (42, 12, 35, 15) (18, 36, 11, 39) (1, 20, 6) (25, 44, 30) "
"OP(4,14,12,20)",0,Solved,"0,0520"," (4t+2)","0,0552","(\infty, 18, \infty, 42) (3, 15, 37, 23, 44, 21, 40, 27, 39, 13, 47, 20, 45, 16) (43, 11, 22, 14, 10, 1, 19, 35, 46, 38, 34, 25) (2, 12, 17, 32, 4, 5, 7, 0, 6, 9, 26, 36, 41, 8, 28, 29, 31, 24, 30, 33) "
"OP(12,14,20,4)",0,Solved,"0,1200"," (4t+2)","0,1238","(\infty, 24, 35, 47, 45, 44, \infty, 20, 21, 23, 11, 0) (38, 41, 37, 6, 33, 25, 43, 14, 17, 13, 30, 9, 1, 19) (28, 5, 27, 34, 39, 26, 46, 32, 42, 36, 4, 29, 3, 10, 15, 2, 22, 8, 18, 12) (31, 40, 7, 16) "
"OP(6,14,10,20)",0,Solved,"0,0990"," (4t+2)","0,1040","(\infty, 6, 4, \infty, 28, 30) (3, 21, 10, 15, 22, 8, 5, 27, 45, 34, 39, 46, 32, 29) (43, 37, 47, 11, 2, 19, 13, 23, 35, 26) (16, 17, 1, 24, 44, 36, 9, 38, 42, 7, 40, 41, 25, 0, 20, 12, 33, 14, 18, 31) "
"OP(10,14,20,6)",0,Solved,"0,0620"," (4t+2)","0,0667","(\infty, 14, 9, 5, 2, \infty, 26, 29, 33, 38) (20, 43, 32, 16, 6, 37, 22, 44, 19, 8, 40, 30, 13, 46) (39, 21, 12, 4, 10, 17, 31, 18, 47, 35, 15, 45, 36, 28, 34, 41, 7, 42, 23, 11) (3, 1, 0, 27, 25, 24) "
"OP(10,14,20,3,3)",0,Solved,"0,0640"," (4t+2)","0,0675","(\infty, 3, 4, 6, 9, \infty, 33, 30, 28, 27) (18, 5, 45, 15, 1, 16, 26, 42, 29, 21, 39, 25, 40, 2) (13, 8, 14, 23, 44, 19, 36, 10, 46, 17, 37, 32, 38, 47, 20, 43, 12, 34, 22, 41) (0, 7, 11) (24, 31, 35) "
"OP(8,14,8,20)",0,Solved,"0,0950"," (4t+2)","0,0987","(\infty, 30, 3, 0, \infty, 24, 27, 6) (7, 15, 14, 23, 13, 44, 12, 31, 39, 38, 47, 37, 20, 36) (40, 10, 5, 1, 16, 34, 29, 25) (18, 43, 17, 45, 9, 22, 11, 4, 2, 8, 42, 19, 41, 21, 33, 46, 35, 28, 26, 32) "
"OP(4,14,8,4,20)",0,Solved,"0,0730"," (4t+2)","0,0770","(\infty, 4, \infty, 28) (5, 6, 2, 11, 14, 20, 39, 29, 30, 26, 35, 38, 44, 15) (3, 8, 10, 40, 27, 32, 34, 16) (7, 0, 31, 24) (43, 23, 12, 46, 13, 1, 9, 41, 18, 45, 19, 47, 36, 22, 37, 25, 33, 17, 42, 21) "
"OP(21,14,7,5,3)",,Infeasible,,Table config is not valid,,
"OP(8,14,20,4,4)",0,Solved,"0,0690"," (4t+2)","0,0747","(\infty, 7, 16, 1, \infty, 25, 40, 31) (14, 43, 35, 47, 12, 42, 15, 38, 19, 11, 23, 36, 18, 39) (2, 13, 45, 17, 10, 0, 6, 9, 5, 4, 26, 37, 21, 41, 34, 24, 30, 33, 29, 28) (20, 3, 8, 22) (44, 27, 32, 46) "
"OP(4,14,6,6,20)",0,Solved,"0,0480"," (4t+2)","0,0521","(\infty, 16, \infty, 40) (36, 23, 15, 24, 2, 44, 33, 12, 47, 39, 0, 26, 20, 9) (4, 3, 1, 18, 11, 8) (28, 27, 25, 42, 35, 32) (45, 22, 37, 19, 14, 30, 10, 29, 17, 7, 21, 46, 13, 43, 38, 6, 34, 5, 41, 31) "
"OP(6,14,6,20,4)",0,Solved,"0,3040"," (4t+2)","0,3073","(\infty, 46, 14, \infty, 38, 22) (6, 3, 8, 17, 16, 35, 18, 30, 27, 32, 41, 40, 11, 42) (0, 4, 2, 24, 28, 26) (19, 39, 12, 5, 13, 23, 9, 44, 21, 10, 43, 15, 36, 29, 37, 47, 33, 20, 45, 34) (7, 1, 31, 25) "
"OP(4,14,6,20,3,3)",0,Solved,"0,0570"," (4t+2)","0,0614","(\infty, 3, \infty, 27) (4, 6, 9, 17, 29, 15, 44, 28, 30, 33, 41, 5, 39, 20) (1, 16, 26, 25, 40, 2) (13, 8, 14, 23, 46, 18, 36, 19, 45, 10, 37, 32, 38, 47, 22, 42, 12, 43, 21, 34) (0, 7, 11) (24, 31, 35) "
"OP(6,14,20,5,5)",0,Solved,"0,0600"," (4t+2)","0,0638","(\infty, 19, 45, \infty, 21, 43) (5, 3, 14, 34, 7, 8, 44, 29, 27, 38, 10, 31, 32, 20) (4, 11, 2, 12, 15, 47, 16, 46, 17, 42, 28, 35, 26, 36, 39, 23, 40, 22, 41, 18) (0, 6, 1, 9, 13) (24, 30, 25, 33, 37) "
"OP(6,14,20,4,3,3)",0,Solved,"0,0790"," (4t+2)","0,0836","(\infty, 36, 10, \infty, 34, 12) (6, 2, 39, 32, 7, 22, 21, 30, 26, 15, 8, 31, 46, 45) (1, 3, 9, 44, 28, 38, 18, 35, 47, 17, 25, 27, 33, 20, 4, 14, 42, 11, 23, 41) (37, 40, 13, 16) (43, 0, 29) (19, 24, 5) "
"OP(4,14,4,4,4,20)",0,Solved,"0,0530"," (4t+2)","0,0566","(\infty, 5, \infty, 29) (43, 40, 8, 9, 21, 36, 47, 19, 16, 32, 33, 45, 12, 23) (34, 13, 30, 39) (10, 37, 6, 15) (27, 17, 3, 41) (31, 2, 28, 20, 14, 18, 11, 46, 0, 25, 7, 26, 4, 44, 38, 42, 35, 22, 24, 1) "
"OP(4,14,20,3,3,3,3)",0,Solved,"0,0470"," (4t+2)","0,0504","(\infty, 4, \infty, 28) (6, 16, 32, 15, 37, 17, 44, 30, 40, 8, 39, 13, 41, 20) (23, 38, 19, 11, 7, 1, 2, 9, 18, 36, 47, 14, 43, 35, 31, 25, 26, 33, 42, 12) (22, 10, 45) (46, 34, 21) (0, 5, 3) (24, 29, 27) "
"OP(4,13,13,20)",0,Solved,"0,0450"," (4t+2)","0,0488","(\infty, 1, \infty, 25) (4, 3, 6, 2, 0, 5, 13, 22, 38, 20, 32, 17, 10) (28, 27, 30, 26, 24, 29, 37, 46, 14, 44, 8, 41, 34) (7, 18, 35, 9, 19, 47, 12, 39, 16, 45, 31, 42, 11, 33, 43, 23, 36, 15, 40, 21) "
"OP(14,20,12,4)",0,Solved,"0,1620"," (4t+2)","0,1662","(\infty, 8, 11, 10, 41, 23, 18, \infty, 42, 47, 17, 34, 35, 32) (3, 9, 2, 6, 19, 0, 20, 45, 37, 1, 27, 33, 26, 30, 43, 24, 44, 21, 13, 25) (14, 16, 5, 15, 36, 4, 38, 40, 29, 39, 12, 28) (22, 7, 46, 31) "
"OP(21,13,11,5)",,Infeasible,,Table config is not valid,,
"OP(14,20,10,6)",0,Solved,"0,0440"," (4t+2)","0,0484","(\infty, 28, 23, 40, 21, 17, 6, \infty, 30, 41, 45, 16, 47, 4) (11, 46, 10, 31, 9, 8, 1, 43, 5, 37, 35, 22, 34, 7, 33, 32, 25, 19, 29, 13) (15, 24, 27, 42, 14, 39, 0, 3, 18, 38) (12, 26, 44, 36, 2, 20) "
"OP(14,20,10,3,3)",0,Solved,"0,0530"," (4t+2)","0,0570","(\infty, 11, 44, 15, 42, 10, 41, \infty, 17, 34, 18, 39, 20, 35) (47, 19, 7, 32, 21, 13, 6, 0, 5, 9, 23, 43, 31, 8, 45, 37, 30, 24, 29, 33) (14, 40, 22, 12, 3, 38, 16, 46, 36, 27) (4, 2, 1) (28, 26, 25) "
"OP(21,13,9,7)",,Infeasible,,Table config is not valid,,
"OP(21,13,9,4,3)",,Infeasible,,Table config is not valid,,
"OP(14,20,8,8)",0,Solved,"0,0380"," (4t+2)","0,0429","(\infty, 34, 15, 4, 19, 45, 22, \infty, 46, 21, 43, 28, 39, 10) (14, 44, 12, 40, 23, 13, 8, 1, 2, 11, 38, 20, 36, 16, 47, 37, 32, 25, 26, 35) (9, 17, 31, 18, 6, 0, 3, 5) (33, 41, 7, 42, 30, 24, 27, 29) "
"OP(21,13,8,5,3)",,Infeasible,,Table config is not valid,,
"OP(14,20,8,4,4)",0,Solved,"0,0520"," (4t+2)","0,0564","(\infty, 1, 2, 4, 9, 12, 21, \infty, 45, 36, 33, 28, 26, 25) (7, 18, 41, 29, 14, 6, 0, 10, 3, 47, 31, 42, 17, 5, 38, 30, 24, 34, 27, 23) (8, 22, 40, 19, 32, 46, 16, 43) (11, 37, 20, 39) (35, 13, 44, 15) "
"OP(21,13,7,6,3)",,Infeasible,,Table config is not valid,,
"OP(21,13,7,5,4)",,Infeasible,,Table config is not valid,,
"OP(21,13,7,3,3,3)",,Infeasible,,Table config is not valid,,
"OP(14,20,6,6,4)",0,Solved,"0,0710"," (4t+2)","0,0758","(\infty, 6, 43, 23, 39, 18, 32, \infty, 8, 42, 15, 47, 19, 30) (12, 7, 4, 0, 2, 3, 9, 16, 34, 17, 36, 31, 28, 24, 26, 27, 33, 40, 10, 41) (14, 22, 45, 35, 13, 1) (38, 46, 21, 11, 37, 25) (20, 5, 44, 29) "
"OP(14,20,6,5,5)",0,Solved,"0,0450"," (4t+2)","0,0515","(\infty, 25, 35, 5, 40, 26, 45, \infty, 21, 2, 16, 29, 11, 1) (39, 41, 37, 34, 7, 46, 30, 4, 44, 32, 15, 17, 13, 10, 31, 22, 6, 28, 20, 8) (42, 36, 43, 18, 12, 19) (47, 27, 38, 33, 0) (23, 3, 14, 9, 24) "
"OP(14,20,6,4,3,3)",0,Solved,"0,2190"," (4t+2)","0,2255","(\infty, 45, 3, 2, 7, 20, 39, \infty, 15, 44, 31, 26, 27, 21) (23, 43, 16, 38, 22, 36, 13, 5, 41, 10, 47, 19, 40, 14, 46, 12, 37, 29, 17, 34) (6, 4, 0, 30, 28, 24) (18, 9, 42, 33) (1, 8, 11) (25, 32, 35) "
"OP(14,20,5,5,3,3)",0,Solved,"0,0600"," (4t+2)","0,0634","(\infty, 45, 4, 32, 0, 33, 39, \infty, 15, 9, 24, 8, 28, 21) (6, 40, 43, 41, 31, 5, 35, 46, 34, 3, 30, 16, 19, 17, 7, 29, 11, 22, 10, 27) (2, 25, 44, 36, 37) (26, 1, 20, 12, 13) (42, 47, 38) (18, 23, 14) "
"OP(21,13,5,4,4,3)",,Infeasible,,Table config is not valid,,
"OP(14,20,4,4,4,4)",0,Solved,"0,0890"," (4t+2)","0,0929","(\infty, \infty, 23, 13, 40, 22, 44, 19, 43, 20, 46, 16, 37, 47) (11, 30, 15, 9, 14, 7, 3, 0, 2, 1, 35, 6, 39, 33, 38, 31, 27, 24, 26, 25) (21, 12, 4, 32) (45, 36, 28, 8) (17, 34, 18, 5) (41, 10, 42, 29) "
"OP(14,20,4,3,3,3,3)",0,Solved,"0,1800"," (4t+2)","0,1838","(\infty, 29, 6, 27, 36, 33, 15, \infty, 39, 9, 12, 3, 30, 5) (20, 31, 35, 28, 18, 1, 34, 8, 43, 24, 44, 7, 11, 4, 42, 25, 10, 32, 19, 0) (45, 37, 21, 13) (40, 26, 38) (16, 2, 14) (46, 47, 41) (22, 23, 17) "
"OP(6,12,12,20)",0,Solved,"0,0470"," (4t+2)","0,0507","(\infty, 16, 44, \infty, 20, 40) (6, 5, 3, 9, 12, 19, 4, 0, 31, 18, 10, 1) (30, 29, 27, 33, 36, 43, 28, 24, 7, 42, 34, 25) (17, 39, 23, 13, 2, 14, 32, 11, 45, 22, 41, 15, 47, 37, 26, 38, 8, 35, 21, 46) "
"OP(12,12,20,6)",0,Solved,"0,1180"," (4t+2)","0,1214","(\infty, 13, 43, 17, 38, 23, \infty, 47, 14, 41, 19, 37) (9, 3, 2, 12, 20, 45, 33, 27, 26, 36, 44, 21) (10, 1, 6, 8, 15, 29, 40, 11, 46, 18, 34, 25, 30, 32, 39, 5, 16, 35, 22, 42) (0, 4, 7, 24, 28, 31) "
"OP(12,12,20,3,3)",0,Solved,"0,1560"," (4t+2)","0,1599","(\infty, 41, 22, 36, 14, 45, \infty, 21, 38, 12, 46, 17) (13, 8, 4, 1, 0, 2, 37, 32, 28, 25, 24, 26) (47, 20, 11, 3, 9, 16, 34, 18, 7, 43, 23, 44, 35, 27, 33, 40, 10, 42, 31, 19) (5, 15, 30) (29, 39, 6) "
"OP(8,12,10,20)",0,Solved,"0,0480"," (4t+2)","0,0517","(\infty, 6, 39, 16, \infty, 40, 15, 30) (3, 37, 0, 28, 44, 9, 27, 13, 24, 4, 20, 33) (32, 1, 47, 42, 34, 8, 25, 23, 18, 10) (31, 35, 41, 5, 26, 36, 45, 46, 43, 14, 7, 11, 17, 29, 2, 12, 21, 22, 19, 38) "
"OP(4,12,10,4,20)",0,Solved,"0,0530"," (4t+2)","0,0567","(\infty, 20, \infty, 44) (45, 14, 5, 3, 6, 11, 21, 38, 29, 27, 30, 35) (15, 4, 0, 12, 13, 39, 28, 24, 36, 37) (7, 1, 31, 25) (40, 8, 42, 9, 2, 10, 23, 43, 22, 41, 16, 32, 18, 33, 26, 34, 47, 19, 46, 17) "
"OP(10,12,20,8)",0,Solved,"0,0730"," (4t+2)","0,0785","(\infty, 3, 4, 6, 9, \infty, 33, 30, 28, 27) (21, 46, 35, 5, 1, 18, 45, 22, 11, 29, 25, 42) (26, 13, 8, 14, 23, 39, 17, 36, 44, 16, 2, 37, 32, 38, 47, 15, 41, 12, 20, 40) (7, 0, 10, 43, 31, 24, 34, 19) "
"OP(21,12,9,5,3)",,Infeasible,,Table config is not valid,,
"OP(10,12,20,4,4)",0,Solved,"0,0750"," (4t+2)","0,0805","(\infty, 4, 5, 7, 2, \infty, 26, 31, 29, 28) (19, 41, 22, 13, 3, 20, 43, 17, 46, 37, 27, 44) (10, 42, 6, 0, 8, 45, 15, 35, 14, 1, 34, 18, 30, 24, 32, 21, 39, 11, 38, 25) (9, 12, 16, 23) (33, 36, 40, 47) "
"OP(4,12,8,6,20)",0,Solved,"0,0420"," (4t+2)","0,0468","(\infty, 10, \infty, 34) (30, 35, 20, 13, 27, 36, 6, 11, 44, 37, 3, 12) (2, 23, 7, 43, 26, 47, 31, 19) (42, 0, 28, 18, 24, 4) (17, 39, 16, 14, 33, 22, 21, 8, 5, 1, 41, 15, 40, 38, 9, 46, 45, 32, 29, 25) "
"OP(6,12,8,20,4)",0,Solved,"0,0420"," (4t+2)","0,0474","(\infty, 2, 4, \infty, 28, 26) (5, 9, 17, 22, 45, 16, 29, 33, 41, 46, 21, 40) (27, 37, 7, 6, 3, 13, 31, 30) (47, 10, 42, 15, 43, 12, 0, 14, 8, 1, 23, 34, 18, 39, 19, 36, 24, 38, 32, 25) (20, 11, 44, 35) "
"OP(4,12,8,20,3,3)",0,Solved,"0,0850"," (4t+2)","0,0886","(\infty, 15, \infty, 39) (9, 40, 19, 6, 10, 8, 33, 16, 43, 30, 34, 32) (0, 5, 45, 42, 24, 29, 21, 18) (2, 17, 11, 12, 46, 7, 23, 3, 14, 4, 26, 41, 35, 36, 22, 31, 47, 27, 38, 28) (1, 20, 13) (25, 44, 37) "
"OP(4,12,7,7,20)",0,Solved,"0,0370"," (4t+2)","0,0415","(\infty, \infty, 23, 47) (3, 19, 44, 18, 45, 15, 27, 43, 20, 42, 21, 39) (11, 16, 36, 22, 14, 10, 1) (35, 40, 12, 46, 38, 34, 25) (2, 13, 32, 17, 4, 5, 7, 0, 6, 9, 26, 37, 8, 41, 28, 29, 31, 24, 30, 33) "
"OP(8,12,20,6,4)",0,Solved,"0,2210"," (4t+2)","0,2251","(\infty, 43, 2, 13, \infty, 37, 26, 19) (0, 12, 34, 9, 29, 15, 24, 36, 10, 33, 5, 39) (14, 45, 47, 4, 3, 30, 1, 11, 17, 20, 38, 21, 23, 28, 27, 6, 25, 35, 41, 44) (7, 22, 18, 31, 46, 42) (8, 16, 32, 40) "
"OP(8,12,20,5,5)",0,Solved,"0,0550"," (4t+2)","0,0589","(\infty, 30, 3, 22, \infty, 46, 27, 6) (17, 31, 5, 40, 24, 44, 41, 7, 29, 16, 0, 20) (8, 13, 25, 19, 26, 34, 9, 18, 35, 36, 32, 37, 1, 43, 2, 10, 33, 42, 11, 12) (47, 14, 4, 15, 45) (23, 38, 28, 39, 21) "
"OP(8,12,20,4,3,3)",0,Solved,"0,4340"," (4t+2)","0,4385","(\infty, 6, 35, 40, \infty, 16, 11, 30) (18, 45, 10, 41, 31, 19, 42, 21, 34, 17, 7, 43) (46, 14, 5, 3, 36, 8, 1, 0, 4, 44, 22, 38, 29, 27, 12, 32, 25, 24, 28, 20) (9, 15, 33, 39) (13, 47, 2) (37, 23, 26) "
"OP(6,12,6,6,20)",0,Solved,"0,0430"," (4t+2)","0,0462","(\infty, 46, 14, \infty, 38, 22) (6, 5, 3, 10, 19, 40, 30, 29, 27, 34, 43, 16) (4, 0, 36, 23, 9, 1) (28, 24, 12, 47, 33, 25) (39, 17, 37, 8, 2, 7, 18, 35, 20, 45, 15, 41, 13, 32, 26, 31, 42, 11, 44, 21) "
"OP(6,12,6,20,3,3)",0,Solved,"0,1190"," (4t+2)","0,1234","(\infty, 7, 35, \infty, 11, 31) (42, 0, 5, 43, 46, 20, 18, 24, 29, 19, 22, 44) (27, 34, 2, 3, 10, 26) (8, 38, 17, 28, 16, 47, 12, 21, 13, 9, 32, 14, 41, 4, 40, 23, 36, 45, 37, 33) (15, 30, 1) (39, 6, 25) "
"OP(4,12,6,4,4,20)",0,Solved,"0,0440"," (4t+2)","0,0477","(\infty, 20, \infty, 44) (3, 11, 21, 41, 15, 42, 27, 35, 45, 17, 39, 18) (12, 46, 23, 36, 22, 47) (19, 14, 10, 1) (43, 38, 34, 25) (2, 13, 32, 16, 4, 5, 7, 0, 6, 9, 26, 37, 8, 40, 28, 29, 31, 24, 30, 33) "
"OP(4,12,5,5,4,20)",0,Solved,"0,0430"," (4t+2)","0,0469","(\infty, 20, \infty, 44) (3, 16, 8, 19, 35, 47, 27, 40, 32, 43, 11, 23) (42, 46, 21, 39, 13) (18, 22, 45, 15, 37) (10, 1, 34, 25) (2, 12, 17, 38, 4, 5, 7, 0, 6, 9, 26, 36, 41, 14, 28, 29, 31, 24, 30, 33) "
"OP(6,12,20,4,4,4)",0,Solved,"0,1250"," (4t+2)","0,1301","(\infty, 3, 13, \infty, 37, 27) (7, 11, 0, 12, 34, 1, 31, 35, 24, 36, 10, 25) (43, 22, 17, 4, 18, 38, 47, 16, 15, 44, 19, 46, 41, 28, 42, 14, 23, 40, 39, 20) (6, 9, 2, 8) (30, 33, 26, 32) (45, 5, 21, 29) "
"OP(6,12,20,3,3,3,3)",0,Solved,"0,0620"," (4t+2)","0,0666","(\infty, 44, 24, \infty, 0, 20) (31, 34, 46, 39, 28, 33, 7, 10, 22, 15, 4, 9) (3, 37, 47, 41, 45, 36, 38, 6, 35, 2, 27, 13, 23, 17, 21, 12, 14, 30, 11, 26) (32, 5, 40) (8, 29, 16) (43, 42, 25) (19, 18, 1) "
"OP(4,12,4,4,20,3,3)",0,Solved,"0,0520"," (4t+2)","0,0583","(\infty, 2, \infty, 26) (4, 5, 7, 10, 17, 33, 28, 29, 31, 34, 41, 9) (16, 27, 13, 46) (40, 3, 37, 22) (19, 45, 18, 38, 15, 23, 6, 0, 12, 8, 43, 21, 42, 14, 39, 47, 30, 24, 36, 32) (1, 20, 11) (25, 44, 35) "
"OP(8,11,11,20)",0,Solved,"0,0530"," (4t+2)","0,0570","(\infty, 42, 17, 44, \infty, 20, 41, 18) (6, 3, 5, 13, 14, 4, 0, 11, 23, 10, 1) (30, 27, 29, 37, 38, 28, 24, 35, 47, 34, 25) (43, 15, 31, 9, 2, 8, 22, 40, 21, 36, 19, 39, 7, 33, 26, 32, 46, 16, 45, 12) "
"OP(4,11,11,4,20)",0,Solved,"0,0580"," (4t+2)","0,0633","(\infty, 1, \infty, 25) (2, 3, 9, 5, 13, 10, 21, 6, 18, 38, 12) (26, 27, 33, 29, 37, 34, 45, 30, 42, 14, 36) (0, 7, 24, 31) (4, 47, 8, 22, 20, 39, 16, 43, 11, 41, 28, 23, 32, 46, 44, 15, 40, 19, 35, 17) "
"OP(12,20,10,8)",0,Solved,"0,0720"," (4t+2)","0,0764","(\infty, 3, 4, 6, 9, 17, \infty, 41, 33, 30, 28, 27) (18, 35, 5, 1, 15, 26, 13, 8, 14, 23, 42, 11, 29, 25, 39, 2, 37, 32, 38, 47) (43, 16, 36, 20, 45, 19, 40, 12, 44, 21) (7, 0, 10, 46, 31, 24, 34, 22) "
"OP(21,11,10,5,3)",,Infeasible,,Table config is not valid,,
"OP(12,20,10,4,4)",0,Solved,"0,0460"," (4t+2)","0,0520","(\infty, 43, 41, 26, 29, 39, \infty, 15, 5, 2, 17, 19) (30, 0, 36, 37, 42, 38, 1, 21, 46, 40, 6, 24, 12, 13, 18, 14, 25, 45, 22, 16) (34, 7, 23, 32, 3, 10, 31, 47, 8, 27) (33, 11, 28, 20) (9, 35, 4, 44) "
"OP(12,20,9,9)",0,Solved,"0,0430"," (4t+2)","0,0476","(\infty, 3, 32, 39, 6, 31, \infty, 7, 30, 15, 8, 27) (25, 43, 33, 5, 40, 28, 2, 34, 38, 35, 1, 19, 9, 29, 16, 4, 26, 10, 14, 11) (47, 36, 44, 42, 37, 46, 45, 24, 41) (23, 12, 20, 18, 13, 22, 21, 0, 17) "
"OP(21,11,9,6,3)",,Infeasible,,Table config is not valid,,
"OP(21,11,9,5,4)",,Infeasible,,Table config is not valid,,
"OP(21,11,9,3,3,3)",,Infeasible,,Table config is not valid,,
"OP(21,11,8,7,3)",,Infeasible,,Table config is not valid,,
"OP(12,20,8,6,4)",0,Solved,"0,2490"," (4t+2)","0,2525","(\infty, 0, 41, 11, 5, 8, \infty, 32, 29, 35, 17, 24) (14, 2, 37, 4, 43, 33, 10, 6, 20, 21, 38, 26, 13, 28, 19, 9, 34, 30, 44, 45) (40, 12, 23, 42, 16, 36, 47, 18) (46, 3, 1, 22, 27, 25) (15, 7, 39, 31) "
"OP(12,20,8,5,5)",0,Solved,"0,0410"," (4t+2)","0,0453","(\infty, 40, 10, 22, 47, 18, \infty, 42, 23, 46, 34, 16) (36, 8, 19, 45, 13, 30, 15, 7, 1, 2, 12, 32, 43, 21, 37, 6, 39, 31, 25, 26) (4, 11, 20, 41, 28, 35, 44, 17) (9, 14, 0, 3, 5) (33, 38, 24, 27, 29) "
"OP(12,20,8,4,3,3)",0,Solved,"0,2490"," (4t+2)","0,2533","(\infty, 2, 1, 7, 11, 18, \infty, 42, 35, 31, 25, 26) (9, 37, 20, 8, 19, 34, 47, 15, 41, 14, 33, 13, 44, 32, 43, 10, 23, 39, 17, 38) (46, 21, 12, 4, 22, 45, 36, 28) (6, 16, 30, 40) (0, 3, 5) (24, 27, 29) "
"OP(12,20,7,7,4)",0,Solved,"0,0420"," (4t+2)","0,0462","(\infty, 8, 18, 45, 14, 34, \infty, 10, 38, 21, 42, 32) (19, 12, 7, 4, 0, 2, 3, 9, 22, 6, 43, 36, 31, 28, 24, 26, 27, 33, 46, 30) (15, 23, 41, 16, 35, 13, 1) (39, 47, 17, 40, 11, 37, 25) (20, 5, 44, 29) "
"OP(21,11,7,6,5)",,Infeasible,,Table config is not valid,,
"OP(21,11,7,5,3,3)",,Infeasible,,Table config is not valid,,
"OP(21,11,7,4,4,3)",,Infeasible,,Table config is not valid,,
"OP(12,20,6,6,6)",0,Solved,"0,0420"," (4t+2)","0,0461","(\infty, 6, 18, 8, 41, 10, \infty, 34, 17, 32, 42, 30) (21, 12, 7, 4, 0, 2, 3, 9, 16, 5, 45, 36, 31, 28, 24, 26, 27, 33, 40, 29) (46, 23, 37, 15, 35, 19) (22, 47, 13, 39, 11, 43) (1, 20, 38, 25, 44, 14) "
"OP(12,20,6,6,3,3)",0,Solved,"0,0540"," (4t+2)","0,0585","(\infty, 2, 4, 7, 6, 12, \infty, 36, 30, 31, 28, 26) (10, 33, 16, 27, 17, 35, 19, 45, 18, 46, 34, 9, 40, 3, 41, 11, 43, 21, 42, 22) (15, 23, 14, 0, 13, 8) (39, 47, 38, 24, 37, 32) (1, 20, 5) (25, 44, 29) "
"OP(21,11,6,5,4,3)",,Infeasible,,Table config is not valid,,
"OP(12,20,6,4,4,4)",0,Solved,"0,1090"," (4t+2)","0,1132","(\infty, 29, 35, 21, 46, 9, \infty, 33, 22, 45, 11, 5) (15, 14, 42, 1, 6, 16, 43, 3, 7, 10, 39, 38, 18, 25, 30, 40, 19, 27, 31, 34) (8, 17, 47, 32, 41, 23) (13, 44, 12, 0) (37, 20, 36, 24) (2, 4, 26, 28) "
"OP(12,20,6,3,3,3,3)",0,Solved,"0,1320"," (4t+2)","0,1361","(\infty, 16, 14, 20, 43, 12, \infty, 36, 19, 44, 38, 40) (15, 1, 11, 37, 2, 9, 21, 5, 8, 0, 39, 25, 35, 13, 26, 33, 45, 29, 32, 24) (7, 6, 10, 31, 30, 34) (41, 4, 22) (17, 28, 46) (18, 3, 23) (42, 27, 47) "
"OP(21,11,5,5,5,3)",,Infeasible,,Table config is not valid,,
"OP(12,20,5,5,4,4)",0,Solved,"0,1250"," (4t+2)","0,1290","(\infty, 39, 3, 4, 6, 9, \infty, 33, 30, 28, 27, 15) (45, 13, 47, 20, 7, 38, 12, 8, 1, 10, 21, 37, 23, 44, 31, 14, 36, 32, 25, 34) (17, 42, 22, 40, 2) (41, 18, 46, 16, 26) (0, 5, 11, 19) (24, 29, 35, 43) "
"OP(21,11,5,4,3,3,3)",,Infeasible,,Table config is not valid,,
"OP(12,20,4,4,4,3,3)",0,Solved,"0,0780"," (4t+2)","0,0821","(\infty, 1, 2, 4, 7, 15, \infty, 39, 31, 28, 26, 25) (3, 38, 16, 23, 9, 5, 0, 6, 35, 17, 27, 14, 40, 47, 33, 29, 24, 30, 11, 41) (19, 36, 8, 44) (43, 12, 32, 20) (13, 22, 37, 46) (10, 21, 42) (34, 45, 18) "
"OP(12,20,3,3,3,3,3,3)",0,Solved,"0,2060"," (4t+2)","0,2104","(\infty, 12, 3, 10, 22, 38, \infty, 14, 46, 34, 27, 36) (42, 11, 41, 13, 32, 47, 20, 7, 21, 43, 18, 35, 17, 37, 8, 23, 44, 31, 45, 19) (1, 4, 9) (25, 28, 33) (16, 15, 5) (40, 39, 29) (2, 6, 0) (26, 30, 24) "
"OP(10,10,10,20)",0,Solved,"0,0520"," (4t+2)","0,0562","(\infty, 1, 2, 4, 9, \infty, 33, 28, 26, 25) (5, 17, 31, 11, 43, 22, 13, 6, 0, 8) (29, 41, 7, 35, 19, 46, 37, 30, 24, 32) (3, 47, 10, 20, 39, 16, 42, 12, 45, 14, 27, 23, 34, 44, 15, 40, 18, 36, 21, 38) "
"OP(4,10,10,6,20)",0,Solved,"0,0460"," (4t+2)","0,0498","(\infty, 1, \infty, 25) (4, 3, 6, 2, 0, 5, 13, 31, 17, 10) (28, 27, 30, 26, 24, 29, 37, 7, 41, 34) (43, 12, 39, 19, 36, 15) (8, 18, 9, 20, 35, 47, 22, 38, 16, 45, 32, 42, 33, 44, 11, 23, 46, 14, 40, 21) "
"OP(6,10,10,20,4)",0,Solved,"0,0680"," (4t+2)","0,0716","(\infty, 9, 21, \infty, 45, 33) (6, 10, 17, 32, 43, 14, 5, 0, 2, 3) (30, 34, 41, 8, 19, 38, 29, 24, 26, 27) (42, 15, 40, 22, 12, 47, 13, 35, 7, 1, 18, 39, 16, 46, 36, 23, 37, 11, 31, 25) (20, 4, 44, 28) "
"OP(4,10,10,20,3,3)",0,Solved,"0,0470"," (4t+2)","0,0505","(\infty, 1, \infty, 25) (4, 3, 6, 2, 0, 5, 13, 31, 17, 10) (28, 27, 30, 26, 24, 29, 37, 7, 41, 34) (47, 38, 18, 8, 19, 35, 22, 44, 15, 40, 23, 14, 42, 32, 43, 11, 46, 20, 39, 16) (36, 21, 9) (12, 45, 33) "
"OP(21,10,9,7,3)",,Infeasible,,Table config is not valid,,
"OP(10,10,20,6,4)",0,Solved,"0,1000"," (4t+2)","0,1039","(\infty, 27, 36, 37, 33, \infty, 9, 13, 12, 3) (1, 34, 26, 47, 44, 25, 10, 2, 23, 20) (31, 38, 6, 42, 32, 4, 39, 5, 35, 24, 7, 14, 30, 18, 8, 28, 15, 29, 11, 0) (41, 46, 40, 17, 22, 16) (43, 45, 19, 21) "
"OP(10,10,20,5,5)",0,Solved,"0,0560"," (4t+2)","0,0598","(\infty, 7, 18, 47, 33, \infty, 9, 23, 42, 31) (12, 21, 17, 2, 28, 36, 45, 41, 26, 4) (13, 6, 16, 44, 27, 15, 14, 8, 5, 10, 37, 30, 40, 20, 3, 39, 38, 32, 29, 34) (35, 22, 24, 1, 19) (11, 46, 0, 25, 43) "
"OP(10,10,20,4,3,3)",0,Solved,"0,4130"," (4t+2)","0,4175","(\infty, 5, 8, 6, 13, \infty, 37, 30, 32, 29) (43, 21, 0, 42, 11, 19, 45, 24, 18, 35) (10, 22, 7, 23, 14, 9, 20, 2, 1, 15, 34, 46, 31, 47, 38, 33, 44, 26, 25, 39) (12, 16, 36, 40) (27, 17, 4) (3, 41, 28) "
"OP(4,10,8,8,20)",0,Solved,"0,0460"," (4t+2)","0,0497","(\infty, 19, \infty, 43) (3, 17, 45, 15, 42, 27, 41, 21, 39, 18) (11, 16, 32, 44, 22, 14, 10, 1) (35, 40, 8, 20, 46, 38, 34, 25) (2, 13, 36, 23, 4, 5, 7, 0, 6, 9, 26, 37, 12, 47, 28, 29, 31, 24, 30, 33) "
"OP(8,10,8,20,4)",0,Solved,"0,1100"," (4t+2)","0,1144","(\infty, 37, 20, 43, \infty, 19, 44, 13) (40, 12, 21, 10, 6, 16, 36, 45, 34, 30) (3, 2, 0, 5, 27, 26, 24, 29) (47, 35, 17, 31, 15, 8, 14, 22, 9, 42, 23, 11, 41, 7, 39, 32, 38, 46, 33, 18) (1, 4, 25, 28) "
"OP(6,10,8,6,20)",0,Solved,"0,1320"," (4t+2)","0,1364","(\infty, 15, 43, \infty, 19, 39) (6, 2, 7, 13, 42, 30, 26, 31, 37, 18) (23, 44, 29, 12, 47, 20, 5, 36) (4, 1, 3, 28, 25, 27) (46, 14, 21, 10, 0, 9, 35, 17, 16, 8, 22, 38, 45, 34, 24, 33, 11, 41, 40, 32) "
"OP(6,10,8,20,3,3)",0,Solved,"0,0670"," (4t+2)","0,0706","(\infty, 45, 23, \infty, 47, 21) (44, 1, 31, 10, 24, 20, 25, 7, 34, 0) (13, 28, 35, 43, 37, 4, 11, 19) (3, 26, 42, 33, 22, 41, 6, 16, 14, 15, 27, 2, 18, 9, 46, 17, 30, 40, 38, 39) (8, 36, 5) (32, 12, 29) "
"OP(4,10,8,4,4,20)",0,Solved,"0,0400"," (4t+2)","0,0443","(\infty, 13, \infty, 37) (10, 38, 22, 44, 21, 34, 14, 46, 20, 45) (23, 11, 0, 18, 47, 35, 24, 42) (2, 6, 16, 7) (26, 30, 40, 31) (17, 9, 3, 1, 4, 5, 19, 36, 15, 8, 41, 33, 27, 25, 28, 29, 43, 12, 39, 32) "
"OP(6,10,7,7,20)",0,Solved,"0,0500"," (4t+2)","0,0542","(\infty, 14, 42, \infty, 18, 38) (17, 5, 3, 12, 23, 41, 29, 27, 36, 47) (7, 4, 0, 15, 16, 6, 1) (31, 28, 24, 39, 40, 30, 25) (11, 43, 22, 9, 2, 10, 32, 13, 44, 21, 35, 19, 46, 33, 26, 34, 8, 37, 20, 45) "
"OP(8,10,20,6,6)",0,Solved,"0,0530"," (4t+2)","0,0568","(\infty, 36, 16, 4, \infty, 28, 40, 12) (42, 7, 37, 23, 39, 18, 31, 13, 47, 15) (46, 17, 34, 19, 8, 1, 2, 11, 21, 44, 22, 41, 10, 43, 32, 25, 26, 35, 45, 20) (9, 14, 6, 0, 3, 5) (33, 38, 30, 24, 27, 29) "
"OP(8,10,20,6,3,3)",0,Solved,"0,0610"," (4t+2)","0,0652","(\infty, 44, 18, 36, \infty, 12, 42, 20) (16, 10, 5, 1, 4, 40, 34, 29, 25, 28) (14, 45, 13, 32, 17, 7, 0, 2, 3, 11, 38, 21, 37, 8, 41, 31, 24, 26, 27, 35) (6, 15, 43, 30, 39, 19) (46, 23, 9) (22, 47, 33) "
"OP(21,10,7,5,4,3)",,Infeasible,,Table config is not valid,,
"OP(8,10,20,4,4,4)",0,Solved,"0,1690"," (4t+2)","0,1733","(\infty, 5, 10, 17, \infty, 41, 34, 29) (2, 4, 8, 16, 37, 26, 28, 32, 40, 13) (7, 19, 9, 23, 38, 18, 35, 22, 44, 15, 31, 43, 33, 47, 14, 42, 11, 46, 20, 39) (45, 36, 6, 3) (21, 12, 30, 27) (1, 0, 25, 24) "
"OP(8,10,20,3,3,3,3)",0,Solved,"0,1910"," (4t+2)","0,1954","(\infty, \infty, 23, 46, 13, 37, 22, 47) (41, 19, 14, 5, 4, 17, 43, 38, 29, 28) (8, 2, 6, 40, 12, 42, 21, 10, 7, 0, 32, 26, 30, 16, 36, 18, 45, 34, 31, 24) (1, 9, 11) (25, 33, 35) (3, 39, 20) (27, 15, 44) "
"OP(4,10,6,6,4,20)",0,Solved,"0,0420"," (4t+2)","0,0459","(\infty, 1, \infty, 25) (2, 3, 9, 5, 13, 26, 27, 33, 29, 37) (6, 16, 35, 15, 42, 17) (30, 40, 11, 39, 18, 41) (0, 7, 24, 31) (4, 47, 8, 10, 22, 19, 45, 12, 44, 14, 28, 23, 32, 34, 46, 43, 21, 36, 20, 38) "
"OP(4,10,6,5,5,20)",0,Solved,"0,0470"," (4t+2)","0,0516","(\infty, 22, \infty, 46) (16, 5, 8, 15, 30, 40, 29, 32, 39, 6) (35, 10, 2, 11, 34, 26) (0, 4, 9, 3, 1) (24, 28, 33, 27, 25) (47, 13, 45, 17, 44, 14, 36, 19, 7, 42, 23, 37, 21, 41, 20, 38, 12, 43, 31, 18) "
"OP(6,10,6,20,4,4)",0,Solved,"0,0530"," (4t+2)","0,0580","(\infty, 2, 4, \infty, 28, 26) (5, 6, 11, 17, 37, 29, 30, 35, 41, 13) (16, 27, 10, 40, 3, 34) (14, 46, 21, 7, 42, 15, 19, 9, 0, 12, 38, 22, 45, 31, 18, 39, 43, 33, 24, 36) (8, 1, 20, 23) (32, 25, 44, 47) "
"OP(4,10,6,4,20,3,3)",0,Solved,"0,1950"," (4t+2)","0,1996","(\infty, 35, \infty, 11) (34, 43, 45, 3, 32, 10, 19, 21, 27, 8) (1, 9, 40, 25, 33, 16) (46, 42, 22, 18) (30, 31, 41, 38, 13, 0, 36, 2, 29, 47, 6, 7, 17, 14, 37, 24, 12, 26, 5, 23) (15, 4, 20) (39, 28, 44) "
"OP(6,10,20,5,5,4)",0,Solved,"0,0480"," (4t+2)","0,0524","(\infty, 8, 14, \infty, 38, 32) (22, 40, 21, 0, 1, 46, 16, 45, 24, 25) (34, 19, 30, 26, 17, 7, 9, 37, 12, 44, 10, 43, 6, 2, 41, 31, 33, 13, 36, 20) (5, 18, 23, 15, 27) (29, 42, 47, 39, 3) (11, 28, 35, 4) "
"OP(4,10,5,5,20,3,3)",0,Solved,"0,0560"," (4t+2)","0,0596","(\infty, 5, \infty, 29) (37, 43, 30, 10, 18, 13, 19, 6, 34, 42) (17, 26, 27, 25, 44) (41, 2, 3, 1, 20) (9, 35, 31, 14, 39, 28, 46, 32, 16, 23, 33, 11, 7, 38, 15, 4, 22, 8, 40, 47) (45, 12, 0) (21, 36, 24) "
"OP(6,10,20,4,4,3,3)",0,Solved,"0,0460"," (4t+2)","0,0503","(\infty, 17, 47, \infty, 23, 41) (39, 20, 43, 12, 0, 15, 44, 19, 36, 24) (8, 9, 22, 42, 16, 5, 3, 13, 45, 11, 32, 33, 46, 18, 40, 29, 27, 37, 21, 35) (7, 14, 6, 2) (31, 38, 30, 26) (1, 4, 10) (25, 28, 34) "
"OP(4,10,4,4,4,4,20)",0,Solved,"0,0530"," (4t+2)","0,0570","(\infty, 1, \infty, 25) (2, 3, 9, 5, 38, 26, 27, 33, 29, 14) (6, 19, 41, 20) (30, 43, 17, 44) (18, 7, 0, 10) (42, 31, 24, 34) (4, 47, 8, 11, 36, 16, 45, 13, 15, 46, 28, 23, 32, 35, 12, 40, 21, 37, 39, 22) "
"OP(4,10,4,20,3,3,3,3)",0,Solved,"0,0980"," (4t+2)","0,1021","(\infty, 10, \infty, 34) (28, 5, 36, 38, 1, 4, 29, 12, 14, 25) (44, 16, 20, 40) (0, 6, 46, 11, 45, 13, 43, 7, 2, 3, 24, 30, 22, 35, 21, 37, 19, 31, 26, 27) (47, 9, 18) (23, 33, 42) (41, 15, 8) (17, 39, 32) "
"OP(4,9,9,8,20)",0,Solved,"0,0470"," (4t+2)","0,0516","(\infty, 18, \infty, 42) (36, 15, 5, 3, 6, 11, 20, 4, 0) (12, 39, 29, 27, 30, 35, 44, 28, 24) (38, 8, 7, 1, 14, 32, 31, 25) (46, 17, 40, 9, 2, 10, 21, 43, 23, 37, 22, 41, 16, 33, 26, 34, 45, 19, 47, 13) "
"OP(8,9,9,20,4)",0,Solved,"0,0550"," (4t+2)","0,0585","(\infty, 38, 13, 44, \infty, 20, 37, 14) (16, 7, 1, 5, 6, 18, 36, 22, 35) (40, 31, 25, 29, 30, 42, 12, 46, 11) (23, 39, 19, 9, 4, 2, 10, 17, 32, 21, 47, 15, 43, 33, 28, 26, 34, 41, 8, 45) (0, 3, 24, 27) "
"OP(6,9,9,6,20)",0,Solved,"0,0880"," (4t+2)","0,0927","(\infty, 0, 2, \infty, 26, 24) (3, 6, 5, 9, 15, 4, 23, 16, 8) (27, 30, 29, 33, 39, 28, 47, 40, 32) (7, 17, 43, 31, 41, 19) (10, 35, 21, 36, 20, 38, 25, 42, 22, 13, 34, 11, 45, 12, 44, 14, 1, 18, 46, 37) "
"OP(6,9,9,20,3,3)",0,Solved,"0,2010"," (4t+2)","0,2052","(\infty, 1, 9, \infty, 33, 25) (13, 18, 4, 22, 47, 10, 36, 16, 3) (37, 42, 28, 46, 23, 34, 12, 40, 27) (15, 11, 8, 6, 5, 21, 38, 19, 7, 0, 39, 35, 32, 30, 29, 45, 14, 43, 31, 24) (44, 17, 2) (20, 41, 26) "
"OP(4,9,9,4,4,20)",0,Solved,"0,0440"," (4t+2)","0,0481","(\infty, 20, \infty, 44) (3, 11, 21, 36, 23, 46, 18, 39, 17) (27, 35, 45, 12, 47, 22, 42, 15, 41) (19, 14, 10, 1) (43, 38, 34, 25) (2, 13, 32, 16, 4, 5, 7, 0, 6, 9, 26, 37, 8, 40, 28, 29, 31, 24, 30, 33) "
"OP(10,20,8,8,4)",0,Solved,"0,0990"," (4t+2)","0,1032","(\infty, 3, 19, 39, 13, \infty, 37, 15, 43, 27) (8, 0, 6, 42, 12, 1, 11, 16, 33, 46, 32, 24, 30, 18, 36, 25, 35, 40, 9, 22) (44, 23, 4, 5, 7, 10, 14, 21) (20, 47, 28, 29, 31, 34, 38, 45) (2, 17, 26, 41) "
"OP(21,9,8,7,5)",,Infeasible,,Table config is not valid,,
"OP(10,20,8,6,6)",0,Solved,"0,0460"," (4t+2)","0,0499","(\infty, 15, 37, 22, 47, \infty, 23, 46, 13, 39) (33, 19, 12, 8, 0, 18, 2, 7, 16, 44, 9, 43, 36, 32, 24, 42, 26, 31, 40, 20) (35, 6, 3, 1, 11, 30, 27, 25) (4, 5, 17, 38, 21, 10) (28, 29, 41, 14, 45, 34) "
"OP(10,20,8,6,3,3)",0,Solved,"0,0490"," (4t+2)","0,0533","(\infty, 14, 3, 13, 16, \infty, 40, 37, 27, 38) (42, 21, 47, 22, 36, 20, 35, 17, 10, 1, 18, 45, 23, 46, 12, 44, 11, 41, 34, 25) (2, 7, 19, 39, 26, 31, 43, 15) (4, 5, 9, 28, 29, 33) (0, 8, 6) (24, 32, 30) "
"OP(21,9,8,5,4,3)",,Infeasible,,Table config is not valid,,
"OP(10,20,8,4,4,4)",0,Solved,"0,1840"," (4t+2)","0,1875","(\infty, 22, 7, 19, 44, \infty, 20, 43, 31, 46) (16, 37, 23, 12, 5, 18, 34, 15, 45, 14, 40, 13, 47, 36, 29, 42, 10, 39, 21, 38) (2, 3, 9, 17, 26, 27, 33, 41) (1, 6, 8, 11) (25, 30, 32, 35) (4, 0, 28, 24) "
"OP(10,20,8,3,3,3,3)",0,Solved,"0,1420"," (4t+2)","0,1460","(\infty, 45, 4, 2, 13, \infty, 37, 26, 28, 21) (6, 7, 16, 38, 23, 42, 12, 39, 19, 44, 30, 31, 40, 14, 47, 18, 36, 15, 43, 20) (41, 9, 22, 34, 17, 33, 46, 10) (1, 5, 11) (25, 29, 35) (3, 0, 8) (27, 24, 32) "
"OP(10,20,7,7,6)",0,Solved,"0,0470"," (4t+2)","0,0505","(\infty, 11, 3, 10, 21, \infty, 45, 34, 27, 35) (38, 18, 44, 19, 40, 22, 39, 23, 13, 1, 14, 42, 20, 43, 16, 46, 15, 47, 37, 25) (2, 36, 17, 8, 4, 5, 7) (26, 12, 41, 32, 28, 29, 31) (0, 6, 9, 24, 30, 33) "
"OP(10,20,7,7,3,3)",0,Solved,"0,1660"," (4t+2)","0,1701","(\infty, 5, 12, 20, 7, \infty, 31, 44, 36, 29) (3, 9, 21, 10, 19, 37, 16, 38, 15, 47, 27, 33, 45, 34, 43, 13, 40, 14, 39, 23) (4, 1, 0, 2, 6, 11, 42) (28, 25, 24, 26, 30, 35, 18) (8, 22, 41) (32, 46, 17) "
"OP(21,9,7,6,4,3)",,Infeasible,,Table config is not valid,,
"OP(21,9,7,5,5,3)",,Infeasible,,Table config is not valid,,
"OP(21,9,7,5,4,4)",,Infeasible,,Table config is not valid,,
"OP(21,9,7,4,3,3,3)",,Infeasible,,Table config is not valid,,
"OP(21,9,6,6,5,3)",,Infeasible,,Table config is not valid,,
"OP(10,20,6,6,4,4)",0,Solved,"0,0590"," (4t+2)","0,0631","(\infty, 3, 4, 6, 9, \infty, 33, 30, 28, 27) (19, 45, 20, 5, 1, 17, 26, 13, 8, 14, 43, 21, 44, 29, 25, 41, 2, 37, 32, 38) (23, 35, 15, 36, 22, 40) (47, 11, 39, 12, 46, 16) (7, 0, 10, 18) (31, 24, 34, 42) "
"OP(10,20,6,5,5,4)",0,Solved,"0,0450"," (4t+2)","0,0490","(\infty, 2, 4, 7, 6, \infty, 30, 31, 28, 26) (13, 45, 33, 16, 27, 17, 43, 22, 42, 12, 37, 21, 9, 40, 3, 41, 19, 46, 18, 36) (23, 15, 34, 47, 39, 10) (5, 0, 14, 8, 1) (29, 24, 38, 32, 25) (20, 11, 44, 35) "
"OP(21,9,6,5,3,3,3)",,Infeasible,,Table config is not valid,,
"OP(10,20,6,4,4,3,3)",0,Solved,"0,1030"," (4t+2)","0,1064","(\infty, 10, 2, 11, 0, \infty, 24, 35, 26, 34) (18, 37, 36, 9, 4, 45, 32, 14, 20, 22, 42, 13, 12, 33, 28, 21, 8, 38, 44, 46) (16, 1, 15, 40, 25, 39) (6, 23, 7, 3) (30, 47, 31, 27) (43, 17, 5) (19, 41, 29) "
"OP(10,20,5,5,5,5)",0,Solved,"0,0400"," (4t+2)","0,0453","(\infty, 16, 37, 5, 4, \infty, 28, 29, 13, 40) (10, 45, 3, 7, 14, 36, 8, 17, 6, 42, 34, 21, 27, 31, 38, 12, 32, 41, 30, 18) (23, 46, 1, 11, 9) (47, 22, 25, 35, 33) (44, 15, 0, 43, 26) (20, 39, 24, 19, 2) "
"OP(10,20,5,5,4,3,3)",0,Solved,"0,1320"," (4t+2)","0,1358","(\infty, 1, 7, 16, 41, \infty, 17, 40, 31, 25) (4, 18, 47, 20, 38, 12, 43, 11, 3, 13, 28, 42, 23, 44, 14, 36, 19, 35, 27, 37) (2, 15, 8, 5, 0) (26, 39, 32, 29, 24) (6, 10, 30, 34) (33, 21, 22) (9, 45, 46) "
"OP(21,9,5,4,4,4,3)",,Infeasible,,Table config is not valid,,
"OP(21,9,5,3,3,3,3,3)",,Infeasible,,Table config is not valid,,
"OP(10,20,4,4,4,4,4)",0,Solved,"0,0470"," (4t+2)","0,0519","(\infty, 4, 7, 11, 6, \infty, 30, 35, 31, 28) (17, 45, 33, 16, 27, 14, 46, 12, 42, 19, 41, 21, 9, 40, 3, 38, 22, 36, 18, 43) (23, 15, 34, 13) (47, 39, 10, 37) (0, 2, 8, 1) (24, 26, 32, 25) (20, 5, 44, 29) "
"OP(10,20,4,4,3,3,3,3)",0,Solved,"0,0670"," (4t+2)","0,0708","(\infty, 45, 39, 46, 37, \infty, 13, 22, 15, 21) (38, 27, 6, 26, 44, 40, 5, 34, 36, 24, 14, 3, 30, 2, 20, 16, 29, 10, 12, 0) (7, 32, 47, 4) (31, 8, 23, 28) (43, 35, 9) (19, 11, 33) (41, 25, 42) (17, 1, 18) "
"OP(6,8,8,8,20)",0,Solved,"0,0990"," (4t+2)","0,1075","(\infty, 0, 2, \infty, 26, 24) (3, 6, 5, 9, 15, 4, 16, 8) (27, 30, 29, 33, 39, 28, 40, 32) (7, 14, 23, 10, 31, 38, 47, 34) (11, 41, 13, 46, 12, 44, 25, 42, 19, 45, 35, 17, 37, 22, 36, 20, 1, 18, 43, 21) "
"OP(8,8,8,20,6)",0,Solved,"0,0790"," (4t+2)","0,0832","(\infty, 30, 3, 0, \infty, 24, 27, 6) (8, 17, 16, 38, 13, 47, 12, 20) (32, 41, 40, 14, 37, 23, 36, 44) (10, 5, 1, 7, 18, 46, 15, 45, 35, 19, 34, 29, 25, 31, 42, 22, 39, 21, 11, 43) (4, 2, 9, 28, 26, 33) "
"OP(8,8,8,20,3,3)",0,Solved,"0,1670"," (4t+2)","0,1705","(\infty, 2, 37, 36, \infty, 12, 13, 26) (24, 38, 32, 25, 47, 27, 44, 39) (0, 14, 8, 1, 23, 3, 20, 15) (11, 43, 46, 7, 34, 4, 42, 40, 29, 6, 35, 19, 22, 31, 10, 28, 18, 16, 5, 30) (33, 45, 41) (9, 21, 17) "
"OP(4,8,8,6,4,20)",0,Solved,"0,0440"," (4t+2)","0,0477","(\infty, 22, \infty, 46) (9, 5, 6, 3, 12, 45, 14, 4) (33, 29, 30, 27, 36, 21, 38, 28) (0, 11, 40, 24, 35, 16) (23, 1, 47, 25) (17, 42, 15, 8, 2, 10, 44, 31, 43, 13, 41, 18, 39, 32, 26, 34, 20, 7, 19, 37) "
"OP(4,8,8,5,5,20)",0,Solved,"0,0390"," (4t+2)","0,0430","(\infty, 6, \infty, 30) (11, 7, 21, 0, 46, 15, 40, 5) (35, 31, 45, 24, 22, 39, 16, 29) (9, 14, 36, 8, 20) (33, 38, 12, 32, 44) (4, 13, 3, 18, 19, 1, 17, 10, 2, 47, 28, 37, 27, 42, 43, 25, 41, 34, 26, 23) "
"OP(6,8,8,20,4,4)",0,Solved,"0,0490"," (4t+2)","0,0525","(\infty, 41, 45, \infty, 21, 17) (46, 40, 31, 32, 42, 44, 47, 24) (22, 16, 7, 8, 18, 20, 23, 0) (37, 3, 33, 6, 39, 34, 5, 25, 38, 2, 13, 27, 9, 30, 15, 10, 29, 1, 14, 26) (36, 4, 35, 43) (12, 28, 11, 19) "
"OP(4,8,8,4,20,3,3)",0,Solved,"0,0450"," (4t+2)","0,0491","(\infty, \infty, 23, 47) (9, 5, 6, 3, 12, 43, 14, 4) (33, 29, 30, 27, 36, 19, 38, 28) (0, 11, 24, 35) (41, 16, 1, 13, 45, 15, 8, 2, 10, 31, 17, 40, 25, 37, 21, 39, 32, 26, 34, 7) (20, 46, 18) (44, 22, 42) "
"OP(8,8,20,7,7)",0,Solved,"0,0760"," (4t+2)","0,0807","(\infty, 35, 0, 1, \infty, 25, 24, 11) (4, 7, 17, 44, 28, 31, 41, 20) (13, 21, 33, 15, 8, 2, 46, 3, 5, 14, 37, 45, 9, 39, 32, 26, 22, 27, 29, 38) (12, 23, 42, 16, 30, 10, 43) (36, 47, 18, 40, 6, 34, 19) "
"OP(4,8,7,7,4,20)",0,Solved,"0,0470"," (4t+2)","0,0500","(\infty, 15, \infty, 39) (42, 12, 5, 3, 18, 36, 29, 27) (37, 16, 7, 4, 0, 11, 23) (13, 40, 31, 28, 24, 35, 47) (6, 1, 30, 25) (17, 43, 20, 10, 2, 8, 9, 22, 38, 21, 41, 19, 44, 34, 26, 32, 33, 46, 14, 45) "
"OP(21,8,7,6,5,3)",,Infeasible,,Table config is not valid,,
"OP(8,8,20,6,4,4)",0,Solved,"0,0710"," (4t+2)","0,0754","(\infty, 35, 0, 1, \infty, 25, 24, 11) (4, 7, 23, 42, 28, 31, 47, 18) (13, 21, 33, 15, 8, 2, 46, 3, 5, 14, 37, 45, 9, 39, 32, 26, 22, 27, 29, 38) (12, 34, 19, 36, 10, 43) (6, 16, 44, 17) (30, 40, 20, 41) "
"OP(8,8,20,5,5,4)",0,Solved,"0,1520"," (4t+2)","0,1560","(\infty, 12, 41, 8, \infty, 32, 17, 36) (26, 27, 35, 13, 2, 3, 11, 37) (34, 46, 14, 16, 7, 28, 15, 9, 43, 20, 10, 22, 38, 40, 31, 4, 39, 33, 19, 44) (0, 5, 1, 21, 18) (24, 29, 25, 45, 42) (47, 6, 23, 30) "
"OP(21,8,7,5,3,3,3)",,Infeasible,,Table config is not valid,,
"OP(8,8,20,4,4,3,3)",0,Solved,"0,1370"," (4t+2)","0,1415","(\infty, 41, 27, 19, \infty, 43, 3, 17) (0, 10, 13, 31, 24, 34, 37, 7) (16, 38, 11, 44, 42, 22, 5, 47, 4, 36, 40, 14, 35, 20, 18, 46, 29, 23, 28, 12) (39, 30, 1, 2) (15, 6, 25, 26) (8, 33, 21) (32, 9, 45) "
"OP(4,8,6,6,6,20)",0,Solved,"0,0410"," (4t+2)","0,0454","(\infty, 19, \infty, 43) (12, 22, 37, 23, 36, 46, 13, 47) (6, 15, 7, 0, 18, 2) (30, 39, 31, 24, 42, 26) (33, 16, 35, 9, 40, 11) (14, 8, 3, 1, 4, 5, 17, 44, 21, 10, 38, 32, 27, 25, 28, 29, 41, 20, 45, 34) "
"OP(6,8,6,6,20,4)",0,Solved,"0,1040"," (4t+2)","0,1073","(\infty, 42, 10, \infty, 34, 18) (9, 37, 46, 2, 33, 13, 22, 26) (5, 3, 0, 12, 39, 16) (29, 27, 24, 36, 15, 40) (20, 7, 41, 47, 32, 14, 4, 11, 19, 45, 44, 31, 17, 23, 8, 38, 28, 35, 43, 21) (1, 6, 25, 30) "
"OP(4,8,6,6,20,3,3)",0,Solved,"0,0590"," (4t+2)","0,0629","(\infty, 13, \infty, 37) (0, 1, 3, 6, 24, 25, 27, 30) (17, 33, 22, 12, 4, 10) (41, 9, 46, 36, 28, 34) (18, 5, 19, 38, 21, 47, 32, 20, 40, 15, 42, 29, 43, 14, 45, 23, 8, 44, 16, 39) (11, 2, 7) (35, 26, 31) "
"OP(6,8,6,20,5,5)",0,Solved,"0,2630"," (4t+2)","0,2676","(\infty, 13, 5, \infty, 29, 37) (36, 2, 3, 24, 12, 26, 27, 0) (7, 16, 42, 31, 40, 18) (46, 4, 1, 6, 10, 17, 32, 14, 45, 47, 22, 28, 25, 30, 34, 41, 8, 38, 21, 23) (44, 15, 35, 19, 9) (20, 39, 11, 43, 33) "
"OP(6,8,6,20,4,3,3)",0,Solved,"0,2490"," (4t+2)","0,2528","(\infty, 2, 0, \infty, 24, 26) (41, 19, 4, 42, 17, 43, 28, 18) (11, 8, 7, 35, 32, 31) (12, 6, 47, 13, 40, 22, 33, 14, 10, 1, 36, 30, 23, 37, 16, 46, 9, 38, 34, 25) (21, 5, 45, 29) (15, 20, 3) (39, 44, 27) "
"OP(4,8,6,4,4,4,20)",0,Solved,"0,0960"," (4t+2)","0,1001","(\infty, 34, \infty, 10) (3, 5, 8, 12, 27, 29, 32, 36) (4, 9, 16, 28, 33, 40) (6, 26, 43, 14) (30, 2, 19, 38) (1, 0, 25, 24) (7, 17, 35, 22, 13, 47, 15, 21, 42, 20, 31, 41, 11, 46, 37, 23, 39, 45, 18, 44) "
"OP(4,8,6,20,3,3,3,3)",0,Solved,"0,0720"," (4t+2)","0,0791","(\infty, 44, \infty, 20) (45, 38, 34, 31, 21, 14, 10, 7) (47, 42, 40, 23, 18, 16) (39, 3, 32, 6, 26, 41, 28, 46, 35, 36, 15, 27, 8, 30, 2, 17, 4, 22, 11, 12) (37, 29, 43) (13, 5, 19) (24, 1, 33) (0, 25, 9) "
"OP(6,8,20,5,5,3,3)",0,Solved,"0,0940"," (4t+2)","0,0976","(\infty, 45, 15, \infty, 39, 21) (3, 22, 23, 44, 27, 46, 47, 20) (9, 24, 12, 4, 26, 17, 1, 14, 7, 13, 33, 0, 36, 28, 2, 41, 25, 38, 31, 37) (10, 6, 16, 11, 8) (34, 30, 40, 35, 32) (42, 19, 5) (18, 43, 29) "
"OP(4,8,5,5,4,4,20)",0,Solved,"0,0530"," (4t+2)","0,0571","(\infty, 21, \infty, 45) (7, 2, 9, 17, 31, 26, 33, 41) (29, 13, 4, 8, 18) (5, 37, 28, 32, 42) (3, 1, 0, 6) (27, 25, 24, 30) (23, 38, 20, 43, 15, 36, 10, 22, 35, 16, 47, 14, 44, 19, 39, 12, 34, 46, 11, 40) "
"OP(6,8,20,4,4,4,4)",0,Solved,"0,0420"," (4t+2)","0,0459","(\infty, \infty, 23, 11, 35, 47) (31, 14, 4, 18, 7, 38, 28, 42) (13, 46, 16, 32, 19, 12, 6, 1, 2, 10, 37, 22, 40, 8, 43, 36, 30, 25, 26, 34) (44, 21, 41, 15) (20, 45, 17, 39) (9, 0, 3, 5) (33, 24, 27, 29) "
"OP(6,8,20,4,3,3,3,3)",0,Solved,"0,1760"," (4t+2)","0,1810","(\infty, 28, 32, \infty, 8, 4) (42, 45, 6, 41, 18, 21, 30, 17) (37, 5, 31, 24, 35, 1, 34, 36, 46, 40, 13, 29, 7, 0, 11, 25, 10, 12, 22, 16) (33, 38, 9, 14) (43, 26, 44) (19, 2, 20) (47, 39, 27) (23, 15, 3) "
"OP(4,8,4,4,4,20,3,3)",0,Solved,"0,0420"," (4t+2)","0,0463","(\infty, 2, \infty, 26) (3, 4, 6, 10, 27, 28, 30, 34) (1, 7, 12, 15) (25, 31, 36, 39) (5, 14, 29, 38) (11, 22, 9, 16, 45, 13, 41, 19, 44, 23, 35, 46, 33, 40, 21, 37, 17, 43, 20, 47) (18, 0, 8) (42, 24, 32) "
"OP(4,8,20,3,3,3,3,3,3)",0,Solved,"0,1140"," (4t+2)","0,1174","(\infty, 8, \infty, 32) (16, 2, 9, 12, 40, 26, 33, 36) (46, 23, 17, 5, 7, 37, 6, 1, 10, 21, 22, 47, 41, 29, 31, 13, 30, 25, 34, 45) (11, 38, 3) (35, 14, 27) (20, 4, 42) (44, 28, 18) (19, 0, 15) (43, 24, 39) "
"OP(21,7,7,7,5,3)",,Infeasible,,Table config is not valid,,
"OP(8,20,7,7,4,4)",0,Solved,"0,0390"," (4t+2)","0,0427","(\infty, \infty, 23, 36, 17, 41, 12, 47) (6, 3, 1, 0, 4, 9, 15, 22, 10, 2, 30, 27, 25, 24, 28, 33, 39, 46, 34, 26) (37, 21, 35, 8, 18, 44, 19) (13, 45, 11, 32, 42, 20, 43) (31, 14, 5, 16) (7, 38, 29, 40) "
"OP(4,7,7,6,6,20)",0,Solved,"0,0510"," (4t+2)","0,0546","(\infty, 1, \infty, 25) (2, 3, 9, 5, 17, 30, 13) (26, 27, 33, 29, 41, 6, 37) (12, 45, 15, 7, 0, 10) (36, 21, 39, 31, 24, 34) (4, 47, 8, 11, 40, 19, 44, 18, 46, 14, 28, 23, 32, 35, 16, 43, 20, 42, 22, 38) "
"OP(6,7,7,6,20,4)",0,Solved,"0,1980"," (4t+2)","0,2024","(\infty, 17, 5, \infty, 29, 41) (11, 3, 47, 2, 16, 21, 42) (35, 27, 23, 26, 40, 45, 18) (1, 12, 10, 25, 36, 34) (13, 19, 0, 20, 7, 14, 4, 22, 6, 15, 37, 43, 24, 44, 31, 38, 28, 46, 30, 39) (9, 8, 33, 32) "
"OP(4,7,7,6,20,3,3)",0,Solved,"0,0450"," (4t+2)","0,0483","(\infty, 2, \infty, 26) (3, 4, 6, 9, 1, 7, 14) (27, 28, 30, 33, 25, 31, 38) (8, 12, 41, 32, 36, 17) (11, 21, 37, 16, 39, 22, 44, 10, 43, 23, 35, 45, 13, 40, 15, 46, 20, 34, 19, 47) (18, 0, 5) (42, 24, 29) "
"OP(6,7,7,20,5,5)",0,Solved,"0,0660"," (4t+2)","0,0699","(\infty, 2, 28, \infty, 4, 26) (33, 37, 6, 40, 32, 38, 5) (9, 13, 30, 16, 8, 14, 29) (45, 24, 1, 36, 7, 46, 43, 42, 44, 39, 21, 0, 25, 12, 31, 22, 19, 18, 20, 15) (23, 34, 41, 3, 35) (47, 10, 17, 27, 11) "
"OP(6,7,7,20,4,3,3)",0,Solved,"0,0680"," (4t+2)","0,0724","(\infty, 20, 4, \infty, 28, 44) (10, 33, 42, 39, 47, 3, 16) (34, 9, 18, 15, 23, 27, 40) (14, 41, 8, 45, 7, 6, 35, 1, 13, 43, 38, 17, 32, 21, 31, 30, 11, 25, 37, 19) (29, 36, 5, 12) (0, 2, 22) (24, 26, 46) "
"OP(4,7,7,4,4,4,20)",0,Solved,"0,0520"," (4t+2)","0,0578","(\infty, 1, \infty, 25) (2, 3, 0, 4, 23, 5, 7) (26, 27, 24, 28, 47, 29, 31) (9, 19, 12, 21) (33, 43, 36, 45) (17, 6, 41, 30) (37, 16, 10, 18, 44, 11, 39, 8, 22, 38, 13, 40, 34, 42, 20, 35, 15, 32, 46, 14) "
"OP(4,7,7,20,3,3,3,3)",0,Solved,"0,1420"," (4t+2)","0,1464","(\infty, 28, \infty, 4) (37, 31, 45, 43, 25, 40, 27) (13, 7, 21, 19, 1, 16, 3) (29, 6, 35, 36, 47, 39, 34, 41, 44, 32, 5, 30, 11, 12, 23, 15, 10, 17, 20, 8) (38, 42, 22) (14, 18, 46) (24, 33, 2) (0, 9, 26) "
"OP(8,20,6,6,6,4)",0,Solved,"0,2190"," (4t+2)","0,2229","(\infty, 35, 19, 41, \infty, 17, 43, 11) (44, 14, 45, 39, 32, 36, 34, 13, 1, 6, 20, 38, 21, 15, 8, 12, 10, 37, 25, 30) (0, 33, 42, 4, 7, 47) (24, 9, 18, 28, 31, 23) (3, 22, 2, 27, 46, 26) (5, 16, 29, 40) "
"OP(8,20,6,6,5,5)",0,Solved,"0,0920"," (4t+2)","0,0952","(\infty, 17, 2, 3, \infty, 27, 26, 41) (1, 6, 8, 19, 37, 20, 47, 22, 35, 15, 25, 30, 32, 43, 13, 44, 23, 46, 11, 39) (45, 5, 34, 18, 12, 9) (21, 29, 10, 42, 36, 33) (4, 38, 16, 7, 0) (28, 14, 40, 31, 24) "
"OP(8,20,6,6,4,3,3)",0,Solved,"0,1110"," (4t+2)","0,1150","(\infty, 45, 0, 15, \infty, 39, 24, 21) (1, 26, 12, 42, 10, 38, 46, 37, 20, 47, 25, 2, 36, 18, 34, 14, 22, 13, 44, 23) (7, 9, 16, 4, 17, 11) (31, 33, 40, 28, 41, 35) (3, 8, 27, 32) (5, 6, 43) (29, 30, 19) "
"OP(8,20,6,5,5,3,3)",0,Solved,"0,1120"," (4t+2)","0,1162","(\infty, 37, 16, 9, \infty, 33, 40, 13) (35, 3, 15, 21, 38, 29, 7, 42, 22, 12, 11, 27, 39, 45, 14, 5, 31, 18, 46, 36) (2, 4, 23, 26, 28, 47) (32, 17, 25, 20, 43) (8, 41, 1, 44, 19) (0, 34, 30) (24, 10, 6) "
"OP(21,7,6,5,4,4,3)",,Infeasible,,Table config is not valid,,
"OP(8,20,6,4,4,4,4)",0,Solved,"0,2280"," (4t+2)","0,2319","(\infty, 11, 1, 47, \infty, 23, 25, 35) (24, 42, 13, 2, 8, 20, 36, 3, 43, 17, 0, 18, 37, 26, 32, 44, 12, 27, 19, 41) (29, 16, 39, 5, 40, 15) (21, 28, 31, 22) (45, 4, 7, 46) (34, 6, 33, 38) (10, 30, 9, 14) "
"OP(8,20,6,4,3,3,3,3)",0,Solved,"0,2890"," (4t+2)","0,2924","(\infty, 1, 7, 11, \infty, 35, 31, 25) (14, 23, 10, 22, 36, 15, 45, 13, 44, 16, 38, 47, 34, 46, 12, 39, 21, 37, 20, 40) (8, 18, 43, 32, 42, 19) (5, 0, 29, 24) (9, 2, 17) (33, 26, 41) (4, 3, 6) (28, 27, 30) "
"OP(21,7,5,5,5,4,3)",,Infeasible,,Table config is not valid,,
"OP(8,20,5,5,4,4,4)",0,Solved,"0,3080"," (4t+2)","0,3131","(\infty, 14, 43, 22, \infty, 46, 19, 38) (20, 7, 18, 34, 16, 36, 11, 45, 23, 13, 44, 31, 42, 10, 40, 12, 35, 21, 47, 37) (17, 5, 0, 3, 9) (41, 29, 24, 27, 33) (2, 1, 8, 4) (26, 25, 32, 28) (15, 6, 39, 30) "
"OP(8,20,5,5,3,3,3,3)",0,Solved,"0,0860"," (4t+2)","0,0894","(\infty, 10, 18, 22, \infty, 46, 42, 34) (43, 21, 4, 23, 0, 12, 44, 11, 39, 9, 19, 45, 28, 47, 24, 36, 20, 35, 15, 33) (40, 6, 17, 8, 13) (16, 30, 41, 32, 37) (14, 7, 1) (38, 31, 25) (3, 5, 2) (27, 29, 26) "
"OP(21,7,5,4,4,3,3,3)",,Infeasible,,Table config is not valid,,
"OP(8,20,4,4,4,4,3,3)",0,Solved,"0,0880"," (4t+2)","0,0915","(\infty, 17, 2, 3, \infty, 27, 26, 41) (1, 8, 19, 33, 11, 20, 38, 22, 42, 13, 25, 32, 43, 9, 35, 44, 14, 46, 18, 37) (45, 5, 10, 7) (21, 29, 34, 31) (12, 39, 16, 47) (36, 15, 40, 23) (4, 6, 0) (28, 30, 24) "
"OP(8,20,4,3,3,3,3,3,3)",0,Solved,"0,0990"," (4t+2)","0,1032","(\infty, 6, 1, 8, \infty, 32, 25, 30) (2, 3, 43, 9, 42, 11, 40, 14, 44, 46, 26, 27, 19, 33, 18, 35, 16, 38, 20, 22) (10, 7, 34, 31) (21, 15, 5) (45, 39, 29) (0, 12, 23) (24, 36, 47) (4, 13, 17) (28, 37, 41) "
"OP(6,6,6,6,6,20)",0,Solved,"0,0770"," (4t+2)","0,0807","(\infty, 15, 41, \infty, 17, 39) (7, 12, 16, 2, 0, 8) (31, 36, 40, 26, 24, 32) (43, 11, 23, 4, 22, 1) (19, 35, 47, 28, 46, 25) (10, 45, 20, 3, 13, 6, 9, 42, 5, 14, 34, 21, 44, 27, 37, 30, 33, 18, 29, 38) "
"OP(6,6,6,6,20,3,3)",0,Solved,"0,1350"," (4t+2)","0,1385","(\infty, 12, 30, \infty, 6, 36) (1, 42, 2, 16, 37, 11) (25, 18, 26, 40, 13, 35) (20, 8, 27, 44, 32, 3) (4, 7, 23, 0, 9, 22, 21, 15, 19, 17, 28, 31, 47, 24, 33, 46, 45, 39, 43, 41) (5, 38, 10) (29, 14, 34) "
"OP(4,6,6,6,4,4,20)",0,Solved,"0,0420"," (4t+2)","0,0454","(\infty, 36, \infty, 12) (35, 41, 33, 4, 37, 40) (11, 17, 9, 28, 13, 16) (31, 47, 24, 7, 23, 0) (2, 38, 39, 46) (26, 14, 15, 22) (27, 45, 34, 43, 30, 44, 42, 32, 5, 25, 3, 21, 10, 19, 6, 20, 18, 8, 29, 1) "
"OP(4,6,6,5,5,4,20)",0,Solved,"0,0440"," (4t+2)","0,0479","(\infty, 1, \infty, 25) (2, 3, 9, 5, 13, 15) (26, 27, 33, 29, 37, 39) (6, 17, 36, 14, 42) (30, 41, 12, 38, 18) (0, 7, 24, 31) (4, 47, 8, 11, 21, 46, 16, 43, 10, 44, 28, 23, 32, 35, 45, 22, 40, 19, 34, 20) "
"OP(6,6,6,20,4,4,4)",0,Solved,"0,1170"," (4t+2)","0,1208","(\infty, 4, 42, \infty, 18, 28) (5, 6, 20, 13, 9, 0) (29, 30, 44, 37, 33, 24) (23, 10, 7, 1, 12, 39, 22, 14, 2, 27, 47, 34, 31, 25, 36, 15, 46, 38, 26, 3) (8, 40, 11, 41) (32, 16, 35, 17) (19, 21, 43, 45) "
"OP(6,6,6,20,3,3,3,3)",0,Solved,"0,2530"," (4t+2)","0,2581","(\infty, 2, 46, \infty, 22, 26) (36, 17, 24, 32, 1, 3) (12, 41, 0, 8, 25, 27) (9, 44, 14, 13, 19, 45, 42, 5, 15, 47, 33, 20, 38, 37, 43, 21, 18, 29, 39, 23) (6, 34, 11) (30, 10, 35) (40, 4, 31) (16, 28, 7) "
"OP(4,6,6,4,4,20,3,3)",0,Solved,"0,0540"," (4t+2)","0,0583","(\infty, 3, \infty, 27) (4, 5, 7, 13, 22, 9) (28, 29, 31, 37, 46, 33) (16, 1, 38, 26) (40, 25, 14, 2) (11, 8, 15, 23, 43, 17, 36, 20, 45, 18, 35, 32, 39, 47, 19, 41, 12, 44, 21, 42) (0, 30, 34) (24, 6, 10) "
"OP(4,6,5,5,5,5,20)",0,Solved,"0,0720"," (4t+2)","0,0753","(\infty, 3, \infty, 27) (41, 0, 6, 17, 24, 30) (9, 21, 20, 42, 23) (33, 45, 44, 18, 47) (11, 15, 2, 10, 1) (35, 39, 26, 34, 25) (12, 7, 5, 8, 28, 13, 38, 22, 40, 19, 36, 31, 29, 32, 4, 37, 14, 46, 16, 43) "
"OP(6,6,20,5,5,4,4)",0,Solved,"0,0370"," (4t+2)","0,0412","(\infty, 2, 18, \infty, 42, 26) (4, 30, 1, 28, 6, 25) (35, 23, 24, 9, 20, 27, 21, 7, 10, 41, 11, 47, 0, 33, 44, 3, 45, 31, 34, 17) (46, 37, 32, 36, 38) (22, 13, 8, 12, 14) (40, 15, 43, 5) (16, 39, 19, 29) "
"OP(4,6,5,5,4,20,3,3)",0,Solved,"0,0430"," (4t+2)","0,0467","(\infty, 9, \infty, 33) (38, 17, 15, 14, 41, 39) (8, 2, 7, 36, 16) (32, 26, 31, 12, 40) (11, 0, 35, 24) (5, 1, 10, 13, 47, 21, 6, 18, 28, 46, 29, 25, 34, 37, 23, 45, 30, 42, 4, 22) (19, 44, 3) (43, 20, 27) "
"OP(6,6,20,4,4,4,3,3)",0,Solved,"0,0710"," (4t+2)","0,0751","(\infty, 4, 32, \infty, 8, 28) (39, 45, 34, 15, 21, 10) (41, 2, 37, 29, 24, 46, 1, 31, 6, 38, 17, 26, 13, 5, 0, 22, 25, 7, 30, 14) (47, 40, 36, 35) (23, 16, 12, 11) (33, 43, 9, 19) (44, 27, 42) (20, 3, 18) "
"OP(6,6,20,3,3,3,3,3,3)",0,Solved,"0,0720"," (4t+2)","0,0767","(\infty, 17, 23, \infty, 47, 41) (1, 13, 42, 25, 37, 18) (15, 11, 4, 6, 9, 10, 38, 46, 8, 21, 39, 35, 28, 30, 33, 34, 14, 22, 32, 45) (36, 2, 27) (12, 26, 3) (44, 29, 7) (20, 5, 31) (0, 16, 43) (24, 40, 19) "
"OP(4,6,4,4,4,4,4,20)",0,Solved,"0,0730"," (4t+2)","0,0781","(\infty, 16, \infty, 40) (13, 44, 18, 37, 20, 42) (21, 7, 3, 23) (45, 31, 27, 47) (22, 4, 43, 11) (46, 28, 19, 35) (12, 9, 36, 33) (1, 8, 41, 5, 10, 0, 6, 14, 15, 2, 25, 32, 17, 29, 34, 24, 30, 38, 39, 26) "
"OP(4,6,4,4,20,3,3,3,3)",0,Solved,"0,1320"," (4t+2)","0,1359","(\infty, 8, \infty, 32) (4, 39, 40, 28, 15, 16) (3, 20, 2, 12) (27, 44, 26, 36) (35, 46, 38, 41, 13, 18, 34, 9, 30, 45, 11, 22, 14, 17, 37, 42, 10, 33, 6, 21) (0, 7, 29) (24, 31, 5) (23, 19, 25) (47, 43, 1) "
"OP(6,20,5,5,5,5,4)",0,Solved,"0,0460"," (4t+2)","0,0508","(\infty, 2, 4, \infty, 28, 26) (6, 7, 10, 45, 33, 16, 27, 43, 22, 12, 30, 31, 34, 21, 9, 40, 3, 19, 46, 36) (17, 42, 23, 15, 37) (41, 18, 47, 39, 13) (5, 0, 14, 8, 1) (29, 24, 38, 32, 25) (20, 11, 44, 35) "
"OP(4,5,5,5,5,20,3,3)",0,Solved,"0,0570"," (4t+2)","0,0613","(\infty, 3, \infty, 27) (14, 7, 5, 15, 46) (38, 31, 29, 39, 22) (41, 11, 0, 40, 13) (17, 35, 24, 16, 37) (21, 2, 8, 12, 9, 4, 19, 18, 6, 20, 45, 26, 32, 36, 33, 28, 43, 42, 30, 44) (1, 23, 10) (25, 47, 34) "
"OP(6,20,5,5,4,4,3,3)",0,Solved,"0,0740"," (4t+2)","0,0786","(\infty, 12, 44, \infty, 20, 36) (7, 45, 17, 19, 2, 10, 14, 40, 13, 1, 31, 21, 41, 43, 26, 34, 38, 16, 37, 25) (0, 23, 8, 15, 9) (24, 47, 32, 39, 33) (3, 6, 11, 22) (27, 30, 35, 46) (18, 4, 5) (42, 28, 29) "
"OP(4,5,5,4,4,4,4,20)",0,Solved,"0,0440"," (4t+2)","0,0488","(\infty, 15, \infty, 39) (3, 11, 21, 41, 18) (27, 35, 45, 17, 42) (20, 47, 12, 46) (44, 23, 36, 22) (19, 14, 10, 1) (43, 38, 34, 25) (2, 13, 32, 16, 4, 5, 7, 0, 6, 9, 26, 37, 8, 40, 28, 29, 31, 24, 30, 33) "
"OP(4,5,5,4,20,3,3,3,3)",0,Solved,"0,0960"," (4t+2)","0,1007","(\infty, 25, \infty, 1) (23, 3, 36, 37, 35) (47, 27, 12, 13, 11) (46, 43, 22, 19) (45, 38, 34, 4, 30, 7, 44, 39, 5, 40, 21, 14, 10, 28, 6, 31, 20, 15, 29, 16) (41, 24, 33) (17, 0, 9) (32, 26, 42) (8, 2, 18) "
"OP(6,20,4,4,4,4,4,4)",0,Solved,"0,0470"," (4t+2)","0,0512","(\infty, \infty, 23, 11, 35, 47) (13, 41, 7, 8, 3, 42, 10, 4, 45, 16, 37, 17, 31, 32, 27, 18, 34, 28, 21, 40) (12, 14, 1, 9) (36, 38, 25, 33) (15, 5, 22, 0) (39, 29, 46, 24) (6, 43, 20, 2) (30, 19, 44, 26) "
"OP(6,20,4,4,4,3,3,3,3)",0,Solved,"0,5480"," (4t+2)","0,5512","(\infty, 34, 38, \infty, 14, 10) (9, 26, 20, 39, 42, 24, 4, 29, 8, 40, 33, 2, 44, 15, 18, 0, 28, 5, 32, 16) (25, 36, 37, 47) (1, 12, 13, 23) (45, 6, 21, 30) (43, 41, 7) (19, 17, 31) (11, 3, 46) (35, 27, 22) "
"OP(6,20,3,3,3,3,3,3,3,3)",0,Solved,"0,3520"," (4t+2)","0,3562","(\infty, 33, 47, \infty, 23, 9) (40, 25, 3, 43, 34, 4, 24, 45, 38, 41, 16, 1, 27, 19, 10, 28, 0, 21, 14, 17) (35, 46, 29) (11, 22, 5) (6, 42, 44) (30, 18, 20) (2, 15, 31) (26, 39, 7) (37, 32, 36) (13, 8, 12) "
"OP(4,4,4,4,4,4,20,3,3)",0,Solved,"0,0550"," (4t+2)","0,0585","(\infty, 42, \infty, 18) (33, 38, 1, 31) (9, 14, 25, 7) (36, 3, 28, 0) (12, 27, 4, 24) (39, 32, 15, 8) (26, 47, 46, 30, 43, 5, 34, 40, 44, 41, 2, 23, 22, 6, 19, 29, 10, 16, 20, 17) (37, 45, 11) (13, 21, 35) "
"OP(4,4,4,20,3,3,3,3,3,3)",0,Solved,"0,0440"," (4t+2)","0,0475","(\infty, 2, \infty, 26) (4, 5, 7, 10) (28, 29, 31, 34) (18, 33, 16, 27, 17, 38, 47, 21, 37, 19, 42, 9, 40, 3, 41, 14, 23, 45, 13, 43) (15, 22, 35) (39, 46, 11) (0, 12, 8) (24, 36, 32) (1, 20, 6) (25, 44, 30) "
"OP(20,20,10)",0,Solved,"0,0700"," (4t+2)","0,0740","(\infty, 1, 4, 8, 13, 21, 39, 22, 36, 11, \infty, 35, 12, 46, 15, 45, 37, 32, 28, 25) (2, 3, 9, 16, 31, 42, 30, 14, 5, 24, 26, 27, 33, 40, 7, 18, 6, 38, 29, 0) (10, 20, 41, 19, 47, 34, 44, 17, 43, 23) "
"OP(4,6)",0,Solved,"0,0750"," (4t+2)","0,0787","(\infty, 3, \infty, 27) (41, 0, 6, 17, 24, 30) "
"OP(20,20,6,4)",0,Solved,"0,0490"," (4t+2)","0,0524","(\infty, 5, 12, 21, 9, 22, 37, 18, 41, 23, \infty, 47, 17, 42, 13, 46, 33, 45, 36, 29) (0, 2, 3, 6, 10, 15, 32, 43, 16, 38, 24, 26, 27, 30, 34, 39, 8, 19, 40, 14) (35, 7, 1, 11, 31, 25) (20, 4, 44, 28) "
"OP(20,20,5,5)",0,Solved,"0,0540"," (4t+2)","0,0595","(\infty, 15, 8, 41, 7, 4, 14, 18, 46, 23, \infty, 47, 22, 42, 38, 28, 31, 17, 32, 39) (9, 20, 1, 3, 12, 0, 6, 11, 10, 2, 33, 44, 25, 27, 36, 24, 30, 35, 34, 26) (5, 40, 13, 43, 21) (29, 16, 37, 19, 45) "
"OP(20,20,4,3,3)",0,Solved,"0,1210"," (4t+2)","0,1252","(\infty, 13, 46, 16, 45, 14, 5, 15, 47, 19, \infty, 43, 23, 39, 29, 38, 21, 40, 22, 37) (3, 1, 4, 9, 2, 6, 0, 8, 20, 41, 27, 25, 28, 33, 26, 30, 24, 32, 44, 17) (7, 18, 31, 42) (36, 10, 11) (12, 34, 35) "
OP(12),0,Solved,"0,0480"," (4t+2)","0,0516","(\infty, 11, 39, 17, 44, 21, \infty, 45, 20, 41, 15, 35) "
"OP(4,8)",0,Solved,"0,0430"," (4t+2)","0,0471","(\infty, 1, \infty, 25) (23, 3, 9, 2, 47, 27, 33, 26) "
"OP(8,4)",0,Solved,"0,0740"," (4t+2)","0,0780","(\infty, 5, 42, 15, \infty, 39, 18, 29) (6, 13, 30, 37) "
"OP(6,6)",0,Solved,"0,0770"," (4t+2)","0,0810","(\infty, 44, 36, \infty, 12, 20) (39, 0, 13, 15, 24, 37) "
"OP(6,3,3)",0,Solved,"0,0540"," (4t+2)","0,0582","(\infty, 4, 14, \infty, 38, 28) (34, 47, 20) (10, 23, 44) "
"OP(4,4,4)",0,Solved,"0,0460"," (4t+2)","0,0497","(\infty, 10, \infty, 34) (38, 19, 4, 20) (14, 43, 28, 44) "
"OP(20,18,12)",0,Solved,"0,0700"," (4t+2)","0,0762","(\infty, \infty, 23, 35, 10, 19, 5, 0, 42, 13, 9, 33, 37, 18, 24, 29, 43, 34, 11, 47) (16, 38, 1, 3, 2, 32, 4, 45, 7, 40, 14, 25, 27, 26, 8, 28, 21, 31) (17, 44, 12, 15, 46, 6, 41, 20, 36, 39, 22, 30) "
"OP(4,18,8,20)",0,Solved,"0,0500"," (4t+2)","0,0540","(\infty, 17, \infty, 41) (20, 47, 15, 46, 33, 19, 7, 0, 18, 44, 23, 39, 22, 9, 43, 31, 24, 42) (2, 6, 16, 35, 26, 30, 40, 11) (14, 8, 3, 1, 4, 5, 13, 36, 21, 10, 38, 32, 27, 25, 28, 29, 37, 12, 45, 34) "
"OP(20,18,8,4)",0,Solved,"0,0960"," (4t+2)","0,1002","(\infty, 5, 46, 35, 38, 3, 34, 36, 42, 37, \infty, 13, 18, 12, 10, 27, 14, 11, 22, 29) (41, 45, 26, 40, 30, 4, 43, 31, 1, 17, 21, 2, 16, 6, 28, 19, 7, 25) (44, 24, 39, 47, 20, 0, 15, 23) (32, 33, 8, 9) "
"OP(6,18,6,20)",0,Solved,"0,0560"," (4t+2)","0,0593","(\infty, 43, 17, \infty, 41, 19) (12, 3, 1, 6, 10, 0, 14, 44, 21, 36, 27, 25, 30, 34, 24, 38, 20, 45) (47, 18, 7, 23, 42, 31) (4, 11, 39, 22, 9, 8, 2, 5, 13, 40, 28, 35, 15, 46, 33, 32, 26, 29, 37, 16) "
"OP(20,18,6,6)",0,Solved,"0,0410"," (4t+2)","0,0453","(\infty, 36, 16, 4, 17, 42, 23, 39, 22, 44, \infty, 20, 46, 15, 47, 18, 41, 28, 40, 12) (13, 34, 19, 8, 1, 2, 11, 21, 7, 37, 10, 43, 32, 25, 26, 35, 45, 31) (9, 14, 6, 0, 3, 5) (33, 38, 30, 24, 27, 29) "
"OP(20,18,6,3,3)",0,Solved,"0,1380"," (4t+2)","0,1421","(\infty, 18, 8, 19, 46, 14, 5, 10, 4, 12, \infty, 36, 28, 34, 29, 38, 22, 43, 32, 42) (3, 6, 47, 13, 41, 15, 45, 9, 44, 27, 30, 23, 37, 17, 39, 21, 33, 20) (1, 0, 2, 25, 24, 26) (40, 11, 7) (16, 35, 31) "
"OP(4,18,4,4,20)",0,Solved,"0,0420"," (4t+2)","0,0455","(\infty, 20, \infty, 44) (3, 11, 21, 42, 16, 36, 22, 47, 15, 27, 35, 45, 18, 40, 12, 46, 23, 39) (19, 14, 10, 1) (43, 38, 34, 25) (2, 13, 32, 17, 4, 5, 7, 0, 6, 9, 26, 37, 8, 41, 28, 29, 31, 24, 30, 33) "
"OP(20,18,4,4,4)",0,Solved,"0,0720"," (4t+2)","0,0774","(\infty, 4, 1, 12, 40, 13, 45, 10, 3, 18, \infty, 42, 27, 34, 21, 37, 16, 36, 25, 28) (29, 23, 0, 8, 20, 2, 46, 15, 14, 5, 47, 24, 32, 44, 26, 22, 39, 38) (43, 9, 7, 17) (19, 33, 31, 41) (11, 6, 35, 30) "
"OP(20,18,3,3,3,3)",0,Solved,"0,0580"," (4t+2)","0,0635","(\infty, 38, 18, 5, 34, 44, 30, 23, 46, 4, \infty, 28, 22, 47, 6, 20, 10, 29, 42, 14) (0, 37, 7, 16, 1, 45, 33, 11, 32, 24, 13, 31, 40, 25, 21, 9, 35, 8) (39, 36, 41) (15, 12, 17) (26, 27, 43) (2, 3, 19) "
"OP(14,16,20)",0,Solved,"0,0760"," (4t+2)","0,0800","(\infty, 3, 41, 0, 6, 9, 13, \infty, 37, 33, 30, 24, 17, 27) (43, 12, 35, 20, 15, 2, 10, 1, 19, 36, 11, 44, 39, 26, 34, 25) (8, 7, 5, 16, 28, 47, 21, 42, 14, 46, 32, 31, 29, 40, 4, 23, 45, 18, 38, 22) "
"OP(4,16,10,20)",0,Solved,"0,0480"," (4t+2)","0,0519","(\infty, 17, \infty, 41) (9, 5, 6, 3, 12, 23, 11, 4, 33, 29, 30, 27, 36, 47, 35, 28) (0, 14, 42, 16, 1, 24, 38, 18, 40, 25) (15, 45, 13, 7, 2, 10, 20, 22, 43, 8, 39, 21, 37, 31, 26, 34, 44, 46, 19, 32) "
"OP(10,16,20,4)",0,Solved,"0,0590"," (4t+2)","0,0634","(\infty, 17, 7, 18, 35, \infty, 11, 42, 31, 41) (44, 9, 23, 45, 16, 43, 13, 36, 20, 33, 47, 21, 40, 19, 37, 12) (1, 4, 8, 14, 22, 10, 3, 2, 0, 5, 25, 28, 32, 38, 46, 34, 27, 26, 24, 29) (15, 6, 39, 30) "
"OP(6,16,8,20)",0,Solved,"0,0670"," (4t+2)","0,0701","(\infty, 8, 2, \infty, 26, 32) (4, 0, 1, 3, 6, 11, 18, 39, 28, 24, 25, 27, 30, 35, 42, 15) (47, 14, 5, 13, 23, 38, 29, 37) (41, 10, 45, 20, 46, 16, 36, 7, 19, 33, 17, 34, 21, 44, 22, 40, 12, 31, 43, 9) "
"OP(8,16,20,6)",0,Solved,"0,1850"," (4t+2)","0,1888","(\infty, 43, 8, 17, \infty, 41, 32, 19) (47, 1, 12, 9, 4, 3, 31, 0, 23, 25, 36, 33, 28, 27, 7, 24) (14, 2, 46, 13, 34, 40, 11, 18, 44, 30, 38, 26, 22, 37, 10, 16, 35, 42, 20, 6) (21, 5, 15, 45, 29, 39) "
"OP(8,16,20,3,3)",0,Solved,"0,0820"," (4t+2)","0,0865","(\infty, 17, 2, 3, \infty, 27, 26, 41) (1, 8, 19, 35, 23, 40, 12, 46, 25, 32, 43, 11, 47, 16, 36, 22) (14, 5, 45, 7, 10, 15, 33, 20, 42, 13, 38, 29, 21, 31, 34, 39, 9, 44, 18, 37) (4, 6, 0) (28, 30, 24) "
"OP(4,16,6,4,20)",0,Solved,"0,0510"," (4t+2)","0,0567","(\infty, 1, \infty, 25) (2, 3, 0, 4, 23, 5, 7, 14, 26, 27, 24, 28, 47, 29, 31, 38) (19, 35, 9, 43, 11, 33) (17, 6, 41, 30) (36, 15, 10, 16, 8, 18, 46, 13, 44, 21, 12, 39, 34, 40, 32, 42, 22, 37, 20, 45) "
"OP(4,16,5,5,20)",0,Solved,"0,0170"," (4t+2)","0,0213","(\infty, 20, \infty, 44) (3, 17, 39, 21, 42, 22, 47, 12, 27, 41, 15, 45, 18, 46, 23, 36) (11, 19, 14, 10, 1) (35, 43, 38, 34, 25) (2, 13, 32, 16, 4, 5, 7, 0, 6, 9, 26, 37, 8, 40, 28, 29, 31, 24, 30, 33) "
"OP(6,16,20,4,4)",0,Solved,"0,1200"," (4t+2)","0,1252","(\infty, 2, 4, \infty, 28, 26) (5, 6, 45, 7, 10, 44, 8, 12, 29, 30, 21, 31, 34, 20, 32, 36) (9, 41, 16, 11, 0, 27, 14, 22, 37, 15, 33, 17, 40, 35, 24, 3, 38, 46, 13, 39) (25, 18, 47, 19) (1, 42, 23, 43) "
"OP(4,16,4,20,3,3)",0,Solved,"0,1320"," (4t+2)","0,1364","(\infty, 4, \infty, 28) (5, 3, 10, 18, 9, 6, 1, 7, 29, 27, 34, 42, 33, 30, 25, 31) (15, 16, 39, 40) (26, 44, 17, 46, 13, 0, 14, 45, 8, 12, 2, 20, 41, 22, 37, 24, 38, 21, 32, 36) (35, 19, 47) (11, 43, 23) "
"OP(20,16,14)",0,Solved,"0,0510"," (4t+2)","0,0554","(\infty, 21, 41, 23, 11, 38, 6, 20, 46, 13, \infty, 37, 22, 44, 30, 14, 35, 47, 17, 45) (12, 31, 18, 8, 1, 2, 10, 19, 36, 7, 42, 32, 25, 26, 34, 43) (40, 15, 9, 4, 0, 3, 5, 16, 39, 33, 28, 24, 27, 29) "
"OP(4,16,10,20)",0,Solved,"0,0460"," (4t+2)","0,0499","(\infty, 17, \infty, 41) (9, 5, 6, 3, 12, 23, 11, 4, 33, 29, 30, 27, 36, 47, 35, 28) (0, 14, 42, 16, 1, 24, 38, 18, 40, 25) (15, 45, 13, 7, 2, 10, 20, 22, 43, 8, 39, 21, 37, 31, 26, 34, 44, 46, 19, 32) "
"OP(20,16,10,4)",0,Solved,"0,0530"," (4t+2)","0,0570","(\infty, 10, 21, 9, 8, 5, 12, 40, 22, 44, \infty, 20, 46, 16, 36, 29, 32, 33, 45, 34) (0, 2, 23, 6, 1, 14, 43, 18, 24, 26, 47, 30, 25, 38, 19, 42) (3, 17, 7, 15, 11, 27, 41, 31, 39, 35) (13, 4, 37, 28) "
"OP(6,16,8,20)",0,Solved,"0,0680"," (4t+2)","0,0727","(\infty, 8, 2, \infty, 26, 32) (4, 0, 1, 3, 6, 11, 18, 39, 28, 24, 25, 27, 30, 35, 42, 15) (47, 14, 5, 13, 23, 38, 29, 37) (41, 10, 45, 20, 46, 16, 36, 7, 19, 33, 17, 34, 21, 44, 22, 40, 12, 31, 43, 9) "
"OP(20,16,8,6)",0,Solved,"0,0770"," (4t+2)","0,0825","(\infty, 43, 46, 42, 29, 0, 37, 31, 6, 45, \infty, 21, 30, 7, 13, 24, 5, 18, 22, 19) (38, 4, 25, 41, 36, 44, 34, 32, 14, 28, 1, 17, 12, 20, 10, 8) (27, 47, 40, 39, 3, 23, 16, 15) (35, 2, 33, 11, 26, 9) "
"OP(20,16,8,3,3)",0,Solved,"0,0420"," (4t+2)","0,0461","(\infty, 4, 14, 30, 17, 45, 15, 44, 23, 40, \infty, 16, 47, 20, 39, 21, 41, 6, 38, 28) (8, 19, 11, 7, 1, 2, 9, 18, 32, 43, 35, 31, 25, 26, 33, 42) (22, 10, 36, 13, 46, 34, 12, 37) (0, 5, 3) (24, 29, 27) "
"OP(20,16,7,7)",0,Solved,"0,0510"," (4t+2)","0,0548","(\infty, 44, 17, 5, 6, 3, 16, 45, 38, 4, \infty, 28, 14, 21, 40, 27, 30, 29, 41, 20) (0, 8, 39, 23, 1, 12, 22, 42, 24, 32, 15, 47, 25, 36, 46, 18) (7, 2, 11, 34, 19, 13, 9) (31, 26, 35, 10, 43, 37, 33) "
"OP(4,16,6,4,20)",0,Solved,"0,0490"," (4t+2)","0,0529","(\infty, 1, \infty, 25) (2, 3, 0, 4, 23, 5, 7, 14, 26, 27, 24, 28, 47, 29, 31, 38) (19, 35, 9, 43, 11, 33) (17, 6, 41, 30) (36, 15, 10, 16, 8, 18, 46, 13, 44, 21, 12, 39, 34, 40, 32, 42, 22, 37, 20, 45) "
"OP(4,16,5,5,20)",0,Solved,"0,0190"," (4t+2)","0,0226","(\infty, 20, \infty, 44) (3, 17, 39, 21, 42, 22, 47, 12, 27, 41, 15, 45, 18, 46, 23, 36) (11, 19, 14, 10, 1) (35, 43, 38, 34, 25) (2, 13, 32, 16, 4, 5, 7, 0, 6, 9, 26, 37, 8, 40, 28, 29, 31, 24, 30, 33) "
"OP(20,16,6,4,4)",0,Solved,"0,0970"," (4t+2)","0,1007","(\infty, 17, 2, 3, 1, 13, 23, 9, 22, 43, \infty, 19, 46, 33, 47, 37, 25, 27, 26, 41) (7, 38, 15, 4, 45, 5, 8, 12, 31, 14, 39, 28, 21, 29, 32, 36) (10, 40, 18, 34, 16, 42) (6, 11, 20, 0) (30, 35, 44, 24) "
"OP(20,16,5,5,4)",0,Solved,"0,1280"," (4t+2)","0,1322","(\infty, 46, 17, 7, 2, 0, 1, 9, 13, 6, \infty, 30, 37, 33, 25, 24, 26, 31, 41, 22) (36, 10, 44, 19, 3, 15, 21, 42, 12, 34, 20, 43, 27, 39, 45, 18) (23, 14, 11, 28, 8) (47, 38, 35, 4, 32) (16, 5, 40, 29) "
"OP(4,16,4,20,3,3)",0,Solved,"0,1320"," (4t+2)","0,1352","(\infty, 4, \infty, 28) (5, 3, 10, 18, 9, 6, 1, 7, 29, 27, 34, 42, 33, 30, 25, 31) (15, 16, 39, 40) (26, 44, 17, 46, 13, 0, 14, 45, 8, 12, 2, 20, 41, 22, 37, 24, 38, 21, 32, 36) (35, 19, 47) (11, 43, 23) "
"OP(20,16,4,4,3,3)",0,Solved,"0,0400"," (4t+2)","0,0441","(\infty, 4, 14, 30, 45, 17, 44, 15, 37, 12, \infty, 36, 13, 39, 20, 41, 21, 6, 38, 28) (8, 19, 11, 7, 1, 2, 9, 18, 32, 43, 35, 31, 25, 26, 33, 42) (22, 10, 23, 40) (46, 34, 47, 16) (0, 5, 3) (24, 29, 27) "
"OP(20,15,15)",0,Solved,"0,0410"," (4t+2)","0,0449","(\infty, 1, 4, 10, 3, 2, 0, 5, 9, 17, \infty, 41, 33, 29, 24, 26, 27, 34, 28, 25) (45, 19, 8, 31, 15, 6, 16, 35, 23, 36, 22, 37, 20, 38, 18) (21, 43, 32, 7, 39, 30, 40, 11, 47, 12, 46, 13, 44, 14, 42) "
"OP(4,14,12,20)",0,Solved,"0,0500"," (4t+2)","0,0560","(\infty, 18, \infty, 42) (3, 15, 37, 23, 44, 21, 40, 27, 39, 13, 47, 20, 45, 16) (43, 11, 22, 14, 10, 1, 19, 35, 46, 38, 34, 25) (2, 12, 17, 32, 4, 5, 7, 0, 6, 9, 26, 36, 41, 8, 28, 29, 31, 24, 30, 33) "
"OP(12,14,20,4)",0,Solved,"0,1170"," (4t+2)","0,1210","(\infty, 24, 35, 47, 45, 44, \infty, 20, 21, 23, 11, 0) (38, 41, 37, 6, 33, 25, 43, 14, 17, 13, 30, 9, 1, 19) (28, 5, 27, 34, 39, 26, 46, 32, 42, 36, 4, 29, 3, 10, 15, 2, 22, 8, 18, 12) (31, 40, 7, 16) "
"OP(6,14,10,20)",0,Solved,"0,0960"," (4t+2)","0,1006","(\infty, 6, 4, \infty, 28, 30) (3, 21, 10, 15, 22, 8, 5, 27, 45, 34, 39, 46, 32, 29) (43, 37, 47, 11, 2, 19, 13, 23, 35, 26) (16, 17, 1, 24, 44, 36, 9, 38, 42, 7, 40, 41, 25, 0, 20, 12, 33, 14, 18, 31) "
"OP(10,14,20,6)",0,Solved,"0,0610"," (4t+2)","0,0651","(\infty, 14, 9, 5, 2, \infty, 26, 29, 33, 38) (20, 43, 32, 16, 6, 37, 22, 44, 19, 8, 40, 30, 13, 46) (39, 21, 12, 4, 10, 17, 31, 18, 47, 35, 15, 45, 36, 28, 34, 41, 7, 42, 23, 11) (3, 1, 0, 27, 25, 24) "
"OP(10,14,20,3,3)",0,Solved,"0,0580"," (4t+2)","0,0623","(\infty, 3, 4, 6, 9, \infty, 33, 30, 28, 27) (18, 5, 45, 15, 1, 16, 26, 42, 29, 21, 39, 25, 40, 2) (13, 8, 14, 23, 44, 19, 36, 10, 46, 17, 37, 32, 38, 47, 20, 43, 12, 34, 22, 41) (0, 7, 11) (24, 31, 35) "
"OP(8,14,8,20)",0,Solved,"0,0910"," (4t+2)","0,0950","(\infty, 30, 3, 0, \infty, 24, 27, 6) (7, 15, 14, 23, 13, 44, 12, 31, 39, 38, 47, 37, 20, 36) (40, 10, 5, 1, 16, 34, 29, 25) (18, 43, 17, 45, 9, 22, 11, 4, 2, 8, 42, 19, 41, 21, 33, 46, 35, 28, 26, 32) "
"OP(4,14,8,4,20)",0,Solved,"0,0660"," (4t+2)","0,0699","(\infty, 4, \infty, 28) (5, 6, 2, 11, 14, 20, 39, 29, 30, 26, 35, 38, 44, 15) (3, 8, 10, 40, 27, 32, 34, 16) (7, 0, 31, 24) (43, 23, 12, 46, 13, 1, 9, 41, 18, 45, 19, 47, 36, 22, 37, 25, 33, 17, 42, 21) "
"OP(20,15,7,5,3)",,Infeasible,,Table config is not valid,,
"OP(8,14,20,4,4)",0,Solved,"0,0620"," (4t+2)","0,0659","(\infty, 7, 16, 1, \infty, 25, 40, 31) (14, 43, 35, 47, 12, 42, 15, 38, 19, 11, 23, 36, 18, 39) (2, 13, 45, 17, 10, 0, 6, 9, 5, 4, 26, 37, 21, 41, 34, 24, 30, 33, 29, 28) (20, 3, 8, 22) (44, 27, 32, 46) "
"OP(4,14,6,6,20)",0,Solved,"0,0490"," (4t+2)","0,0529","(\infty, 16, \infty, 40) (36, 23, 15, 24, 2, 44, 33, 12, 47, 39, 0, 26, 20, 9) (4, 3, 1, 18, 11, 8) (28, 27, 25, 42, 35, 32) (45, 22, 37, 19, 14, 30, 10, 29, 17, 7, 21, 46, 13, 43, 38, 6, 34, 5, 41, 31) "
"OP(6,14,6,20,4)",0,Solved,"0,3150"," (4t+2)","0,3185","(\infty, 46, 14, \infty, 38, 22) (6, 3, 8, 17, 16, 35, 18, 30, 27, 32, 41, 40, 11, 42) (0, 4, 2, 24, 28, 26) (19, 39, 12, 5, 13, 23, 9, 44, 21, 10, 43, 15, 36, 29, 37, 47, 33, 20, 45, 34) (7, 1, 31, 25) "
"OP(4,14,6,20,3,3)",0,Solved,"0,0570"," (4t+2)","0,0610","(\infty, 3, \infty, 27) (4, 6, 9, 17, 29, 15, 44, 28, 30, 33, 41, 5, 39, 20) (1, 16, 26, 25, 40, 2) (13, 8, 14, 23, 46, 18, 36, 19, 45, 10, 37, 32, 38, 47, 22, 42, 12, 43, 21, 34) (0, 7, 11) (24, 31, 35) "
"OP(6,14,20,5,5)",0,Solved,"0,0590"," (4t+2)","0,0633","(\infty, 19, 45, \infty, 21, 43) (5, 3, 14, 34, 7, 8, 44, 29, 27, 38, 10, 31, 32, 20) (4, 11, 2, 12, 15, 47, 16, 46, 17, 42, 28, 35, 26, 36, 39, 23, 40, 22, 41, 18) (0, 6, 1, 9, 13) (24, 30, 25, 33, 37) "
"OP(6,14,20,4,3,3)",0,Solved,"0,0810"," (4t+2)","0,0863","(\infty, 36, 10, \infty, 34, 12) (6, 2, 39, 32, 7, 22, 21, 30, 26, 15, 8, 31, 46, 45) (1, 3, 9, 44, 28, 38, 18, 35, 47, 17, 25, 27, 33, 20, 4, 14, 42, 11, 23, 41) (37, 40, 13, 16) (43, 0, 29) (19, 24, 5) "
"OP(4,14,4,4,4,20)",0,Solved,"0,0540"," (4t+2)","0,0586","(\infty, 5, \infty, 29) (43, 40, 8, 9, 21, 36, 47, 19, 16, 32, 33, 45, 12, 23) (34, 13, 30, 39) (10, 37, 6, 15) (27, 17, 3, 41) (31, 2, 28, 20, 14, 18, 11, 46, 0, 25, 7, 26, 4, 44, 38, 42, 35, 22, 24, 1) "
"OP(4,14,20,3,3,3,3)",0,Solved,"0,0470"," (4t+2)","0,0511","(\infty, 4, \infty, 28) (6, 16, 32, 15, 37, 17, 44, 30, 40, 8, 39, 13, 41, 20) (23, 38, 19, 11, 7, 1, 2, 9, 18, 36, 47, 14, 43, 35, 31, 25, 26, 33, 42, 12) (22, 10, 45) (46, 34, 21) (0, 5, 3) (24, 29, 27) "
"OP(4,13,13,20)",0,Solved,"0,0450"," (4t+2)","0,0511","(\infty, 1, \infty, 25) (4, 3, 6, 2, 0, 5, 13, 22, 38, 20, 32, 17, 10) (28, 27, 30, 26, 24, 29, 37, 46, 14, 44, 8, 41, 34) (7, 18, 35, 9, 19, 47, 12, 39, 16, 45, 31, 42, 11, 33, 43, 23, 36, 15, 40, 21) "
"OP(20,14,12,4)",0,Solved,"0,0680"," (4t+2)","0,0725","(\infty, 32, 33, 41, 27, 1, 36, 46, 26, 38, \infty, 14, 2, 22, 12, 25, 3, 17, 9, 8) (43, 45, 24, 40, 34, 5, 28, 19, 21, 0, 16, 10, 29, 4) (44, 7, 37, 42, 39, 35, 20, 31, 13, 18, 15, 11) (47, 30, 23, 6) "
"OP(6,14,10,20)",0,Solved,"0,1080"," (4t+2)","0,1125","(\infty, 6, 4, \infty, 28, 30) (3, 21, 10, 15, 22, 8, 5, 27, 45, 34, 39, 46, 32, 29) (43, 37, 47, 11, 2, 19, 13, 23, 35, 26) (16, 17, 1, 24, 44, 36, 9, 38, 42, 7, 40, 41, 25, 0, 20, 12, 33, 14, 18, 31) "
"OP(20,14,10,6)",0,Solved,"0,1350"," (4t+2)","0,1397","(\infty, \infty, 23, 18, 14, 33, 13, 10, 8, 0, 7, 31, 24, 32, 34, 37, 9, 38, 42, 47) (15, 6, 5, 11, 1, 12, 27, 39, 30, 29, 35, 25, 36, 3) (46, 16, 2, 19, 45, 22, 40, 26, 43, 21) (44, 17, 4, 20, 41, 28) "
"OP(20,14,10,3,3)",0,Solved,"0,0460"," (4t+2)","0,0497","(\infty, 4, 9, 18, 8, 16, 5, 22, 37, 12, \infty, 36, 13, 46, 29, 40, 32, 42, 33, 28) (0, 2, 3, 6, 10, 17, 38, 24, 26, 27, 30, 34, 41, 14) (15, 45, 23, 35, 19, 39, 21, 47, 11, 43) (1, 20, 7) (25, 44, 31) "
"OP(8,14,8,20)",0,Solved,"0,0840"," (4t+2)","0,0873","(\infty, 30, 3, 0, \infty, 24, 27, 6) (7, 15, 14, 23, 13, 44, 12, 31, 39, 38, 47, 37, 20, 36) (40, 10, 5, 1, 16, 34, 29, 25) (18, 43, 17, 45, 9, 22, 11, 4, 2, 8, 42, 19, 41, 21, 33, 46, 35, 28, 26, 32) "
"OP(4,14,8,4,20)",0,Solved,"0,0600"," (4t+2)","0,0654","(\infty, 4, \infty, 28) (5, 6, 2, 11, 14, 20, 39, 29, 30, 26, 35, 38, 44, 15) (3, 8, 10, 40, 27, 32, 34, 16) (7, 0, 31, 24) (43, 23, 12, 46, 13, 1, 9, 41, 18, 45, 19, 47, 36, 22, 37, 25, 33, 17, 42, 21) "
"OP(20,14,8,8)",0,Solved,"0,0540"," (4t+2)","0,0581","(\infty, 40, 19, 4, 20, 39, 21, 38, 10, 36, \infty, 12, 34, 14, 45, 15, 44, 28, 43, 16) (46, 23, 13, 8, 1, 2, 11, 22, 47, 37, 32, 25, 26, 35) (9, 17, 31, 18, 6, 0, 3, 5) (33, 41, 7, 42, 30, 24, 27, 29) "
"OP(4,14,8,4,20)",0,Solved,"0,0650"," (4t+2)","0,0693","(\infty, 4, \infty, 28) (5, 6, 2, 11, 14, 20, 39, 29, 30, 26, 35, 38, 44, 15) (3, 8, 10, 40, 27, 32, 34, 16) (7, 0, 31, 24) (43, 23, 12, 46, 13, 1, 9, 41, 18, 45, 19, 47, 36, 22, 37, 25, 33, 17, 42, 21) "
"OP(20,14,8,4,4)",0,Solved,"0,0730"," (4t+2)","0,0777","(\infty, 32, 18, 6, 3, 13, 14, 46, 11, 44, \infty, 20, 35, 22, 38, 37, 27, 30, 42, 8) (45, 19, 47, 17, 40, 9, 0, 21, 43, 23, 41, 16, 33, 24) (10, 2, 4, 15, 34, 26, 28, 39) (1, 5, 12, 7) (25, 29, 36, 31) "
"OP(4,14,6,6,20)",0,Solved,"0,0490"," (4t+2)","0,0548","(\infty, 16, \infty, 40) (36, 23, 15, 24, 2, 44, 33, 12, 47, 39, 0, 26, 20, 9) (4, 3, 1, 18, 11, 8) (28, 27, 25, 42, 35, 32) (45, 22, 37, 19, 14, 30, 10, 29, 17, 7, 21, 46, 13, 43, 38, 6, 34, 5, 41, 31) "
"OP(6,14,6,20,4)",0,Solved,"0,3070"," (4t+2)","0,3113","(\infty, 46, 14, \infty, 38, 22) (6, 3, 8, 17, 16, 35, 18, 30, 27, 32, 41, 40, 11, 42) (0, 4, 2, 24, 28, 26) (19, 39, 12, 5, 13, 23, 9, 44, 21, 10, 43, 15, 36, 29, 37, 47, 33, 20, 45, 34) (7, 1, 31, 25) "
"OP(4,14,6,20,3,3)",0,Solved,"0,0570"," (4t+2)","0,0615","(\infty, 3, \infty, 27) (4, 6, 9, 17, 29, 15, 44, 28, 30, 33, 41, 5, 39, 20) (1, 16, 26, 25, 40, 2) (13, 8, 14, 23, 46, 18, 36, 19, 45, 10, 37, 32, 38, 47, 22, 42, 12, 43, 21, 34) (0, 7, 11) (24, 31, 35) "
"OP(20,14,6,6,4)",0,Solved,"0,1750"," (4t+2)","0,1782","(\infty, 8, 14, 15, 44, 19, 3, 10, 12, 0, \infty, 24, 36, 34, 27, 43, 20, 39, 38, 32) (18, 7, 17, 4, 22, 2, 11, 42, 31, 41, 28, 46, 26, 35) (47, 13, 5, 1, 16, 21) (23, 37, 29, 25, 40, 45) (6, 9, 30, 33) "
"OP(20,14,6,5,5)",0,Solved,"0,0610"," (4t+2)","0,0657","(\infty, 3, 4, 6, 9, 41, 16, 43, 15, 1, \infty, 25, 39, 19, 40, 17, 33, 30, 28, 27) (44, 26, 13, 8, 14, 23, 42, 20, 2, 37, 32, 38, 47, 18) (5, 36, 21, 29, 12, 45) (11, 7, 0, 10, 22) (35, 31, 24, 34, 46) "
"OP(20,14,6,4,3,3)",0,Solved,"0,1880"," (4t+2)","0,1922","(\infty, 22, 44, 23, 37, 18, 41, 21, 11, 2, \infty, 26, 35, 45, 17, 42, 13, 47, 20, 46) (1, 7, 14, 6, 3, 5, 10, 25, 31, 38, 30, 27, 29, 34) (12, 0, 4, 36, 24, 28) (8, 19, 32, 43) (40, 39, 9) (16, 15, 33) "
"OP(20,14,5,5,3,3)",0,Solved,"0,0650"," (4t+2)","0,0685","(\infty, 4, 9, 18, 8, 16, 5, 22, 37, 12, \infty, 36, 13, 46, 29, 40, 32, 42, 33, 28) (0, 2, 3, 6, 10, 17, 38, 24, 26, 27, 30, 34, 41, 14) (21, 39, 19, 35, 47) (45, 15, 43, 11, 23) (1, 20, 7) (25, 44, 31) "
"OP(4,14,4,4,4,20)",0,Solved,"0,0500"," (4t+2)","0,0537","(\infty, 5, \infty, 29) (43, 40, 8, 9, 21, 36, 47, 19, 16, 32, 33, 45, 12, 23) (34, 13, 30, 39) (10, 37, 6, 15) (27, 17, 3, 41) (31, 2, 28, 20, 14, 18, 11, 46, 0, 25, 7, 26, 4, 44, 38, 42, 35, 22, 24, 1) "
"OP(20,14,4,4,4,4)",0,Solved,"0,0450"," (4t+2)","0,0488","(\infty, 4, 13, 23, 5, 16, 42, 9, 21, 46, \infty, 22, 45, 33, 18, 40, 29, 47, 37, 28) (0, 2, 3, 6, 10, 17, 38, 24, 26, 27, 30, 34, 41, 14) (15, 32, 19, 35) (39, 8, 43, 11) (7, 1, 20, 12) (31, 25, 44, 36) "
"OP(20,14,4,3,3,3,3)",0,Solved,"0,0920"," (4t+2)","0,0956","(\infty, 16, 4, 13, 23, 12, 14, 22, 43, 30, \infty, 6, 19, 46, 38, 36, 47, 37, 28, 40) (7, 8, 39, 5, 1, 44, 11, 31, 32, 15, 29, 25, 20, 35) (27, 9, 3, 33) (41, 18, 34) (17, 42, 10) (0, 45, 26) (24, 21, 2) "
"OP(20,13,13,4)",0,Solved,"0,0540"," (4t+2)","0,0578","(\infty, 4, 12, 21, 8, 18, 38, 13, 40, 22, \infty, 46, 16, 37, 14, 42, 32, 45, 36, 28) (0, 2, 5, 9, 15, 31, 17, 43, 10, 47, 35, 6, 1) (24, 26, 29, 33, 39, 7, 41, 19, 34, 23, 11, 30, 25) (20, 3, 44, 27) "
"OP(6,12,12,20)",0,Solved,"0,0480"," (4t+2)","0,0513","(\infty, 16, 44, \infty, 20, 40) (6, 5, 3, 9, 12, 19, 4, 0, 31, 18, 10, 1) (30, 29, 27, 33, 36, 43, 28, 24, 7, 42, 34, 25) (17, 39, 23, 13, 2, 14, 32, 11, 45, 22, 41, 15, 47, 37, 26, 38, 8, 35, 21, 46) "
"OP(12,12,20,6)",0,Solved,"0,1150"," (4t+2)","0,1207","(\infty, 13, 43, 17, 38, 23, \infty, 47, 14, 41, 19, 37) (9, 3, 2, 12, 20, 45, 33, 27, 26, 36, 44, 21) (10, 1, 6, 8, 15, 29, 40, 11, 46, 18, 34, 25, 30, 32, 39, 5, 16, 35, 22, 42) (0, 4, 7, 24, 28, 31) "
"OP(12,12,20,3,3)",0,Solved,"0,1560"," (4t+2)","0,1631","(\infty, 41, 22, 36, 14, 45, \infty, 21, 38, 12, 46, 17) (13, 8, 4, 1, 0, 2, 37, 32, 28, 25, 24, 26) (47, 20, 11, 3, 9, 16, 34, 18, 7, 43, 23, 44, 35, 27, 33, 40, 10, 42, 31, 19) (5, 15, 30) (29, 39, 6) "
"OP(8,12,10,20)",0,Solved,"0,0500"," (4t+2)","0,0534","(\infty, 6, 39, 16, \infty, 40, 15, 30) (3, 37, 0, 28, 44, 9, 27, 13, 24, 4, 20, 33) (32, 1, 47, 42, 34, 8, 25, 23, 18, 10) (31, 35, 41, 5, 26, 36, 45, 46, 43, 14, 7, 11, 17, 29, 2, 12, 21, 22, 19, 38) "
"OP(4,12,10,4,20)",0,Solved,"0,0530"," (4t+2)","0,0572","(\infty, 20, \infty, 44) (45, 14, 5, 3, 6, 11, 21, 38, 29, 27, 30, 35) (15, 4, 0, 12, 13, 39, 28, 24, 36, 37) (7, 1, 31, 25) (40, 8, 42, 9, 2, 10, 23, 43, 22, 41, 16, 32, 18, 33, 26, 34, 47, 19, 46, 17) "
"OP(10,12,20,8)",0,Solved,"0,0730"," (4t+2)","0,0775","(\infty, 3, 4, 6, 9, \infty, 33, 30, 28, 27) (21, 46, 35, 5, 1, 18, 45, 22, 11, 29, 25, 42) (26, 13, 8, 14, 23, 39, 17, 36, 44, 16, 2, 37, 32, 38, 47, 15, 41, 12, 20, 40) (7, 0, 10, 43, 31, 24, 34, 19) "
"OP(20,13,9,5,3)",,Infeasible,,Table config is not valid,,
"OP(10,12,20,4,4)",0,Solved,"0,0700"," (4t+2)","0,0754","(\infty, 4, 5, 7, 2, \infty, 26, 31, 29, 28) (19, 41, 22, 13, 3, 20, 43, 17, 46, 37, 27, 44) (10, 42, 6, 0, 8, 45, 15, 35, 14, 1, 34, 18, 30, 24, 32, 21, 39, 11, 38, 25) (9, 12, 16, 23) (33, 36, 40, 47) "
"OP(4,12,8,6,20)",0,Solved,"0,0430"," (4t+2)","0,0468","(\infty, 10, \infty, 34) (30, 35, 20, 13, 27, 36, 6, 11, 44, 37, 3, 12) (2, 23, 7, 43, 26, 47, 31, 19) (42, 0, 28, 18, 24, 4) (17, 39, 16, 14, 33, 22, 21, 8, 5, 1, 41, 15, 40, 38, 9, 46, 45, 32, 29, 25) "
"OP(6,12,8,20,4)",0,Solved,"0,0430"," (4t+2)","0,0468","(\infty, 2, 4, \infty, 28, 26) (5, 9, 17, 22, 45, 16, 29, 33, 41, 46, 21, 40) (27, 37, 7, 6, 3, 13, 31, 30) (47, 10, 42, 15, 43, 12, 0, 14, 8, 1, 23, 34, 18, 39, 19, 36, 24, 38, 32, 25) (20, 11, 44, 35) "
"OP(4,12,8,20,3,3)",0,Solved,"0,0810"," (4t+2)","0,0851","(\infty, 15, \infty, 39) (9, 40, 19, 6, 10, 8, 33, 16, 43, 30, 34, 32) (0, 5, 45, 42, 24, 29, 21, 18) (2, 17, 11, 12, 46, 7, 23, 3, 14, 4, 26, 41, 35, 36, 22, 31, 47, 27, 38, 28) (1, 20, 13) (25, 44, 37) "
"OP(4,12,7,7,20)",0,Solved,"0,0380"," (4t+2)","0,0415","(\infty, \infty, 23, 47) (3, 19, 44, 18, 45, 15, 27, 43, 20, 42, 21, 39) (11, 16, 36, 22, 14, 10, 1) (35, 40, 12, 46, 38, 34, 25) (2, 13, 32, 17, 4, 5, 7, 0, 6, 9, 26, 37, 8, 41, 28, 29, 31, 24, 30, 33) "
"OP(8,12,20,6,4)",0,Solved,"0,2240"," (4t+2)","0,2284","(\infty, 43, 2, 13, \infty, 37, 26, 19) (0, 12, 34, 9, 29, 15, 24, 36, 10, 33, 5, 39) (14, 45, 47, 4, 3, 30, 1, 11, 17, 20, 38, 21, 23, 28, 27, 6, 25, 35, 41, 44) (7, 22, 18, 31, 46, 42) (8, 16, 32, 40) "
"OP(8,12,20,5,5)",0,Solved,"0,0530"," (4t+2)","0,0572","(\infty, 30, 3, 22, \infty, 46, 27, 6) (17, 31, 5, 40, 24, 44, 41, 7, 29, 16, 0, 20) (8, 13, 25, 19, 26, 34, 9, 18, 35, 36, 32, 37, 1, 43, 2, 10, 33, 42, 11, 12) (47, 14, 4, 15, 45) (23, 38, 28, 39, 21) "
"OP(8,12,20,4,3,3)",0,Solved,"0,4290"," (4t+2)","0,4326","(\infty, 6, 35, 40, \infty, 16, 11, 30) (18, 45, 10, 41, 31, 19, 42, 21, 34, 17, 7, 43) (46, 14, 5, 3, 36, 8, 1, 0, 4, 44, 22, 38, 29, 27, 12, 32, 25, 24, 28, 20) (9, 15, 33, 39) (13, 47, 2) (37, 23, 26) "
"OP(6,12,6,6,20)",0,Solved,"0,0430"," (4t+2)","0,0471","(\infty, 46, 14, \infty, 38, 22) (6, 5, 3, 10, 19, 40, 30, 29, 27, 34, 43, 16) (4, 0, 36, 23, 9, 1) (28, 24, 12, 47, 33, 25) (39, 17, 37, 8, 2, 7, 18, 35, 20, 45, 15, 41, 13, 32, 26, 31, 42, 11, 44, 21) "
"OP(6,12,6,20,3,3)",0,Solved,"0,1240"," (4t+2)","0,1286","(\infty, 7, 35, \infty, 11, 31) (42, 0, 5, 43, 46, 20, 18, 24, 29, 19, 22, 44) (27, 34, 2, 3, 10, 26) (8, 38, 17, 28, 16, 47, 12, 21, 13, 9, 32, 14, 41, 4, 40, 23, 36, 45, 37, 33) (15, 30, 1) (39, 6, 25) "
"OP(4,12,6,4,4,20)",0,Solved,"0,0420"," (4t+2)","0,0465","(\infty, 20, \infty, 44) (3, 11, 21, 41, 15, 42, 27, 35, 45, 17, 39, 18) (12, 46, 23, 36, 22, 47) (19, 14, 10, 1) (43, 38, 34, 25) (2, 13, 32, 16, 4, 5, 7, 0, 6, 9, 26, 37, 8, 40, 28, 29, 31, 24, 30, 33) "
"OP(4,12,5,5,4,20)",0,Solved,"0,0440"," (4t+2)","0,0482","(\infty, 20, \infty, 44) (3, 16, 8, 19, 35, 47, 27, 40, 32, 43, 11, 23) (42, 46, 21, 39, 13) (18, 22, 45, 15, 37) (10, 1, 34, 25) (2, 12, 17, 38, 4, 5, 7, 0, 6, 9, 26, 36, 41, 14, 28, 29, 31, 24, 30, 33) "
"OP(6,12,20,4,4,4)",0,Solved,"0,1220"," (4t+2)","0,1269","(\infty, 3, 13, \infty, 37, 27) (7, 11, 0, 12, 34, 1, 31, 35, 24, 36, 10, 25) (43, 22, 17, 4, 18, 38, 47, 16, 15, 44, 19, 46, 41, 28, 42, 14, 23, 40, 39, 20) (6, 9, 2, 8) (30, 33, 26, 32) (45, 5, 21, 29) "
"OP(6,12,20,3,3,3,3)",0,Solved,"0,0600"," (4t+2)","0,0652","(\infty, 44, 24, \infty, 0, 20) (31, 34, 46, 39, 28, 33, 7, 10, 22, 15, 4, 9) (3, 37, 47, 41, 45, 36, 38, 6, 35, 2, 27, 13, 23, 17, 21, 12, 14, 30, 11, 26) (32, 5, 40) (8, 29, 16) (43, 42, 25) (19, 18, 1) "
"OP(4,12,4,4,20,3,3)",0,Solved,"0,0530"," (4t+2)","0,0569","(\infty, 2, \infty, 26) (4, 5, 7, 10, 17, 33, 28, 29, 31, 34, 41, 9) (16, 27, 13, 46) (40, 3, 37, 22) (19, 45, 18, 38, 15, 23, 6, 0, 12, 8, 43, 21, 42, 14, 39, 47, 30, 24, 36, 32) (1, 20, 11) (25, 44, 35) "
"OP(20,12,12,6)",0,Solved,"0,1550"," (4t+2)","0,1585","(\infty, 41, 21, 10, 0, 5, 1, 9, 22, 15, \infty, 39, 46, 33, 25, 29, 24, 34, 45, 17) (2, 4, 7, 37, 18, 43, 16, 38, 23, 6, 20, 8) (26, 28, 31, 13, 42, 19, 40, 14, 47, 30, 44, 32) (3, 35, 36, 27, 11, 12) "
"OP(20,12,12,3,3)",0,Solved,"0,0600"," (4t+2)","0,0642","(\infty, 45, 18, 44, 29, 22, 40, 8, 39, 19, \infty, 43, 15, 32, 16, 46, 5, 20, 42, 21) (3, 17, 7, 1, 2, 14, 12, 4, 47, 10, 35, 6) (27, 41, 31, 25, 26, 38, 36, 28, 23, 34, 11, 30) (0, 13, 9) (24, 37, 33) "
"OP(8,11,11,20)",0,Solved,"0,0460"," (4t+2)","0,0506","(\infty, 42, 17, 44, \infty, 20, 41, 18) (6, 3, 5, 13, 14, 4, 0, 11, 23, 10, 1) (30, 27, 29, 37, 38, 28, 24, 35, 47, 34, 25) (43, 15, 31, 9, 2, 8, 22, 40, 21, 36, 19, 39, 7, 33, 26, 32, 46, 16, 45, 12) "
"OP(4,11,11,4,20)",0,Solved,"0,0540"," (4t+2)","0,0585","(\infty, 1, \infty, 25) (2, 3, 9, 5, 13, 10, 21, 6, 18, 38, 12) (26, 27, 33, 29, 37, 34, 45, 30, 42, 14, 36) (0, 7, 24, 31) (4, 47, 8, 22, 20, 39, 16, 43, 11, 41, 28, 23, 32, 46, 44, 15, 40, 19, 35, 17) "
"OP(20,12,10,8)",0,Solved,"0,0710"," (4t+2)","0,0744","(\infty, 35, 0, 1, 4, 6, 34, 23, 13, 29, \infty, 5, 37, 47, 10, 30, 28, 25, 24, 11) (41, 15, 8, 2, 46, 3, 17, 39, 32, 26, 22, 27) (45, 20, 12, 42, 9, 21, 44, 36, 18, 33) (7, 16, 43, 14, 31, 40, 19, 38) "
"OP(4,12,10,4,20)",0,Solved,"0,0580"," (4t+2)","0,0626","(\infty, 20, \infty, 44) (45, 14, 5, 3, 6, 11, 21, 38, 29, 27, 30, 35) (15, 4, 0, 12, 13, 39, 28, 24, 36, 37) (7, 1, 31, 25) (40, 8, 42, 9, 2, 10, 23, 43, 22, 41, 16, 32, 18, 33, 26, 34, 47, 19, 46, 17) "
"OP(20,12,10,4,4)",0,Solved,"0,0530"," (4t+2)","0,0573","(\infty, 45, 20, 8, 34, 47, 18, 35, 17, 37, \infty, 13, 41, 11, 42, 23, 10, 32, 44, 21) (40, 19, 12, 6, 1, 2, 16, 43, 36, 30, 25, 26) (15, 4, 14, 22, 7, 39, 28, 38, 46, 31) (9, 0, 3, 5) (33, 24, 27, 29) "
"OP(20,12,9,9)",0,Solved,"0,0430"," (4t+2)","0,0492","(\infty, 19, 4, 16, 35, 22, 36, 10, 38, 21, \infty, 45, 14, 34, 12, 46, 11, 40, 28, 43) (44, 23, 13, 8, 1, 2, 20, 47, 37, 32, 25, 26) (9, 17, 42, 31, 15, 6, 0, 3, 5) (33, 41, 18, 7, 39, 30, 24, 27, 29) "
"OP(4,12,8,6,20)",0,Solved,"0,0440"," (4t+2)","0,0474","(\infty, 10, \infty, 34) (30, 35, 20, 13, 27, 36, 6, 11, 44, 37, 3, 12) (2, 23, 7, 43, 26, 47, 31, 19) (42, 0, 28, 18, 24, 4) (17, 39, 16, 14, 33, 22, 21, 8, 5, 1, 41, 15, 40, 38, 9, 46, 45, 32, 29, 25) "
"OP(6,12,8,20,4)",0,Solved,"0,0430"," (4t+2)","0,0476","(\infty, 2, 4, \infty, 28, 26) (5, 9, 17, 22, 45, 16, 29, 33, 41, 46, 21, 40) (27, 37, 7, 6, 3, 13, 31, 30) (47, 10, 42, 15, 43, 12, 0, 14, 8, 1, 23, 34, 18, 39, 19, 36, 24, 38, 32, 25) (20, 11, 44, 35) "
"OP(4,12,8,20,3,3)",0,Solved,"0,0790"," (4t+2)","0,0837","(\infty, 15, \infty, 39) (9, 40, 19, 6, 10, 8, 33, 16, 43, 30, 34, 32) (0, 5, 45, 42, 24, 29, 21, 18) (2, 17, 11, 12, 46, 7, 23, 3, 14, 4, 26, 41, 35, 36, 22, 31, 47, 27, 38, 28) (1, 20, 13) (25, 44, 37) "
"OP(4,12,7,7,20)",0,Solved,"0,0390"," (4t+2)","0,0436","(\infty, \infty, 23, 47) (3, 19, 44, 18, 45, 15, 27, 43, 20, 42, 21, 39) (11, 16, 36, 22, 14, 10, 1) (35, 40, 12, 46, 38, 34, 25) (2, 13, 32, 17, 4, 5, 7, 0, 6, 9, 26, 37, 8, 41, 28, 29, 31, 24, 30, 33) "
"OP(20,12,8,6,4)",0,Solved,"0,0600"," (4t+2)","0,0643","(\infty, 9, 4, 2, 8, 21, 36, 17, 47, 13, \infty, 37, 23, 41, 12, 45, 32, 26, 28, 33) (18, 10, 3, 0, 11, 20, 42, 34, 27, 24, 35, 44) (7, 6, 16, 43, 31, 30, 40, 19) (39, 14, 46, 15, 38, 22) (1, 5, 25, 29) "
"OP(20,12,8,5,5)",0,Solved,"0,1860"," (4t+2)","0,1896","(\infty, 44, 15, 0, 16, 46, 47, 35, 21, 42, \infty, 18, 45, 11, 23, 22, 40, 24, 39, 20) (1, 14, 7, 4, 13, 5, 25, 38, 31, 28, 37, 29) (10, 8, 3, 9, 34, 32, 27, 33) (43, 12, 2, 6, 17) (19, 36, 26, 30, 41) "
"OP(20,12,8,4,3,3)",0,Solved,"0,0920"," (4t+2)","0,0963","(\infty, 39, 41, 36, 0, 38, 37, 6, 32, 43, \infty, 19, 8, 30, 13, 14, 24, 12, 17, 15) (11, 3, 47, 40, 21, 5, 35, 27, 23, 16, 45, 29) (1, 10, 44, 2, 25, 34, 20, 26) (4, 7, 28, 31) (9, 22, 42) (33, 46, 18) "
"OP(20,12,7,7,4)",0,Solved,"0,0810"," (4t+2)","0,0843","(\infty, 35, 0, 1, 4, 6, 34, 23, 13, 29, \infty, 5, 37, 47, 10, 30, 28, 25, 24, 11) (41, 15, 8, 2, 46, 3, 17, 39, 32, 26, 22, 27) (38, 20, 12, 43, 18, 45, 9) (14, 44, 36, 19, 42, 21, 33) (7, 16, 31, 40) "
"OP(6,12,6,6,20)",0,Solved,"0,0480"," (4t+2)","0,0526","(\infty, 46, 14, \infty, 38, 22) (6, 5, 3, 10, 19, 40, 30, 29, 27, 34, 43, 16) (4, 0, 36, 23, 9, 1) (28, 24, 12, 47, 33, 25) (39, 17, 37, 8, 2, 7, 18, 35, 20, 45, 15, 41, 13, 32, 26, 31, 42, 11, 44, 21) "
"OP(6,12,6,20,3,3)",0,Solved,"0,1310"," (4t+2)","0,1376","(\infty, 7, 35, \infty, 11, 31) (42, 0, 5, 43, 46, 20, 18, 24, 29, 19, 22, 44) (27, 34, 2, 3, 10, 26) (8, 38, 17, 28, 16, 47, 12, 21, 13, 9, 32, 14, 41, 4, 40, 23, 36, 45, 37, 33) (15, 30, 1) (39, 6, 25) "
"OP(4,12,6,4,4,20)",0,Solved,"0,0450"," (4t+2)","0,0510","(\infty, 20, \infty, 44) (3, 11, 21, 41, 15, 42, 27, 35, 45, 17, 39, 18) (12, 46, 23, 36, 22, 47) (19, 14, 10, 1) (43, 38, 34, 25) (2, 13, 32, 16, 4, 5, 7, 0, 6, 9, 26, 37, 8, 40, 28, 29, 31, 24, 30, 33) "
"OP(20,12,6,6,6)",0,Solved,"0,0630"," (4t+2)","0,0676","(\infty, 4, 9, 18, 5, 12, 22, 7, 21, 32, \infty, 8, 45, 31, 46, 36, 29, 42, 33, 28) (0, 2, 3, 6, 10, 16, 24, 26, 27, 30, 34, 40) (43, 23, 39, 14, 35, 17) (19, 47, 15, 38, 11, 41) (1, 20, 37, 25, 44, 13) "
"OP(20,12,6,6,3,3)",0,Solved,"0,0800"," (4t+2)","0,0837","(\infty, 4, 13, 3, 15, 35, 21, 44, 22, 40, \infty, 16, 46, 20, 45, 11, 39, 27, 37, 28) (1, 8, 12, 17, 0, 19, 25, 32, 36, 41, 24, 43) (10, 9, 6, 38, 23, 2) (34, 33, 30, 14, 47, 26) (18, 7, 5) (42, 31, 29) "
"OP(4,12,5,5,4,20)",0,Solved,"0,0460"," (4t+2)","0,0500","(\infty, 20, \infty, 44) (3, 16, 8, 19, 35, 47, 27, 40, 32, 43, 11, 23) (42, 46, 21, 39, 13) (18, 22, 45, 15, 37) (10, 1, 34, 25) (2, 12, 17, 38, 4, 5, 7, 0, 6, 9, 26, 36, 41, 14, 28, 29, 31, 24, 30, 33) "
"OP(20,12,6,4,4,4)",0,Solved,"0,0430"," (4t+2)","0,0479","(\infty, 2, 3, 5, 8, 12, 1, 7, 14, 4, \infty, 28, 38, 31, 25, 36, 32, 29, 27, 26) (6, 19, 11, 40, 13, 44, 30, 43, 35, 16, 37, 20) (15, 41, 21, 39, 17, 45) (34, 46, 23, 18) (10, 22, 47, 42) (0, 9, 24, 33) "
"OP(20,12,6,3,3,3,3)",0,Solved,"0,1390"," (4t+2)","0,1436","(\infty, 45, 4, 2, 13, 12, 30, 43, 20, 47, \infty, 23, 44, 19, 6, 36, 37, 26, 28, 21) (33, 18, 38, 16, 7, 41, 9, 42, 14, 40, 31, 17) (10, 39, 22, 34, 15, 46) (1, 5, 11) (25, 29, 35) (3, 0, 8) (27, 24, 32) "
"OP(4,12,4,5,5,20)",0,Solved,"0,0900"," (4t+2)","0,0941","(\infty, 17, \infty, 41) (2, 3, 1, 7, 11, 36, 26, 27, 25, 31, 35, 12) (9, 20, 33, 44) (4, 13, 8, 5, 45) (28, 37, 32, 29, 21) (39, 19, 46, 10, 40, 18, 47, 30, 14, 0, 15, 43, 22, 34, 16, 42, 23, 6, 38, 24) "
"OP(20,12,5,5,4,4)",0,Solved,"0,0520"," (4t+2)","0,0560","(\infty, 17, 35, 6, 33, 34, 22, 36, 19, 15, \infty, 39, 43, 12, 46, 10, 9, 30, 11, 41) (31, 18, 21, 1, 8, 2, 7, 42, 45, 25, 32, 26) (38, 16, 24, 13, 23) (14, 40, 0, 37, 47) (5, 44, 28, 3) (29, 20, 4, 27) "
"OP(4,12,4,4,20,3,3)",0,Solved,"0,0510"," (4t+2)","0,0547","(\infty, 2, \infty, 26) (4, 5, 7, 10, 17, 33, 28, 29, 31, 34, 41, 9) (16, 27, 13, 46) (40, 3, 37, 22) (19, 45, 18, 38, 15, 23, 6, 0, 12, 8, 43, 21, 42, 14, 39, 47, 30, 24, 36, 32) (1, 20, 11) (25, 44, 35) "
"OP(20,12,4,4,4,3,3)",0,Solved,"0,1170"," (4t+2)","0,1203","(\infty, 24, 2, 11, 28, 9, 43, 8, 6, 46, \infty, 22, 30, 32, 19, 33, 4, 35, 26, 0) (18, 25, 14, 47, 44, 12, 42, 1, 38, 23, 20, 36) (34, 29, 41, 13) (10, 5, 17, 37) (39, 40, 15, 16) (21, 31, 27) (45, 7, 3) "
"OP(20,12,3,3,3,3,3,3)",0,Solved,"0,0770"," (4t+2)","0,0812","(\infty, 22, 43, 21, 40, 12, 3, 10, 33, 18, \infty, 42, 9, 34, 27, 36, 16, 45, 19, 46) (4, 6, 17, 47, 13, 44, 28, 30, 41, 23, 37, 20) (5, 0, 8) (29, 24, 32) (7, 11, 1) (31, 35, 25) (14, 15, 2) (38, 39, 26) "
"OP(20,11,11,8)",0,Solved,"0,0730"," (4t+2)","0,0778","(\infty, 3, 4, 6, 9, 21, 42, 20, 5, 1, \infty, 25, 29, 44, 18, 45, 33, 30, 28, 27) (43, 26, 13, 8, 14, 23, 41, 16, 36, 22, 11) (19, 2, 37, 32, 38, 47, 17, 40, 12, 46, 35) (7, 0, 10, 39, 31, 24, 34, 15) "
"OP(4,11,11,4,20)",0,Solved,"0,0560"," (4t+2)","0,0618","(\infty, 1, \infty, 25) (2, 3, 9, 5, 13, 10, 21, 6, 18, 38, 12) (26, 27, 33, 29, 37, 34, 45, 30, 42, 14, 36) (0, 7, 24, 31) (4, 47, 8, 22, 20, 39, 16, 43, 11, 41, 28, 23, 32, 46, 44, 15, 40, 19, 35, 17) "
"OP(20,11,11,4,4)",0,Solved,"0,0330"," (4t+2)","0,0377","(\infty, 26, 14, 33, 7, 37, 40, 19, 29, 36, \infty, 12, 5, 43, 16, 13, 31, 9, 38, 2) (22, 47, 39, 24, 11, 45, 3, 4, 20, 25, 42) (46, 23, 15, 0, 35, 21, 27, 28, 44, 1, 18) (8, 17, 6, 10) (32, 41, 30, 34) "
"OP(10,10,10,20)",0,Solved,"0,0540"," (4t+2)","0,0592","(\infty, 1, 2, 4, 9, \infty, 33, 28, 26, 25) (5, 17, 31, 11, 43, 22, 13, 6, 0, 8) (29, 41, 7, 35, 19, 46, 37, 30, 24, 32) (3, 47, 10, 20, 39, 16, 42, 12, 45, 14, 27, 23, 34, 44, 15, 40, 18, 36, 21, 38) "
"OP(4,10,10,6,20)",0,Solved,"0,0490"," (4t+2)","0,0533","(\infty, 1, \infty, 25) (4, 3, 6, 2, 0, 5, 13, 31, 17, 10) (28, 27, 30, 26, 24, 29, 37, 7, 41, 34) (43, 12, 39, 19, 36, 15) (8, 18, 9, 20, 35, 47, 22, 38, 16, 45, 32, 42, 33, 44, 11, 23, 46, 14, 40, 21) "
"OP(6,10,10,20,4)",0,Solved,"0,0660"," (4t+2)","0,0701","(\infty, 9, 21, \infty, 45, 33) (6, 10, 17, 32, 43, 14, 5, 0, 2, 3) (30, 34, 41, 8, 19, 38, 29, 24, 26, 27) (42, 15, 40, 22, 12, 47, 13, 35, 7, 1, 18, 39, 16, 46, 36, 23, 37, 11, 31, 25) (20, 4, 44, 28) "
"OP(4,10,10,20,3,3)",0,Solved,"0,0460"," (4t+2)","0,0495","(\infty, 1, \infty, 25) (4, 3, 6, 2, 0, 5, 13, 31, 17, 10) (28, 27, 30, 26, 24, 29, 37, 7, 41, 34) (47, 38, 18, 8, 19, 35, 22, 44, 15, 40, 23, 14, 42, 32, 43, 11, 46, 20, 39, 16) (36, 21, 9) (12, 45, 33) "
"OP(20,11,9,7,3)",,Infeasible,,Table config is not valid,,
"OP(10,10,20,6,4)",0,Solved,"0,0970"," (4t+2)","0,1007","(\infty, 27, 36, 37, 33, \infty, 9, 13, 12, 3) (1, 34, 26, 47, 44, 25, 10, 2, 23, 20) (31, 38, 6, 42, 32, 4, 39, 5, 35, 24, 7, 14, 30, 18, 8, 28, 15, 29, 11, 0) (41, 46, 40, 17, 22, 16) (43, 45, 19, 21) "
"OP(10,10,20,5,5)",0,Solved,"0,0520"," (4t+2)","0,0560","(\infty, 7, 18, 47, 33, \infty, 9, 23, 42, 31) (12, 21, 17, 2, 28, 36, 45, 41, 26, 4) (13, 6, 16, 44, 27, 15, 14, 8, 5, 10, 37, 30, 40, 20, 3, 39, 38, 32, 29, 34) (35, 22, 24, 1, 19) (11, 46, 0, 25, 43) "
"OP(10,10,20,4,3,3)",0,Solved,"0,4020"," (4t+2)","0,4066","(\infty, 5, 8, 6, 13, \infty, 37, 30, 32, 29) (43, 21, 0, 42, 11, 19, 45, 24, 18, 35) (10, 22, 7, 23, 14, 9, 20, 2, 1, 15, 34, 46, 31, 47, 38, 33, 44, 26, 25, 39) (12, 16, 36, 40) (27, 17, 4) (3, 41, 28) "
"OP(4,10,8,8,20)",0,Solved,"0,0450"," (4t+2)","0,0487","(\infty, 19, \infty, 43) (3, 17, 45, 15, 42, 27, 41, 21, 39, 18) (11, 16, 32, 44, 22, 14, 10, 1) (35, 40, 8, 20, 46, 38, 34, 25) (2, 13, 36, 23, 4, 5, 7, 0, 6, 9, 26, 37, 12, 47, 28, 29, 31, 24, 30, 33) "
"OP(8,10,8,20,4)",0,Solved,"0,1140"," (4t+2)","0,1176","(\infty, 37, 20, 43, \infty, 19, 44, 13) (40, 12, 21, 10, 6, 16, 36, 45, 34, 30) (3, 2, 0, 5, 27, 26, 24, 29) (47, 35, 17, 31, 15, 8, 14, 22, 9, 42, 23, 11, 41, 7, 39, 32, 38, 46, 33, 18) (1, 4, 25, 28) "
"OP(6,10,8,6,20)",0,Solved,"0,1320"," (4t+2)","0,1357","(\infty, 15, 43, \infty, 19, 39) (6, 2, 7, 13, 42, 30, 26, 31, 37, 18) (23, 44, 29, 12, 47, 20, 5, 36) (4, 1, 3, 28, 25, 27) (46, 14, 21, 10, 0, 9, 35, 17, 16, 8, 22, 38, 45, 34, 24, 33, 11, 41, 40, 32) "
"OP(6,10,8,20,3,3)",0,Solved,"0,0660"," (4t+2)","0,0717","(\infty, 45, 23, \infty, 47, 21) (44, 1, 31, 10, 24, 20, 25, 7, 34, 0) (13, 28, 35, 43, 37, 4, 11, 19) (3, 26, 42, 33, 22, 41, 6, 16, 14, 15, 27, 2, 18, 9, 46, 17, 30, 40, 38, 39) (8, 36, 5) (32, 12, 29) "
"OP(4,10,8,4,4,20)",0,Solved,"0,0410"," (4t+2)","0,0457","(\infty, 13, \infty, 37) (10, 38, 22, 44, 21, 34, 14, 46, 20, 45) (23, 11, 0, 18, 47, 35, 24, 42) (2, 6, 16, 7) (26, 30, 40, 31) (17, 9, 3, 1, 4, 5, 19, 36, 15, 8, 41, 33, 27, 25, 28, 29, 43, 12, 39, 32) "
"OP(6,10,7,7,20)",0,Solved,"0,0480"," (4t+2)","0,0528","(\infty, 14, 42, \infty, 18, 38) (17, 5, 3, 12, 23, 41, 29, 27, 36, 47) (7, 4, 0, 15, 16, 6, 1) (31, 28, 24, 39, 40, 30, 25) (11, 43, 22, 9, 2, 10, 32, 13, 44, 21, 35, 19, 46, 33, 26, 34, 8, 37, 20, 45) "
"OP(8,10,20,6,6)",0,Solved,"0,0510"," (4t+2)","0,0545","(\infty, 36, 16, 4, \infty, 28, 40, 12) (42, 7, 37, 23, 39, 18, 31, 13, 47, 15) (46, 17, 34, 19, 8, 1, 2, 11, 21, 44, 22, 41, 10, 43, 32, 25, 26, 35, 45, 20) (9, 14, 6, 0, 3, 5) (33, 38, 30, 24, 27, 29) "
"OP(8,10,20,6,3,3)",0,Solved,"0,0610"," (4t+2)","0,0650","(\infty, 44, 18, 36, \infty, 12, 42, 20) (16, 10, 5, 1, 4, 40, 34, 29, 25, 28) (14, 45, 13, 32, 17, 7, 0, 2, 3, 11, 38, 21, 37, 8, 41, 31, 24, 26, 27, 35) (6, 15, 43, 30, 39, 19) (46, 23, 9) (22, 47, 33) "
"OP(20,11,7,5,4,3)",,Infeasible,,Table config is not valid,,
"OP(8,10,20,4,4,4)",0,Solved,"0,1740"," (4t+2)","0,1779","(\infty, 5, 10, 17, \infty, 41, 34, 29) (2, 4, 8, 16, 37, 26, 28, 32, 40, 13) (7, 19, 9, 23, 38, 18, 35, 22, 44, 15, 31, 43, 33, 47, 14, 42, 11, 46, 20, 39) (45, 36, 6, 3) (21, 12, 30, 27) (1, 0, 25, 24) "
"OP(8,10,20,3,3,3,3)",0,Solved,"0,1960"," (4t+2)","0,1996","(\infty, \infty, 23, 46, 13, 37, 22, 47) (41, 19, 14, 5, 4, 17, 43, 38, 29, 28) (8, 2, 6, 40, 12, 42, 21, 10, 7, 0, 32, 26, 30, 16, 36, 18, 45, 34, 31, 24) (1, 9, 11) (25, 33, 35) (3, 39, 20) (27, 15, 44) "
"OP(4,10,6,6,4,20)",0,Solved,"0,0420"," (4t+2)","0,0458","(\infty, 1, \infty, 25) (2, 3, 9, 5, 13, 26, 27, 33, 29, 37) (6, 16, 35, 15, 42, 17) (30, 40, 11, 39, 18, 41) (0, 7, 24, 31) (4, 47, 8, 10, 22, 19, 45, 12, 44, 14, 28, 23, 32, 34, 46, 43, 21, 36, 20, 38) "
"OP(4,10,6,5,5,20)",0,Solved,"0,0480"," (4t+2)","0,0524","(\infty, 22, \infty, 46) (16, 5, 8, 15, 30, 40, 29, 32, 39, 6) (35, 10, 2, 11, 34, 26) (0, 4, 9, 3, 1) (24, 28, 33, 27, 25) (47, 13, 45, 17, 44, 14, 36, 19, 7, 42, 23, 37, 21, 41, 20, 38, 12, 43, 31, 18) "
"OP(6,10,6,20,4,4)",0,Solved,"0,0530"," (4t+2)","0,0578","(\infty, 2, 4, \infty, 28, 26) (5, 6, 11, 17, 37, 29, 30, 35, 41, 13) (16, 27, 10, 40, 3, 34) (14, 46, 21, 7, 42, 15, 19, 9, 0, 12, 38, 22, 45, 31, 18, 39, 43, 33, 24, 36) (8, 1, 20, 23) (32, 25, 44, 47) "
"OP(4,10,6,4,20,3,3)",0,Solved,"0,1980"," (4t+2)","0,2028","(\infty, 35, \infty, 11) (34, 43, 45, 3, 32, 10, 19, 21, 27, 8) (1, 9, 40, 25, 33, 16) (46, 42, 22, 18) (30, 31, 41, 38, 13, 0, 36, 2, 29, 47, 6, 7, 17, 14, 37, 24, 12, 26, 5, 23) (15, 4, 20) (39, 28, 44) "
"OP(6,10,20,5,5,4)",0,Solved,"0,0470"," (4t+2)","0,0525","(\infty, 8, 14, \infty, 38, 32) (22, 40, 21, 0, 1, 46, 16, 45, 24, 25) (34, 19, 30, 26, 17, 7, 9, 37, 12, 44, 10, 43, 6, 2, 41, 31, 33, 13, 36, 20) (5, 18, 23, 15, 27) (29, 42, 47, 39, 3) (11, 28, 35, 4) "
"OP(4,10,5,5,20,3,3)",0,Solved,"0,0600"," (4t+2)","0,0635","(\infty, 5, \infty, 29) (37, 43, 30, 10, 18, 13, 19, 6, 34, 42) (17, 26, 27, 25, 44) (41, 2, 3, 1, 20) (9, 35, 31, 14, 39, 28, 46, 32, 16, 23, 33, 11, 7, 38, 15, 4, 22, 8, 40, 47) (45, 12, 0) (21, 36, 24) "
"OP(6,10,20,4,4,3,3)",0,Solved,"0,0460"," (4t+2)","0,0509","(\infty, 17, 47, \infty, 23, 41) (39, 20, 43, 12, 0, 15, 44, 19, 36, 24) (8, 9, 22, 42, 16, 5, 3, 13, 45, 11, 32, 33, 46, 18, 40, 29, 27, 37, 21, 35) (7, 14, 6, 2) (31, 38, 30, 26) (1, 4, 10) (25, 28, 34) "
"OP(4,10,4,4,4,4,20)",0,Solved,"0,0490"," (4t+2)","0,0549","(\infty, 1, \infty, 25) (2, 3, 9, 5, 38, 26, 27, 33, 29, 14) (6, 19, 41, 20) (30, 43, 17, 44) (18, 7, 0, 10) (42, 31, 24, 34) (4, 47, 8, 11, 36, 16, 45, 13, 15, 46, 28, 23, 32, 35, 12, 40, 21, 37, 39, 22) "
"OP(4,10,4,20,3,3,3,3)",0,Solved,"0,1000"," (4t+2)","0,1045","(\infty, 10, \infty, 34) (28, 5, 36, 38, 1, 4, 29, 12, 14, 25) (44, 16, 20, 40) (0, 6, 46, 11, 45, 13, 43, 7, 2, 3, 24, 30, 22, 35, 21, 37, 19, 31, 26, 27) (47, 9, 18) (23, 33, 42) (41, 15, 8) (17, 39, 32) "
"OP(20,10,10,10)",0,Solved,"0,0410"," (4t+2)","0,0441","(\infty, 2, 37, 22, 0, 12, 20, 1, 6, 34, \infty, 10, 30, 25, 44, 36, 24, 46, 13, 26) (45, 31, 27, 9, 11, 28, 17, 42, 39, 38) (21, 7, 3, 33, 35, 4, 41, 18, 15, 14) (43, 16, 32, 23, 29, 19, 40, 8, 47, 5) "
"OP(4,10,10,6,20)",0,Solved,"0,0450"," (4t+2)","0,0492","(\infty, 1, \infty, 25) (4, 3, 6, 2, 0, 5, 13, 31, 17, 10) (28, 27, 30, 26, 24, 29, 37, 7, 41, 34) (43, 12, 39, 19, 36, 15) (8, 18, 9, 20, 35, 47, 22, 38, 16, 45, 32, 42, 33, 44, 11, 23, 46, 14, 40, 21) "
"OP(20,10,10,6,4)",0,Solved,"0,0670"," (4t+2)","0,0705","(\infty, \infty, 23, 43, 18, 37, 2, 20, 8, 10, 5, 29, 34, 32, 44, 26, 13, 42, 19, 47) (0, 22, 1, 45, 11, 4, 15, 16, 7, 17) (24, 46, 25, 21, 35, 28, 39, 40, 31, 41) (12, 9, 3, 36, 33, 27) (14, 6, 38, 30) "
"OP(20,10,10,5,5)",0,Solved,"0,0850"," (4t+2)","0,0890","(\infty, 35, 0, 1, 4, 10, 30, 21, 13, 23, \infty, 47, 37, 45, 6, 34, 28, 25, 24, 11) (15, 32, 14, 2, 46, 3, 5, 19, 12, 31) (39, 8, 38, 26, 22, 27, 29, 43, 36, 7) (9, 20, 41, 16, 42) (33, 44, 17, 40, 18) "
"OP(20,10,10,4,3,3)",0,Solved,"0,0490"," (4t+2)","0,0529","(\infty, 4, 15, 33, 21, 47, 16, 37, 12, 46, \infty, 22, 36, 13, 40, 23, 45, 9, 39, 28) (0, 2, 3, 6, 10, 17, 32, 42, 14, 5) (24, 26, 27, 30, 34, 41, 8, 18, 38, 29) (35, 19, 11, 43) (1, 20, 7) (25, 44, 31) "
"OP(4,9,9,8,20)",0,Solved,"0,0440"," (4t+2)","0,0476","(\infty, 18, \infty, 42) (36, 15, 5, 3, 6, 11, 20, 4, 0) (12, 39, 29, 27, 30, 35, 44, 28, 24) (38, 8, 7, 1, 14, 32, 31, 25) (46, 17, 40, 9, 2, 10, 21, 43, 23, 37, 22, 41, 16, 33, 26, 34, 45, 19, 47, 13) "
"OP(8,9,9,20,4)",0,Solved,"0,0610"," (4t+2)","0,0644","(\infty, 38, 13, 44, \infty, 20, 37, 14) (16, 7, 1, 5, 6, 18, 36, 22, 35) (40, 31, 25, 29, 30, 42, 12, 46, 11) (23, 39, 19, 9, 4, 2, 10, 17, 32, 21, 47, 15, 43, 33, 28, 26, 34, 41, 8, 45) (0, 3, 24, 27) "
"OP(6,9,9,6,20)",0,Solved,"0,0950"," (4t+2)","0,0985","(\infty, 0, 2, \infty, 26, 24) (3, 6, 5, 9, 15, 4, 23, 16, 8) (27, 30, 29, 33, 39, 28, 47, 40, 32) (7, 17, 43, 31, 41, 19) (10, 35, 21, 36, 20, 38, 25, 42, 22, 13, 34, 11, 45, 12, 44, 14, 1, 18, 46, 37) "
"OP(6,9,9,20,3,3)",0,Solved,"0,1960"," (4t+2)","0,2001","(\infty, 1, 9, \infty, 33, 25) (13, 18, 4, 22, 47, 10, 36, 16, 3) (37, 42, 28, 46, 23, 34, 12, 40, 27) (15, 11, 8, 6, 5, 21, 38, 19, 7, 0, 39, 35, 32, 30, 29, 45, 14, 43, 31, 24) (44, 17, 2) (20, 41, 26) "
"OP(4,9,9,4,4,20)",0,Solved,"0,0450"," (4t+2)","0,0484","(\infty, 20, \infty, 44) (3, 11, 21, 36, 23, 46, 18, 39, 17) (27, 35, 45, 12, 47, 22, 42, 15, 41) (19, 14, 10, 1) (43, 38, 34, 25) (2, 13, 32, 16, 4, 5, 7, 0, 6, 9, 26, 37, 8, 40, 28, 29, 31, 24, 30, 33) "
"OP(20,10,8,8,4)",0,Solved,"0,2690"," (4t+2)","0,2730","(\infty, 12, 2, 8, 9, 43, 18, 0, 13, 46, \infty, 22, 37, 24, 42, 19, 33, 32, 26, 36) (15, 7, 4, 11, 23, 39, 31, 28, 35, 47) (14, 10, 1, 6, 17, 44, 16, 45) (38, 34, 25, 30, 41, 20, 40, 21) (5, 3, 29, 27) "
"OP(6,10,7,7,20)",0,Solved,"0,0440"," (4t+2)","0,0487","(\infty, 14, 42, \infty, 18, 38) (17, 5, 3, 12, 23, 41, 29, 27, 36, 47) (7, 4, 0, 15, 16, 6, 1) (31, 28, 24, 39, 40, 30, 25) (11, 43, 22, 9, 2, 10, 32, 13, 44, 21, 35, 19, 46, 33, 26, 34, 8, 37, 20, 45) "
"OP(20,10,8,6,6)",0,Solved,"0,1410"," (4t+2)","0,1445","(\infty, 18, 4, 19, 9, 3, 5, 34, 17, 40, \infty, 16, 41, 10, 29, 27, 33, 43, 28, 42) (2, 37, 21, 12, 15, 26, 13, 45, 36, 39) (1, 6, 46, 47, 25, 30, 22, 23) (20, 8, 38, 11, 7, 0) (44, 32, 14, 35, 31, 24) "
"OP(20,10,8,6,3,3)",0,Solved,"0,0430"," (4t+2)","0,0471","(\infty, 14, 3, 13, 16, 36, 23, 45, 15, 46, \infty, 22, 39, 21, 47, 12, 40, 37, 27, 38) (11, 44, 17, 10, 1, 35, 20, 41, 34, 25) (2, 7, 19, 42, 26, 31, 43, 18) (4, 5, 9, 28, 29, 33) (0, 8, 6) (24, 32, 30) "
"OP(4,10,8,4,4,20)",0,Solved,"0,0420"," (4t+2)","0,0452","(\infty, 13, \infty, 37) (10, 38, 22, 44, 21, 34, 14, 46, 20, 45) (23, 11, 0, 18, 47, 35, 24, 42) (2, 6, 16, 7) (26, 30, 40, 31) (17, 9, 3, 1, 4, 5, 19, 36, 15, 8, 41, 33, 27, 25, 28, 29, 43, 12, 39, 32) "
"OP(20,10,8,4,4,4)",0,Solved,"0,1370"," (4t+2)","0,1413","(\infty, 15, 20, 4, 22, 26, 1, 8, 23, 43, \infty, 19, 47, 32, 25, 2, 46, 28, 44, 39) (14, 13, 5, 40, 11, 38, 37, 29, 16, 35) (9, 18, 7, 45, 33, 42, 31, 21) (3, 17, 0, 6) (27, 41, 24, 30) (10, 12, 34, 36) "
"OP(20,10,8,3,3,3,3)",0,Solved,"0,0370"," (4t+2)","0,0418","(\infty, 11, 3, 16, 47, 15, 44, 21, 43, 13, \infty, 37, 19, 45, 20, 39, 23, 40, 27, 35) (46, 32, 17, 12, 1, 22, 8, 41, 36, 25) (2, 9, 18, 38, 26, 33, 42, 14) (4, 5, 7) (28, 29, 31) (0, 10, 6) (24, 34, 30) "
"OP(20,10,7,7,6)",0,Solved,"0,0760"," (4t+2)","0,0800","(\infty, 10, 43, 13, 35, 47, 46, 27, 2, 4, \infty, 28, 26, 3, 22, 23, 11, 37, 19, 34) (41, 36, 44, 7, 14, 17, 12, 20, 31, 38) (6, 0, 16, 33, 5, 1, 15) (30, 24, 40, 9, 29, 25, 39) (42, 32, 45, 18, 8, 21) "
"OP(20,10,7,7,3,3)",0,Solved,"0,0470"," (4t+2)","0,0523","(\infty, 14, 3, 13, 44, 17, 42, 16, 45, 12, \infty, 36, 21, 40, 18, 41, 20, 37, 27, 38) (11, 39, 23, 10, 1, 35, 15, 47, 34, 25) (2, 7, 19, 22, 4, 5, 9) (26, 31, 43, 46, 28, 29, 33) (0, 8, 6) (24, 32, 30) "
"OP(4,10,6,6,4,20)",0,Solved,"0,0450"," (4t+2)","0,0486","(\infty, 1, \infty, 25) (2, 3, 9, 5, 13, 26, 27, 33, 29, 37) (6, 16, 35, 15, 42, 17) (30, 40, 11, 39, 18, 41) (0, 7, 24, 31) (4, 47, 8, 10, 22, 19, 45, 12, 44, 14, 28, 23, 32, 34, 46, 43, 21, 36, 20, 38) "
"OP(4,10,6,5,5,20)",0,Solved,"0,0500"," (4t+2)","0,0539","(\infty, 22, \infty, 46) (16, 5, 8, 15, 30, 40, 29, 32, 39, 6) (35, 10, 2, 11, 34, 26) (0, 4, 9, 3, 1) (24, 28, 33, 27, 25) (47, 13, 45, 17, 44, 14, 36, 19, 7, 42, 23, 37, 21, 41, 20, 38, 12, 43, 31, 18) "
"OP(6,10,6,20,4,4)",0,Solved,"0,0530"," (4t+2)","0,0571","(\infty, 2, 4, \infty, 28, 26) (5, 6, 11, 17, 37, 29, 30, 35, 41, 13) (16, 27, 10, 40, 3, 34) (14, 46, 21, 7, 42, 15, 19, 9, 0, 12, 38, 22, 45, 31, 18, 39, 43, 33, 24, 36) (8, 1, 20, 23) (32, 25, 44, 47) "
"OP(4,10,6,4,20,3,3)",0,Solved,"0,1940"," (4t+2)","0,1997","(\infty, 35, \infty, 11) (34, 43, 45, 3, 32, 10, 19, 21, 27, 8) (1, 9, 40, 25, 33, 16) (46, 42, 22, 18) (30, 31, 41, 38, 13, 0, 36, 2, 29, 47, 6, 7, 17, 14, 37, 24, 12, 26, 5, 23) (15, 4, 20) (39, 28, 44) "
"OP(4,10,5,5,6,20)",0,Solved,"0,0670"," (4t+2)","0,0720","(\infty, 35, \infty, 11) (0, 1, 6, 3, 9, 24, 25, 30, 27, 33) (5, 13, 20, 32, 15) (29, 37, 44, 8, 39) (4, 2, 46, 28, 26, 22) (14, 34, 21, 12, 23, 7, 41, 18, 40, 19, 38, 10, 45, 36, 47, 31, 17, 42, 16, 43) "
"OP(20,10,6,6,4,4)",0,Solved,"0,0520"," (4t+2)","0,0577","(\infty, 4, 13, 23, 5, 16, 9, 21, 43, 18, \infty, 42, 19, 45, 33, 40, 29, 47, 37, 28) (0, 2, 3, 6, 10, 24, 26, 27, 30, 34) (15, 32, 17, 38, 22, 35) (39, 8, 41, 14, 46, 11) (7, 1, 20, 12) (31, 25, 44, 36) "
"OP(20,10,6,5,5,4)",0,Solved,"0,0470"," (4t+2)","0,0508","(\infty, 17, 3, 6, 18, 44, 15, 46, 14, 47, \infty, 23, 38, 22, 39, 20, 42, 30, 27, 41) (45, 10, 33, 12, 1, 21, 34, 9, 36, 25) (2, 11, 16, 26, 35, 40) (8, 4, 5, 7, 0) (32, 28, 29, 31, 24) (13, 19, 37, 43) "
"OP(4,10,5,5,20,3,3)",0,Solved,"0,0600"," (4t+2)","0,0641","(\infty, 5, \infty, 29) (37, 43, 30, 10, 18, 13, 19, 6, 34, 42) (17, 26, 27, 25, 44) (41, 2, 3, 1, 20) (9, 35, 31, 14, 39, 28, 46, 32, 16, 23, 33, 11, 7, 38, 15, 4, 22, 8, 40, 47) (45, 12, 0) (21, 36, 24) "
"OP(20,10,6,4,4,3,3)",0,Solved,"0,0460"," (4t+2)","0,0508","(\infty, 14, 3, 13, 35, 19, 36, 15, 45, 20, \infty, 44, 21, 39, 12, 43, 11, 37, 27, 38) (22, 42, 23, 10, 1, 46, 18, 47, 34, 25) (2, 7, 41, 26, 31, 17) (16, 4, 5, 9) (40, 28, 29, 33) (0, 8, 6) (24, 32, 30) "
"OP(20,10,5,5,5,5)",0,Solved,"0,0950"," (4t+2)","0,0998","(\infty, 1, 13, 30, 41, 47, 2, 40, 20, 15, \infty, 39, 44, 16, 26, 23, 17, 6, 37, 25) (42, 33, 0, 14, 36, 18, 9, 24, 38, 12) (32, 34, 5, 46, 45) (8, 10, 29, 22, 21) (31, 35, 43, 27, 4) (7, 11, 19, 3, 28) "
"OP(20,10,5,5,4,3,3)",0,Solved,"0,0910"," (4t+2)","0,0955","(\infty, 4, 7, 0, 36, 9, 3, 20, 2, 40, \infty, 16, 26, 44, 27, 33, 12, 24, 31, 28) (18, 41, 6, 39, 10, 42, 17, 30, 15, 34) (19, 45, 11, 13, 8) (43, 21, 35, 37, 32) (25, 5, 1, 29) (23, 14, 22) (47, 38, 46) "
"OP(4,10,4,4,4,4,20)",0,Solved,"0,0480"," (4t+2)","0,0517","(\infty, 1, \infty, 25) (2, 3, 9, 5, 38, 26, 27, 33, 29, 14) (6, 19, 41, 20) (30, 43, 17, 44) (18, 7, 0, 10) (42, 31, 24, 34) (4, 47, 8, 11, 36, 16, 45, 13, 15, 46, 28, 23, 32, 35, 12, 40, 21, 37, 39, 22) "
"OP(4,10,4,20,3,3,3,3)",0,Solved,"0,0970"," (4t+2)","0,1009","(\infty, 10, \infty, 34) (28, 5, 36, 38, 1, 4, 29, 12, 14, 25) (44, 16, 20, 40) (0, 6, 46, 11, 45, 13, 43, 7, 2, 3, 24, 30, 22, 35, 21, 37, 19, 31, 26, 27) (47, 9, 18) (23, 33, 42) (41, 15, 8) (17, 39, 32) "
"OP(20,10,4,4,4,4,4)",0,Solved,"0,1280"," (4t+2)","0,1316","(\infty, 4, 5, 3, 13, 31, 12, 8, 1, 14, \infty, 38, 25, 32, 36, 7, 37, 27, 29, 28) (10, 43, 26, 46, 20, 34, 19, 2, 22, 44) (17, 6, 0, 9) (41, 30, 24, 33) (40, 15, 47, 35) (16, 39, 23, 11) (18, 21, 42, 45) "
"OP(20,10,4,4,3,3,3,3)",0,Solved,"0,0790"," (4t+2)","0,0835","(\infty, 40, 21, 42, 20, 0, 11, 43, 41, 6, \infty, 30, 17, 19, 35, 24, 44, 18, 45, 16) (47, 8, 22, 10, 15, 23, 32, 46, 34, 39) (12, 2, 33, 27) (36, 26, 9, 3) (5, 4, 1) (29, 28, 25) (37, 7, 14) (13, 31, 38) "
"OP(4,8,9,9,20)",0,Solved,"0,0490"," (4t+2)","0,0526","(\infty, 2, \infty, 26) (3, 4, 6, 10, 27, 28, 30, 34) (1, 9, 12, 21, 5, 16, 37, 17, 11) (25, 33, 36, 45, 29, 40, 13, 41, 35) (43, 8, 22, 44, 15, 38, 23, 18, 0, 7, 19, 32, 46, 20, 39, 14, 47, 42, 24, 31) "
"OP(20,9,9,8,4)",0,Solved,"0,0470"," (4t+2)","0,0518","(\infty, 15, 10, 8, 1, 9, 12, 16, 4, 5, \infty, 29, 28, 40, 36, 33, 25, 32, 34, 39) (42, 7, 22, 47, 19, 38, 17, 3, 20) (18, 31, 46, 23, 43, 14, 41, 27, 44) (13, 2, 11, 21, 37, 26, 35, 45) (6, 0, 30, 24) "
"OP(6,9,9,6,20)",0,Solved,"0,0900"," (4t+2)","0,0945","(\infty, 0, 2, \infty, 26, 24) (3, 6, 5, 9, 15, 4, 23, 16, 8) (27, 30, 29, 33, 39, 28, 47, 40, 32) (7, 17, 43, 31, 41, 19) (10, 35, 21, 36, 20, 38, 25, 42, 22, 13, 34, 11, 45, 12, 44, 14, 1, 18, 46, 37) "
"OP(20,9,9,6,6)",0,Solved,"0,0440"," (4t+2)","0,0482","(\infty, 36, 16, 4, 17, 42, 23, 37, 20, 46, \infty, 22, 44, 13, 47, 18, 41, 28, 40, 12) (7, 34, 19, 8, 1, 2, 11, 21, 39) (31, 10, 43, 32, 25, 26, 35, 45, 15) (9, 14, 6, 0, 3, 5) (33, 38, 30, 24, 27, 29) "
"OP(20,9,9,6,3,3)",0,Solved,"0,0420"," (4t+2)","0,0468","(\infty, 4, 14, 30, 15, 46, 16, 37, 17, 36, \infty, 12, 41, 13, 40, 22, 39, 6, 38, 28) (44, 19, 11, 7, 1, 2, 9, 18, 32) (20, 43, 35, 31, 25, 26, 33, 42, 8) (21, 10, 23, 45, 34, 47) (0, 5, 3) (24, 29, 27) "
"OP(4,9,9,4,4,20)",0,Solved,"0,0460"," (4t+2)","0,0503","(\infty, 20, \infty, 44) (3, 11, 21, 36, 23, 46, 18, 39, 17) (27, 35, 45, 12, 47, 22, 42, 15, 41) (19, 14, 10, 1) (43, 38, 34, 25) (2, 13, 32, 16, 4, 5, 7, 0, 6, 9, 26, 37, 8, 40, 28, 29, 31, 24, 30, 33) "
"OP(20,9,9,4,4,4)",0,Solved,"0,0570"," (4t+2)","0,0607","(\infty, 21, 5, 20, 14, 43, 42, 16, 12, 3, \infty, 27, 36, 40, 18, 19, 38, 44, 29, 45) (11, 23, 46, 15, 1, 9, 2, 30, 41) (35, 47, 22, 39, 25, 33, 26, 6, 17) (13, 0, 10, 8) (37, 24, 34, 32) (4, 7, 28, 31) "
"OP(20,9,9,3,3,3,3)",0,Solved,"0,0430"," (4t+2)","0,0489","(\infty, 13, 8, 0, 6, 17, 33, 15, 43, 21, \infty, 45, 19, 39, 9, 41, 30, 24, 32, 37) (35, 20, 47, 22, 10, 3, 12, 2, 16) (11, 44, 23, 46, 34, 27, 36, 26, 40) (4, 7, 5) (28, 31, 29) (14, 1, 18) (38, 25, 42) "
"OP(6,8,8,8,20)",0,Solved,"0,0960"," (4t+2)","0,0994","(\infty, 0, 2, \infty, 26, 24) (3, 6, 5, 9, 15, 4, 16, 8) (27, 30, 29, 33, 39, 28, 40, 32) (7, 14, 23, 10, 31, 38, 47, 34) (11, 41, 13, 46, 12, 44, 25, 42, 19, 45, 35, 17, 37, 22, 36, 20, 1, 18, 43, 21) "
"OP(8,8,8,20,6)",0,Solved,"0,0700"," (4t+2)","0,0740","(\infty, 30, 3, 0, \infty, 24, 27, 6) (8, 17, 16, 38, 13, 47, 12, 20) (32, 41, 40, 14, 37, 23, 36, 44) (10, 5, 1, 7, 18, 46, 15, 45, 35, 19, 34, 29, 25, 31, 42, 22, 39, 21, 11, 43) (4, 2, 9, 28, 26, 33) "
"OP(8,8,8,20,3,3)",0,Solved,"0,1640"," (4t+2)","0,1675","(\infty, 2, 37, 36, \infty, 12, 13, 26) (24, 38, 32, 25, 47, 27, 44, 39) (0, 14, 8, 1, 23, 3, 20, 15) (11, 43, 46, 7, 34, 4, 42, 40, 29, 6, 35, 19, 22, 31, 10, 28, 18, 16, 5, 30) (33, 45, 41) (9, 21, 17) "
"OP(4,8,8,6,4,20)",0,Solved,"0,0440"," (4t+2)","0,0477","(\infty, 22, \infty, 46) (9, 5, 6, 3, 12, 45, 14, 4) (33, 29, 30, 27, 36, 21, 38, 28) (0, 11, 40, 24, 35, 16) (23, 1, 47, 25) (17, 42, 15, 8, 2, 10, 44, 31, 43, 13, 41, 18, 39, 32, 26, 34, 20, 7, 19, 37) "
"OP(4,8,8,5,5,20)",0,Solved,"0,0390"," (4t+2)","0,0428","(\infty, 6, \infty, 30) (11, 7, 21, 0, 46, 15, 40, 5) (35, 31, 45, 24, 22, 39, 16, 29) (9, 14, 36, 8, 20) (33, 38, 12, 32, 44) (4, 13, 3, 18, 19, 1, 17, 10, 2, 47, 28, 37, 27, 42, 43, 25, 41, 34, 26, 23) "
"OP(6,8,8,20,4,4)",0,Solved,"0,0520"," (4t+2)","0,0558","(\infty, 41, 45, \infty, 21, 17) (46, 40, 31, 32, 42, 44, 47, 24) (22, 16, 7, 8, 18, 20, 23, 0) (37, 3, 33, 6, 39, 34, 5, 25, 38, 2, 13, 27, 9, 30, 15, 10, 29, 1, 14, 26) (36, 4, 35, 43) (12, 28, 11, 19) "
"OP(4,8,8,4,20,3,3)",0,Solved,"0,0440"," (4t+2)","0,0476","(\infty, \infty, 23, 47) (9, 5, 6, 3, 12, 43, 14, 4) (33, 29, 30, 27, 36, 19, 38, 28) (0, 11, 24, 35) (41, 16, 1, 13, 45, 15, 8, 2, 10, 31, 17, 40, 25, 37, 21, 39, 32, 26, 34, 7) (20, 46, 18) (44, 22, 42) "
"OP(8,8,20,7,7)",0,Solved,"0,0830"," (4t+2)","0,0873","(\infty, 35, 0, 1, \infty, 25, 24, 11) (4, 7, 17, 44, 28, 31, 41, 20) (13, 21, 33, 15, 8, 2, 46, 3, 5, 14, 37, 45, 9, 39, 32, 26, 22, 27, 29, 38) (12, 23, 42, 16, 30, 10, 43) (36, 47, 18, 40, 6, 34, 19) "
"OP(4,8,7,7,4,20)",0,Solved,"0,0490"," (4t+2)","0,0541","(\infty, 15, \infty, 39) (42, 12, 5, 3, 18, 36, 29, 27) (37, 16, 7, 4, 0, 11, 23) (13, 40, 31, 28, 24, 35, 47) (6, 1, 30, 25) (17, 43, 20, 10, 2, 8, 9, 22, 38, 21, 41, 19, 44, 34, 26, 32, 33, 46, 14, 45) "
"OP(20,9,7,6,5,3)",,Infeasible,,Table config is not valid,,
"OP(8,8,20,6,4,4)",0,Solved,"0,0740"," (4t+2)","0,0785","(\infty, 35, 0, 1, \infty, 25, 24, 11) (4, 7, 23, 42, 28, 31, 47, 18) (13, 21, 33, 15, 8, 2, 46, 3, 5, 14, 37, 45, 9, 39, 32, 26, 22, 27, 29, 38) (12, 34, 19, 36, 10, 43) (6, 16, 44, 17) (30, 40, 20, 41) "
"OP(8,8,20,5,5,4)",0,Solved,"0,1640"," (4t+2)","0,1684","(\infty, 12, 41, 8, \infty, 32, 17, 36) (26, 27, 35, 13, 2, 3, 11, 37) (34, 46, 14, 16, 7, 28, 15, 9, 43, 20, 10, 22, 38, 40, 31, 4, 39, 33, 19, 44) (0, 5, 1, 21, 18) (24, 29, 25, 45, 42) (47, 6, 23, 30) "
"OP(20,9,7,5,3,3,3)",,Infeasible,,Table config is not valid,,
"OP(8,8,20,4,4,3,3)",0,Solved,"0,1360"," (4t+2)","0,1397","(\infty, 41, 27, 19, \infty, 43, 3, 17) (0, 10, 13, 31, 24, 34, 37, 7) (16, 38, 11, 44, 42, 22, 5, 47, 4, 36, 40, 14, 35, 20, 18, 46, 29, 23, 28, 12) (39, 30, 1, 2) (15, 6, 25, 26) (8, 33, 21) (32, 9, 45) "
"OP(4,8,6,6,6,20)",0,Solved,"0,0410"," (4t+2)","0,0446","(\infty, 19, \infty, 43) (12, 22, 37, 23, 36, 46, 13, 47) (6, 15, 7, 0, 18, 2) (30, 39, 31, 24, 42, 26) (33, 16, 35, 9, 40, 11) (14, 8, 3, 1, 4, 5, 17, 44, 21, 10, 38, 32, 27, 25, 28, 29, 41, 20, 45, 34) "
"OP(6,8,6,6,20,4)",0,Solved,"0,1040"," (4t+2)","0,1073","(\infty, 42, 10, \infty, 34, 18) (9, 37, 46, 2, 33, 13, 22, 26) (5, 3, 0, 12, 39, 16) (29, 27, 24, 36, 15, 40) (20, 7, 41, 47, 32, 14, 4, 11, 19, 45, 44, 31, 17, 23, 8, 38, 28, 35, 43, 21) (1, 6, 25, 30) "
"OP(4,8,6,6,20,3,3)",0,Solved,"0,0580"," (4t+2)","0,0628","(\infty, 13, \infty, 37) (0, 1, 3, 6, 24, 25, 27, 30) (17, 33, 22, 12, 4, 10) (41, 9, 46, 36, 28, 34) (18, 5, 19, 38, 21, 47, 32, 20, 40, 15, 42, 29, 43, 14, 45, 23, 8, 44, 16, 39) (11, 2, 7) (35, 26, 31) "
"OP(6,8,6,20,5,5)",0,Solved,"0,2660"," (4t+2)","0,2703","(\infty, 13, 5, \infty, 29, 37) (36, 2, 3, 24, 12, 26, 27, 0) (7, 16, 42, 31, 40, 18) (46, 4, 1, 6, 10, 17, 32, 14, 45, 47, 22, 28, 25, 30, 34, 41, 8, 38, 21, 23) (44, 15, 35, 19, 9) (20, 39, 11, 43, 33) "
"OP(6,8,6,20,4,3,3)",0,Solved,"0,2610"," (4t+2)","0,2648","(\infty, 2, 0, \infty, 24, 26) (41, 19, 4, 42, 17, 43, 28, 18) (11, 8, 7, 35, 32, 31) (12, 6, 47, 13, 40, 22, 33, 14, 10, 1, 36, 30, 23, 37, 16, 46, 9, 38, 34, 25) (21, 5, 45, 29) (15, 20, 3) (39, 44, 27) "
"OP(4,8,6,4,4,4,20)",0,Solved,"0,0970"," (4t+2)","0,1006","(\infty, 34, \infty, 10) (3, 5, 8, 12, 27, 29, 32, 36) (4, 9, 16, 28, 33, 40) (6, 26, 43, 14) (30, 2, 19, 38) (1, 0, 25, 24) (7, 17, 35, 22, 13, 47, 15, 21, 42, 20, 31, 41, 11, 46, 37, 23, 39, 45, 18, 44) "
"OP(4,8,6,20,3,3,3,3)",0,Solved,"0,0710"," (4t+2)","0,0748","(\infty, 44, \infty, 20) (45, 38, 34, 31, 21, 14, 10, 7) (47, 42, 40, 23, 18, 16) (39, 3, 32, 6, 26, 41, 28, 46, 35, 36, 15, 27, 8, 30, 2, 17, 4, 22, 11, 12) (37, 29, 43) (13, 5, 19) (24, 1, 33) (0, 25, 9) "
"OP(6,8,20,5,5,3,3)",0,Solved,"0,0980"," (4t+2)","0,1028","(\infty, 45, 15, \infty, 39, 21) (3, 22, 23, 44, 27, 46, 47, 20) (9, 24, 12, 4, 26, 17, 1, 14, 7, 13, 33, 0, 36, 28, 2, 41, 25, 38, 31, 37) (10, 6, 16, 11, 8) (34, 30, 40, 35, 32) (42, 19, 5) (18, 43, 29) "
"OP(4,8,5,5,4,4,20)",0,Solved,"0,0530"," (4t+2)","0,0569","(\infty, 21, \infty, 45) (7, 2, 9, 17, 31, 26, 33, 41) (29, 13, 4, 8, 18) (5, 37, 28, 32, 42) (3, 1, 0, 6) (27, 25, 24, 30) (23, 38, 20, 43, 15, 36, 10, 22, 35, 16, 47, 14, 44, 19, 39, 12, 34, 46, 11, 40) "
"OP(6,8,20,4,4,4,4)",0,Solved,"0,0430"," (4t+2)","0,0465","(\infty, \infty, 23, 11, 35, 47) (31, 14, 4, 18, 7, 38, 28, 42) (13, 46, 16, 32, 19, 12, 6, 1, 2, 10, 37, 22, 40, 8, 43, 36, 30, 25, 26, 34) (44, 21, 41, 15) (20, 45, 17, 39) (9, 0, 3, 5) (33, 24, 27, 29) "
"OP(6,8,20,4,3,3,3,3)",0,Solved,"0,1800"," (4t+2)","0,1836","(\infty, 28, 32, \infty, 8, 4) (42, 45, 6, 41, 18, 21, 30, 17) (37, 5, 31, 24, 35, 1, 34, 36, 46, 40, 13, 29, 7, 0, 11, 25, 10, 12, 22, 16) (33, 38, 9, 14) (43, 26, 44) (19, 2, 20) (47, 39, 27) (23, 15, 3) "
"OP(4,8,4,4,4,20,3,3)",0,Solved,"0,0410"," (4t+2)","0,0456","(\infty, 2, \infty, 26) (3, 4, 6, 10, 27, 28, 30, 34) (1, 7, 12, 15) (25, 31, 36, 39) (5, 14, 29, 38) (11, 22, 9, 16, 45, 13, 41, 19, 44, 23, 35, 46, 33, 40, 21, 37, 17, 43, 20, 47) (18, 0, 8) (42, 24, 32) "
"OP(4,8,20,3,3,3,3,3,3)",0,Solved,"0,1030"," (4t+2)","0,1078","(\infty, 8, \infty, 32) (16, 2, 9, 12, 40, 26, 33, 36) (46, 23, 17, 5, 7, 37, 6, 1, 10, 21, 22, 47, 41, 29, 31, 13, 30, 25, 34, 45) (11, 38, 3) (35, 14, 27) (20, 4, 42) (44, 28, 18) (19, 0, 15) (43, 24, 39) "
"OP(20,8,8,8,6)",0,Solved,"0,1390"," (4t+2)","0,1428","(\infty, 19, 21, 33, 15, 4, 12, 7, 42, 11, \infty, 35, 18, 31, 36, 28, 39, 9, 45, 43) (41, 0, 34, 2, 47, 8, 14, 13) (17, 24, 10, 26, 23, 32, 38, 37) (5, 30, 40, 44, 29, 6, 16, 20) (46, 27, 1, 22, 3, 25) "
"OP(20,8,8,8,3,3)",0,Solved,"0,1070"," (4t+2)","0,1116","(\infty, 41, 34, 18, 19, 44, 0, 8, 23, 45, \infty, 21, 47, 32, 24, 20, 43, 42, 10, 17) (3, 13, 31, 29, 16, 35, 15, 6) (27, 37, 7, 5, 40, 11, 39, 30) (46, 12, 1, 28, 22, 36, 25, 4) (9, 14, 26) (33, 38, 2) "
"OP(20,8,8,7,7)",0,Solved,"0,0320"," (4t+2)","0,0368","(\infty, 45, 11, 42, 10, 23, 38, 20, 40, 15, \infty, 39, 16, 44, 14, 47, 34, 18, 35, 21) (43, 22, 13, 8, 1, 2, 12, 31) (19, 46, 37, 32, 25, 26, 36, 7) (9, 17, 28, 6, 0, 3, 5) (33, 41, 4, 30, 24, 27, 29) "
"OP(4,7,7,8,4,20)",0,Solved,"0,0450"," (4t+2)","0,0494","(\infty, 20, \infty, 44) (37, 14, 5, 3, 6, 11, 21) (13, 38, 29, 27, 30, 35, 45) (4, 0, 12, 47, 28, 24, 36, 23) (7, 1, 31, 25) (16, 15, 41, 10, 2, 9, 42, 22, 8, 19, 40, 39, 17, 34, 26, 33, 18, 46, 32, 43) "
"OP(4,8,8,5,5,20)",0,Solved,"0,0380"," (4t+2)","0,0432","(\infty, 6, \infty, 30) (11, 7, 21, 0, 46, 15, 40, 5) (35, 31, 45, 24, 22, 39, 16, 29) (9, 14, 36, 8, 20) (33, 38, 12, 32, 44) (4, 13, 3, 18, 19, 1, 17, 10, 2, 47, 28, 37, 27, 42, 43, 25, 41, 34, 26, 23) "
"OP(20,8,8,6,4,4)",0,Solved,"0,0640"," (4t+2)","0,0677","(\infty, 3, 4, 6, 9, 21, 40, 19, 5, 1, \infty, 25, 29, 43, 16, 45, 33, 30, 28, 27) (46, 26, 13, 8, 14, 23, 41, 15) (22, 2, 37, 32, 38, 47, 17, 39) (36, 11, 44, 12, 35, 20) (7, 0, 10, 18) (31, 24, 34, 42) "
"OP(20,8,8,5,5,4)",0,Solved,"0,1210"," (4t+2)","0,1250","(\infty, 44, 38, 31, 8, 10, 0, 35, 23, 40, \infty, 16, 47, 11, 24, 34, 32, 7, 14, 20) (39, 5, 4, 33, 1, 46, 6, 2) (15, 29, 28, 9, 25, 22, 30, 26) (41, 21, 42, 37, 19) (17, 45, 18, 13, 43) (27, 12, 3, 36) "
"OP(4,8,8,4,20,3,3)",0,Solved,"0,0450"," (4t+2)","0,0508","(\infty, \infty, 23, 47) (9, 5, 6, 3, 12, 43, 14, 4) (33, 29, 30, 27, 36, 19, 38, 28) (0, 11, 24, 35) (41, 16, 1, 13, 45, 15, 8, 2, 10, 31, 17, 40, 25, 37, 21, 39, 32, 26, 34, 7) (20, 46, 18) (44, 22, 42) "
"OP(20,8,8,4,4,3,3)",0,Solved,"0,1110"," (4t+2)","0,1148","(\infty, 19, 3, 4, 7, 9, 2, 12, 32, 21, \infty, 45, 8, 36, 26, 33, 31, 28, 27, 43) (22, 40, 18, 6, 0, 5, 13, 47) (46, 16, 42, 30, 24, 29, 37, 23) (41, 14, 1, 10) (17, 38, 25, 34) (11, 44, 15) (35, 20, 39) "
"OP(4,8,7,7,4,20)",0,Solved,"0,0480"," (4t+2)","0,0534","(\infty, 15, \infty, 39) (42, 12, 5, 3, 18, 36, 29, 27) (37, 16, 7, 4, 0, 11, 23) (13, 40, 31, 28, 24, 35, 47) (6, 1, 30, 25) (17, 43, 20, 10, 2, 8, 9, 22, 38, 21, 41, 19, 44, 34, 26, 32, 33, 46, 14, 45) "
"OP(20,8,7,7,4,4)",0,Solved,"0,0560"," (4t+2)","0,0594","(\infty, 22, 43, 47, 10, 5, 35, 21, 37, 44, \infty, 20, 13, 45, 11, 29, 34, 23, 19, 46) (1, 39, 3, 6, 25, 15, 27, 30) (0, 9, 8, 14, 36, 16, 31) (24, 33, 32, 38, 12, 40, 7) (17, 4, 2, 42) (41, 28, 26, 18) "
"OP(4,7,7,6,6,20)",0,Solved,"0,0540"," (4t+2)","0,0585","(\infty, 1, \infty, 25) (2, 3, 9, 5, 17, 30, 13) (26, 27, 33, 29, 41, 6, 37) (12, 45, 15, 7, 0, 10) (36, 21, 39, 31, 24, 34) (4, 47, 8, 11, 40, 19, 44, 18, 46, 14, 28, 23, 32, 35, 16, 43, 20, 42, 22, 38) "
"OP(6,7,7,6,20,4)",0,Solved,"0,1940"," (4t+2)","0,1983","(\infty, 17, 5, \infty, 29, 41) (11, 3, 47, 2, 16, 21, 42) (35, 27, 23, 26, 40, 45, 18) (1, 12, 10, 25, 36, 34) (13, 19, 0, 20, 7, 14, 4, 22, 6, 15, 37, 43, 24, 44, 31, 38, 28, 46, 30, 39) (9, 8, 33, 32) "
"OP(4,7,7,6,20,3,3)",0,Solved,"0,0430"," (4t+2)","0,0466","(\infty, 2, \infty, 26) (3, 4, 6, 9, 1, 7, 14) (27, 28, 30, 33, 25, 31, 38) (8, 12, 41, 32, 36, 17) (11, 21, 37, 16, 39, 22, 44, 10, 43, 23, 35, 45, 13, 40, 15, 46, 20, 34, 19, 47) (18, 0, 5) (42, 24, 29) "
"OP(6,7,7,20,5,5)",0,Solved,"0,0660"," (4t+2)","0,0698","(\infty, 2, 28, \infty, 4, 26) (33, 37, 6, 40, 32, 38, 5) (9, 13, 30, 16, 8, 14, 29) (45, 24, 1, 36, 7, 46, 43, 42, 44, 39, 21, 0, 25, 12, 31, 22, 19, 18, 20, 15) (23, 34, 41, 3, 35) (47, 10, 17, 27, 11) "
"OP(6,7,7,20,4,3,3)",0,Solved,"0,0680"," (4t+2)","0,0726","(\infty, 20, 4, \infty, 28, 44) (10, 33, 42, 39, 47, 3, 16) (34, 9, 18, 15, 23, 27, 40) (14, 41, 8, 45, 7, 6, 35, 1, 13, 43, 38, 17, 32, 21, 31, 30, 11, 25, 37, 19) (29, 36, 5, 12) (0, 2, 22) (24, 26, 46) "
"OP(4,7,7,4,4,4,20)",0,Solved,"0,0550"," (4t+2)","0,0591","(\infty, 1, \infty, 25) (2, 3, 0, 4, 23, 5, 7) (26, 27, 24, 28, 47, 29, 31) (9, 19, 12, 21) (33, 43, 36, 45) (17, 6, 41, 30) (37, 16, 10, 18, 44, 11, 39, 8, 22, 38, 13, 40, 34, 42, 20, 35, 15, 32, 46, 14) "
"OP(4,7,7,20,3,3,3,3)",0,Solved,"0,1350"," (4t+2)","0,1400","(\infty, 28, \infty, 4) (37, 31, 45, 43, 25, 40, 27) (13, 7, 21, 19, 1, 16, 3) (29, 6, 35, 36, 47, 39, 34, 41, 44, 32, 5, 30, 11, 12, 23, 15, 10, 17, 20, 8) (38, 42, 22) (14, 18, 46) (24, 33, 2) (0, 9, 26) "
"OP(20,8,6,6,6,4)",0,Solved,"0,0790"," (4t+2)","0,0826","(\infty, 1, 46, 45, 23, 13, 8, 38, 5, 9, \infty, 33, 29, 14, 32, 37, 47, 21, 22, 25) (19, 40, 11, 31, 43, 16, 35, 7) (3, 10, 2, 0, 17, 42) (27, 34, 26, 24, 41, 18) (12, 6, 20, 36, 30, 44) (39, 4, 15, 28) "
"OP(20,8,6,6,5,5)",0,Solved,"0,0500"," (4t+2)","0,0542","(\infty, 33, 17, 6, 16, 31, 43, 12, 35, 15, \infty, 39, 11, 36, 19, 7, 40, 30, 41, 9) (20, 42, 23, 10, 44, 18, 47, 34) (1, 2, 4, 22, 13, 5) (25, 26, 28, 46, 37, 29) (14, 21, 0, 3, 8) (38, 45, 24, 27, 32) "
"OP(20,8,6,6,4,3,3)",0,Solved,"0,0470"," (4t+2)","0,0513","(\infty, 45, 29, 35, 39, 0, 46, 38, 8, 31, \infty, 7, 32, 14, 22, 24, 15, 11, 5, 21) (41, 27, 10, 37, 17, 3, 34, 13) (36, 47, 44, 9, 42, 43) (12, 23, 20, 33, 18, 19) (1, 30, 25, 6) (2, 40, 28) (26, 16, 4) "
"OP(20,8,6,5,5,3,3)",0,Solved,"0,0660"," (4t+2)","0,0728","(\infty, 11, 5, 6, 45, 13, 16, 12, 4, 19, \infty, 43, 28, 36, 40, 37, 21, 30, 29, 35) (7, 0, 18, 8, 31, 24, 42, 32) (9, 20, 47, 33, 44, 23) (3, 1, 14, 2, 22) (27, 25, 38, 26, 46) (15, 41, 10) (39, 17, 34) "
"OP(4,8,5,5,4,4,20)",0,Solved,"0,0510"," (4t+2)","0,0543","(\infty, 21, \infty, 45) (7, 2, 9, 17, 31, 26, 33, 41) (29, 13, 4, 8, 18) (5, 37, 28, 32, 42) (3, 1, 0, 6) (27, 25, 24, 30) (23, 38, 20, 43, 15, 36, 10, 22, 35, 16, 47, 14, 44, 19, 39, 12, 34, 46, 11, 40) "
"OP(20,8,6,4,4,4,4)",0,Solved,"0,1710"," (4t+2)","0,1760","(\infty, 40, 20, 9, 23, 45, 22, 12, 41, 14, \infty, 38, 17, 36, 46, 21, 47, 33, 44, 16) (6, 4, 3, 15, 30, 28, 27, 39) (0, 5, 8, 24, 29, 32) (2, 10, 19, 37) (26, 34, 43, 13) (7, 11, 18, 1) (31, 35, 42, 25) "
"OP(20,8,6,4,3,3,3,3)",0,Solved,"0,1610"," (4t+2)","0,1645","(\infty, 19, 44, 16, 42, 21, 39, 23, 9, 11, \infty, 35, 33, 47, 15, 45, 18, 40, 20, 43) (41, 22, 10, 0, 17, 46, 34, 24) (3, 6, 14, 27, 30, 38) (4, 13, 28, 37) (2, 7, 8) (26, 31, 32) (1, 12, 5) (25, 36, 29) "
"OP(4,8,4,4,5,5,20)",0,Solved,"0,0470"," (4t+2)","0,0514","(\infty, 15, \infty, 39) (3, 17, 47, 12, 27, 41, 23, 36) (45, 18, 46, 20) (21, 42, 22, 44) (11, 19, 14, 10, 1) (35, 43, 38, 34, 25) (2, 13, 32, 16, 4, 5, 7, 0, 6, 9, 26, 37, 8, 40, 28, 29, 31, 24, 30, 33) "
"OP(20,8,5,5,4,4,4)",0,Solved,"0,2210"," (4t+2)","0,2257","(\infty, \infty, 23, 9, 3, 20, 40, 4, 13, 39, 21, 45, 15, 37, 28, 16, 44, 27, 33, 47) (17, 2, 7, 18, 41, 26, 31, 42) (1, 5, 6, 22, 14) (25, 29, 30, 46, 38) (0, 10, 12, 19) (24, 34, 36, 43) (11, 8, 35, 32) "
"OP(20,8,5,5,3,3,3,3)",0,Solved,"0,1810"," (4t+2)","0,1857","(\infty, 20, 37, 23, 43, 38, 0, 36, 34, 16, \infty, 40, 10, 12, 24, 14, 19, 47, 13, 44) (4, 25, 9, 3, 28, 1, 33, 27) (42, 31, 2, 35, 39) (18, 7, 26, 11, 15) (29, 22, 21) (5, 46, 45) (8, 30, 17) (32, 6, 41) "
"OP(4,8,4,4,4,20,3,3)",0,Solved,"0,0410"," (4t+2)","0,0454","(\infty, 2, \infty, 26) (3, 4, 6, 10, 27, 28, 30, 34) (1, 7, 12, 15) (25, 31, 36, 39) (5, 14, 29, 38) (11, 22, 9, 16, 45, 13, 41, 19, 44, 23, 35, 46, 33, 40, 21, 37, 17, 43, 20, 47) (18, 0, 8) (42, 24, 32) "
"OP(20,8,4,4,4,4,3,3)",0,Solved,"0,1460"," (4t+2)","0,1499","(\infty, 38, 16, 32, 46, 1, 2, 6, 35, 44, \infty, 20, 11, 30, 26, 25, 22, 8, 40, 14) (33, 10, 41, 36, 9, 34, 17, 12) (5, 23, 43, 45) (29, 47, 19, 21) (27, 15, 4, 42) (3, 39, 28, 18) (0, 13, 7) (24, 37, 31) "
"OP(20,8,4,3,3,3,3,3,3)",0,Solved,"0,2520"," (4t+2)","0,2552","(\infty, 30, 47, 0, 43, 3, 41, 13, 7, 32, \infty, 8, 31, 37, 17, 27, 19, 24, 23, 6) (12, 42, 45, 34, 36, 18, 21, 10) (44, 29, 20, 5) (40, 33, 11) (16, 9, 35) (2, 46, 14) (26, 22, 38) (28, 1, 15) (4, 25, 39) "
"OP(4,6,6,7,7,20)",0,Solved,"0,0470"," (4t+2)","0,0513","(\infty, \infty, 23, 47) (3, 19, 44, 18, 45, 15) (27, 43, 20, 42, 21, 39) (11, 16, 36, 22, 14, 10, 1) (35, 40, 12, 46, 38, 34, 25) (2, 13, 32, 17, 4, 5, 7, 0, 6, 9, 26, 37, 8, 41, 28, 29, 31, 24, 30, 33) "
"OP(6,6,7,7,20,4)",0,Solved,"0,1250"," (4t+2)","0,1295","(\infty, 13, 47, \infty, 23, 37) (20, 33, 15, 44, 9, 39) (0, 7, 16, 19, 4, 3, 5) (24, 31, 40, 43, 28, 27, 29) (18, 8, 2, 34, 17, 38, 12, 35, 46, 6, 42, 32, 26, 10, 41, 14, 36, 11, 22, 30) (1, 21, 25, 45) "
"OP(4,6,7,7,20,3,3)",0,Solved,"0,0810"," (4t+2)","0,0851","(\infty, 24, \infty, 0) (4, 1, 6, 28, 25, 30) (40, 9, 5, 34, 44, 43, 8) (16, 33, 29, 10, 20, 19, 32) (22, 7, 35, 42, 21, 3, 39, 41, 47, 38, 46, 31, 11, 18, 45, 27, 15, 17, 23, 14) (13, 2, 36) (37, 26, 12) "
"OP(20,7,7,6,6,4)",0,Solved,"0,1460"," (4t+2)","0,1498","(\infty, 10, 23, 33, 11, 3, 19, 8, 2, 38, \infty, 14, 26, 32, 43, 27, 35, 9, 47, 34) (12, 45, 18, 20, 16, 41, 13) (36, 21, 42, 44, 40, 17, 37) (7, 0, 39, 5, 22, 4) (31, 24, 15, 29, 46, 28) (1, 6, 25, 30) "
"OP(20,7,7,6,5,5)",0,Solved,"0,0820"," (4t+2)","0,0864","(\infty, 17, 2, 3, 1, 14, 33, 13, 47, 15, \infty, 39, 23, 37, 9, 38, 25, 27, 26, 41) (12, 22, 34, 4, 45, 5, 8) (36, 46, 10, 28, 21, 29, 32) (16, 42, 19, 40, 18, 43) (6, 11, 20, 31, 0) (30, 35, 44, 7, 24) "
"OP(20,7,7,6,4,3,3)",0,Solved,"0,0480"," (4t+2)","0,0533","(\infty, 4, 13, 23, 8, 22, 33, 12, 40, 18, \infty, 42, 16, 36, 9, 46, 32, 47, 37, 28) (0, 2, 3, 6, 10, 17, 5) (24, 26, 27, 30, 34, 41, 29) (14, 39, 21, 38, 15, 45) (35, 19, 11, 43) (1, 20, 7) (25, 44, 31) "
"OP(20,7,7,5,5,3,3)",0,Solved,"0,0440"," (4t+2)","0,0486","(\infty, 4, 3, 19, 39, 17, 46, 32, 35, 42, \infty, 18, 11, 8, 22, 41, 15, 43, 27, 28) (33, 24, 37, 25, 29, 21, 10) (9, 0, 13, 1, 5, 45, 34) (23, 44, 38, 36, 6) (47, 20, 14, 12, 30) (2, 7, 40) (26, 31, 16) "
"OP(4,7,7,4,4,4,20)",0,Solved,"0,0510"," (4t+2)","0,0557","(\infty, 1, \infty, 25) (2, 3, 0, 4, 23, 5, 7) (26, 27, 24, 28, 47, 29, 31) (9, 19, 12, 21) (33, 43, 36, 45) (17, 6, 41, 30) (37, 16, 10, 18, 44, 11, 39, 8, 22, 38, 13, 40, 34, 42, 20, 35, 15, 32, 46, 14) "
"OP(20,7,7,4,4,4,4)",0,Solved,"0,0470"," (4t+2)","0,0511","(\infty, 36, 23, 13, 7, 2, 5, 1, 3, 4, \infty, 28, 27, 25, 29, 26, 31, 37, 47, 12) (42, 20, 9, 0, 8, 15, 30) (18, 44, 33, 24, 32, 39, 6) (35, 21, 41, 10) (11, 45, 17, 34) (43, 14, 46, 16) (19, 38, 22, 40) "
"OP(20,7,7,4,3,3,3,3)",0,Solved,"0,2430"," (4t+2)","0,2474","(\infty, 43, 22, 6, 18, 35, 10, 40, 20, 39, \infty, 15, 44, 16, 34, 11, 42, 30, 46, 19) (1, 8, 21, 13, 7, 4, 2) (25, 32, 45, 37, 31, 28, 26) (3, 17, 27, 41) (9, 0, 5) (33, 24, 29) (12, 23, 38) (36, 47, 14) "
"OP(6,6,6,6,6,20)",0,Solved,"0,0700"," (4t+2)","0,0740","(\infty, 15, 41, \infty, 17, 39) (7, 12, 16, 2, 0, 8) (31, 36, 40, 26, 24, 32) (43, 11, 23, 4, 22, 1) (19, 35, 47, 28, 46, 25) (10, 45, 20, 3, 13, 6, 9, 42, 5, 14, 34, 21, 44, 27, 37, 30, 33, 18, 29, 38) "
"OP(6,6,6,6,20,3,3)",0,Solved,"0,1320"," (4t+2)","0,1371","(\infty, 12, 30, \infty, 6, 36) (1, 42, 2, 16, 37, 11) (25, 18, 26, 40, 13, 35) (20, 8, 27, 44, 32, 3) (4, 7, 23, 0, 9, 22, 21, 15, 19, 17, 28, 31, 47, 24, 33, 46, 45, 39, 43, 41) (5, 38, 10) (29, 14, 34) "
"OP(4,6,6,6,4,4,20)",0,Solved,"0,0420"," (4t+2)","0,0461","(\infty, 36, \infty, 12) (35, 41, 33, 4, 37, 40) (11, 17, 9, 28, 13, 16) (31, 47, 24, 7, 23, 0) (2, 38, 39, 46) (26, 14, 15, 22) (27, 45, 34, 43, 30, 44, 42, 32, 5, 25, 3, 21, 10, 19, 6, 20, 18, 8, 29, 1) "
"OP(4,6,6,5,5,4,20)",0,Solved,"0,0440"," (4t+2)","0,0477","(\infty, 1, \infty, 25) (2, 3, 9, 5, 13, 15) (26, 27, 33, 29, 37, 39) (6, 17, 36, 14, 42) (30, 41, 12, 38, 18) (0, 7, 24, 31) (4, 47, 8, 11, 21, 46, 16, 43, 10, 44, 28, 23, 32, 35, 45, 22, 40, 19, 34, 20) "
"OP(6,6,6,20,4,4,4)",0,Solved,"0,1200"," (4t+2)","0,1237","(\infty, 4, 42, \infty, 18, 28) (5, 6, 20, 13, 9, 0) (29, 30, 44, 37, 33, 24) (23, 10, 7, 1, 12, 39, 22, 14, 2, 27, 47, 34, 31, 25, 36, 15, 46, 38, 26, 3) (8, 40, 11, 41) (32, 16, 35, 17) (19, 21, 43, 45) "
"OP(6,6,6,20,3,3,3,3)",0,Solved,"0,2480"," (4t+2)","0,2520","(\infty, 2, 46, \infty, 22, 26) (36, 17, 24, 32, 1, 3) (12, 41, 0, 8, 25, 27) (9, 44, 14, 13, 19, 45, 42, 5, 15, 47, 33, 20, 38, 37, 43, 21, 18, 29, 39, 23) (6, 34, 11) (30, 10, 35) (40, 4, 31) (16, 28, 7) "
"OP(4,6,6,4,4,20,3,3)",0,Solved,"0,0550"," (4t+2)","0,0582","(\infty, 3, \infty, 27) (4, 5, 7, 13, 22, 9) (28, 29, 31, 37, 46, 33) (16, 1, 38, 26) (40, 25, 14, 2) (11, 8, 15, 23, 43, 17, 36, 20, 45, 18, 35, 32, 39, 47, 19, 41, 12, 44, 21, 42) (0, 30, 34) (24, 6, 10) "
"OP(4,6,5,5,5,5,20)",0,Solved,"0,0690"," (4t+2)","0,0729","(\infty, 3, \infty, 27) (41, 0, 6, 17, 24, 30) (9, 21, 20, 42, 23) (33, 45, 44, 18, 47) (11, 15, 2, 10, 1) (35, 39, 26, 34, 25) (12, 7, 5, 8, 28, 13, 38, 22, 40, 19, 36, 31, 29, 32, 4, 37, 14, 46, 16, 43) "
"OP(6,6,20,5,5,4,4)",0,Solved,"0,0350"," (4t+2)","0,0394","(\infty, 2, 18, \infty, 42, 26) (4, 30, 1, 28, 6, 25) (35, 23, 24, 9, 20, 27, 21, 7, 10, 41, 11, 47, 0, 33, 44, 3, 45, 31, 34, 17) (46, 37, 32, 36, 38) (22, 13, 8, 12, 14) (40, 15, 43, 5) (16, 39, 19, 29) "
"OP(4,6,5,5,4,20,3,3)",0,Solved,"0,0450"," (4t+2)","0,0494","(\infty, 9, \infty, 33) (38, 17, 15, 14, 41, 39) (8, 2, 7, 36, 16) (32, 26, 31, 12, 40) (11, 0, 35, 24) (5, 1, 10, 13, 47, 21, 6, 18, 28, 46, 29, 25, 34, 37, 23, 45, 30, 42, 4, 22) (19, 44, 3) (43, 20, 27) "
"OP(6,6,20,4,4,4,3,3)",0,Solved,"0,0750"," (4t+2)","0,0783","(\infty, 4, 32, \infty, 8, 28) (39, 45, 34, 15, 21, 10) (41, 2, 37, 29, 24, 46, 1, 31, 6, 38, 17, 26, 13, 5, 0, 22, 25, 7, 30, 14) (47, 40, 36, 35) (23, 16, 12, 11) (33, 43, 9, 19) (44, 27, 42) (20, 3, 18) "
"OP(6,6,20,3,3,3,3,3,3)",0,Solved,"0,0750"," (4t+2)","0,0795","(\infty, 17, 23, \infty, 47, 41) (1, 13, 42, 25, 37, 18) (15, 11, 4, 6, 9, 10, 38, 46, 8, 21, 39, 35, 28, 30, 33, 34, 14, 22, 32, 45) (36, 2, 27) (12, 26, 3) (44, 29, 7) (20, 5, 31) (0, 16, 43) (24, 40, 19) "
"OP(4,6,4,4,4,4,4,20)",0,Solved,"0,0710"," (4t+2)","0,0753","(\infty, 16, \infty, 40) (13, 44, 18, 37, 20, 42) (21, 7, 3, 23) (45, 31, 27, 47) (22, 4, 43, 11) (46, 28, 19, 35) (12, 9, 36, 33) (1, 8, 41, 5, 10, 0, 6, 14, 15, 2, 25, 32, 17, 29, 34, 24, 30, 38, 39, 26) "
"OP(4,6,4,4,20,3,3,3,3)",0,Solved,"0,1260"," (4t+2)","0,1314","(\infty, 8, \infty, 32) (4, 39, 40, 28, 15, 16) (3, 20, 2, 12) (27, 44, 26, 36) (35, 46, 38, 41, 13, 18, 34, 9, 30, 45, 11, 22, 14, 17, 37, 42, 10, 33, 6, 21) (0, 7, 29) (24, 31, 5) (23, 19, 25) (47, 43, 1) "
"OP(20,6,6,6,6,6)",0,Solved,"0,0590"," (4t+2)","0,0628","(\infty, 41, 19, 33, 15, 0, 13, 45, 20, 47, \infty, 23, 44, 21, 37, 24, 39, 9, 43, 17) (14, 42, 11, 12, 1, 5) (38, 18, 35, 36, 25, 29) (8, 16, 6, 4, 7, 2) (32, 40, 30, 28, 31, 26) (46, 10, 3, 22, 34, 27) "
"OP(20,6,6,6,6,3,3)",0,Solved,"0,0900"," (4t+2)","0,0943","(\infty, 42, 21, 3, 22, 44, 19, 39, 29, 16, \infty, 40, 5, 15, 43, 20, 46, 27, 45, 18) (47, 35, 1, 38, 6, 8) (23, 11, 25, 14, 30, 32) (0, 7, 4, 10, 2, 33) (24, 31, 28, 34, 26, 9) (12, 13, 17) (36, 37, 41) "
"OP(4,5,5,6,6,4,20)",0,Solved,"0,0510"," (4t+2)","0,0561","(\infty, 2, \infty, 26) (3, 4, 7, 11, 1) (27, 28, 31, 35, 25) (5, 12, 20, 8, 33, 14) (29, 36, 44, 32, 9, 38) (10, 21, 34, 45) (16, 43, 17, 37, 22, 39, 23, 18, 0, 6, 40, 19, 41, 13, 46, 15, 47, 42, 24, 30) "
"OP(20,6,6,6,4,4,4)",0,Solved,"0,3560"," (4t+2)","0,3592","(\infty, 43, 10, 8, 4, 7, 20, 21, 38, 17, \infty, 41, 14, 45, 44, 31, 28, 32, 34, 19) (6, 1, 12, 5, 13, 22) (30, 25, 36, 29, 37, 46) (47, 18, 0, 23, 42, 24) (9, 35, 15, 3) (33, 11, 39, 27) (16, 2, 40, 26) "
"OP(20,6,6,6,3,3,3,3)",0,Solved,"0,0540"," (4t+2)","0,0583","(\infty, 43, 41, 13, 5, 23, 8, 31, 4, 15, \infty, 39, 28, 7, 32, 47, 29, 37, 17, 19) (2, 16, 33, 21, 14, 18) (26, 40, 9, 45, 38, 42) (3, 0, 22, 27, 24, 46) (35, 34, 44) (11, 10, 20) (25, 6, 12) (1, 30, 36) "
"OP(4,5,5,6,5,5,20)",0,Solved,"0,0420"," (4t+2)","0,0457","(\infty, 1, \infty, 25) (2, 3, 9, 5, 13) (26, 27, 33, 29, 37) (6, 20, 46, 30, 44, 22) (39, 19, 7, 0, 10) (15, 43, 31, 24, 34) (4, 47, 8, 11, 38, 21, 36, 18, 16, 41, 28, 23, 32, 35, 14, 45, 12, 42, 40, 17) "
"OP(20,6,6,5,5,4,4)",0,Solved,"0,0780"," (4t+2)","0,0819","(\infty, 39, 22, 12, 3, 11, 43, 16, 45, 23, \infty, 47, 21, 40, 19, 35, 27, 36, 46, 15) (41, 18, 6, 5, 1, 8) (17, 42, 30, 29, 25, 32) (33, 44, 14, 0, 13) (9, 20, 38, 24, 37) (4, 10, 7, 2) (28, 34, 31, 26) "
"OP(4,5,5,6,4,20,3,3)",0,Solved,"0,2240"," (4t+2)","0,2283","(\infty, 4, \infty, 28) (8, 3, 9, 16, 17) (32, 27, 33, 40, 41) (14, 46, 13, 38, 22, 37) (7, 5, 31, 29) (12, 1, 11, 23, 10, 2, 6, 20, 39, 19, 36, 25, 35, 47, 34, 26, 30, 44, 15, 43) (21, 0, 18) (45, 24, 42) "
"OP(20,6,6,4,4,4,3,3)",0,Solved,"0,0400"," (4t+2)","0,0438","(\infty, 26, 11, 16, 39, 28, 10, 1, 32, 6, \infty, 30, 8, 25, 34, 4, 15, 40, 35, 2) (5, 45, 33, 17, 31, 3) (29, 21, 9, 41, 7, 27) (13, 14, 24, 20) (37, 38, 0, 44) (43, 22, 19, 46) (23, 42, 36) (47, 18, 12) "
"OP(20,6,6,3,3,3,3,3,3)",0,Solved,"0,1320"," (4t+2)","0,1354","(\infty, 15, 44, 16, 47, 14, 37, 7, 19, 45, \infty, 21, 43, 31, 13, 38, 23, 40, 20, 39) (33, 22, 12, 4, 10, 17) (9, 46, 36, 28, 34, 41) (6, 2, 11) (30, 26, 35) (1, 0, 3) (25, 24, 27) (5, 18, 32) (29, 42, 8) "
"OP(20,6,5,5,5,5,4)",0,Solved,"0,0650"," (4t+2)","0,0686","(\infty, 44, 33, 6, 39, 32, 24, 46, 47, 28, \infty, 4, 23, 22, 0, 8, 15, 30, 9, 20) (45, 36, 31, 21, 12, 7) (34, 2, 25, 37, 3) (10, 26, 1, 13, 27) (43, 40, 5, 35, 41) (19, 16, 29, 11, 17) (42, 38, 18, 14) "
"OP(4,5,5,5,5,20,3,3)",0,Solved,"0,0600"," (4t+2)","0,0655","(\infty, 3, \infty, 27) (14, 7, 5, 15, 46) (38, 31, 29, 39, 22) (41, 11, 0, 40, 13) (17, 35, 24, 16, 37) (21, 2, 8, 12, 9, 4, 19, 18, 6, 20, 45, 26, 32, 36, 33, 28, 43, 42, 30, 44) (1, 23, 10) (25, 47, 34) "
"OP(20,6,5,5,4,4,3,3)",0,Solved,"0,0890"," (4t+2)","0,0934","(\infty, 6, 21, 4, 23, 2, 5, 16, 46, 20, \infty, 44, 22, 40, 29, 26, 47, 28, 45, 30) (0, 13, 1, 24, 37, 25) (10, 14, 7, 8, 18) (34, 38, 31, 32, 42) (15, 9, 11, 43) (39, 33, 35, 19) (12, 3, 17) (36, 27, 41) "
"OP(4,5,5,4,4,4,4,20)",0,Solved,"0,0490"," (4t+2)","0,0530","(\infty, 15, \infty, 39) (3, 11, 21, 41, 18) (27, 35, 45, 17, 42) (20, 47, 12, 46) (44, 23, 36, 22) (19, 14, 10, 1) (43, 38, 34, 25) (2, 13, 32, 16, 4, 5, 7, 0, 6, 9, 26, 37, 8, 40, 28, 29, 31, 24, 30, 33) "
"OP(4,5,5,4,20,3,3,3,3)",0,Solved,"0,0940"," (4t+2)","0,0980","(\infty, 25, \infty, 1) (23, 3, 36, 37, 35) (47, 27, 12, 13, 11) (46, 43, 22, 19) (45, 38, 34, 4, 30, 7, 44, 39, 5, 40, 21, 14, 10, 28, 6, 31, 20, 15, 29, 16) (41, 24, 33) (17, 0, 9) (32, 26, 42) (8, 2, 18) "
"OP(20,6,4,4,4,4,4,4)",0,Solved,"0,0880"," (4t+2)","0,0929","(\infty, 40, 12, 8, 6, 0, 7, 21, 43, 14, \infty, 38, 19, 45, 31, 24, 30, 32, 36, 16) (10, 1, 9, 34, 25, 33) (3, 2, 5, 15) (27, 26, 29, 39) (18, 35, 46, 13) (42, 11, 22, 37) (17, 47, 20, 4) (41, 23, 44, 28) "
"OP(20,6,4,4,4,3,3,3,3)",0,Solved,"0,2470"," (4t+2)","0,2510","(\infty, 0, 2, 5, 9, 4, 12, 40, 21, 46, \infty, 22, 45, 16, 36, 28, 33, 29, 26, 24) (20, 38, 23, 44, 14, 47) (8, 1, 7, 19) (32, 25, 31, 43) (3, 13, 27, 37) (6, 41, 15) (30, 17, 39) (11, 10, 42) (35, 34, 18) "
"OP(20,6,3,3,3,3,3,3,3,3)",0,Solved,"0,0490"," (4t+2)","0,0532","(\infty, 5, 6, 8, 38, 18, 44, 13, 46, 21, \infty, 45, 22, 37, 20, 42, 14, 32, 30, 29) (7, 0, 10, 31, 24, 34) (9, 1, 12) (33, 25, 36) (23, 17, 4) (47, 41, 28) (11, 2, 16) (35, 26, 40) (15, 19, 3) (39, 43, 27) "
"OP(20,5,5,5,5,5,5)",0,Solved,"0,0450"," (4t+2)","0,0494","(\infty, 6, 3, 11, 32, 15, 47, 21, 41, 16, \infty, 40, 17, 45, 23, 39, 8, 35, 27, 30) (7, 20, 10, 5, 1) (31, 44, 34, 29, 25) (2, 9, 46, 13, 4) (26, 33, 22, 37, 28) (42, 12, 0, 14, 43) (18, 36, 24, 38, 19) "
"OP(20,5,5,5,5,4,3,3)",0,Solved,"0,0450"," (4t+2)","0,0495","(\infty, 20, 21, 2, 22, 8, 23, 13, 30, 14, \infty, 38, 6, 37, 47, 32, 46, 26, 45, 44) (15, 41, 16, 9, 3) (39, 17, 40, 33, 27) (10, 12, 42, 5, 1) (34, 36, 18, 29, 25) (7, 4, 31, 28) (11, 19, 24) (35, 43, 0) "
"OP(4,4,4,5,5,4,4,20)",0,Solved,"0,0400"," (4t+2)","0,0440","(\infty, 1, \infty, 25) (9, 3, 12, 2) (33, 27, 36, 26) (0, 46, 16, 4, 8) (24, 22, 40, 28, 32) (17, 6, 11, 39) (41, 30, 35, 15) (7, 10, 37, 18, 5, 19, 20, 45, 14, 47, 31, 34, 13, 42, 29, 43, 44, 21, 38, 23) "
"OP(4,4,5,5,20,3,3,3,3)",0,Solved,"0,0860"," (4t+2)","0,0904","(\infty, 43, \infty, 19) (3, 17, 27, 41) (35, 8, 14, 42, 40) (11, 32, 38, 18, 16) (0, 47, 36, 6, 2, 5, 44, 31, 9, 1, 24, 23, 12, 30, 26, 29, 20, 7, 33, 25) (22, 34, 15) (46, 10, 39) (21, 37, 4) (45, 13, 28) "
"OP(20,5,5,4,4,4,4,4)",0,Solved,"0,2170"," (4t+2)","0,2205","(\infty, \infty, 23, 9, 44, 12, 40, 13, 38, 21, 39, 15, 45, 14, 37, 16, 36, 20, 33, 47) (19, 18, 6, 2, 4) (43, 42, 30, 26, 28) (0, 22, 11, 3) (24, 46, 35, 27) (8, 1, 7, 17) (32, 25, 31, 41) (5, 10, 29, 34) "
"OP(20,5,5,4,4,3,3,3,3)",0,Solved,"0,0360"," (4t+2)","0,0401","(\infty, 19, 3, 20, 47, 38, 16, 39, 21, 35, \infty, 11, 45, 15, 40, 14, 23, 44, 27, 43) (13, 32, 17, 12, 1) (37, 8, 41, 36, 25) (2, 9, 22, 42) (26, 33, 46, 18) (4, 5, 7) (28, 29, 31) (0, 10, 6) (24, 34, 30) "
"OP(4,4,4,4,4,4,20,3,3)",0,Solved,"0,0550"," (4t+2)","0,0592","(\infty, 42, \infty, 18) (33, 38, 1, 31) (9, 14, 25, 7) (36, 3, 28, 0) (12, 27, 4, 24) (39, 32, 15, 8) (26, 47, 46, 30, 43, 5, 34, 40, 44, 41, 2, 23, 22, 6, 19, 29, 10, 16, 20, 17) (37, 45, 11) (13, 21, 35) "
"OP(4,4,4,20,3,3,3,3,3,3)",0,Solved,"0,0440"," (4t+2)","0,0474","(\infty, 2, \infty, 26) (4, 5, 7, 10) (28, 29, 31, 34) (18, 33, 16, 27, 17, 38, 47, 21, 37, 19, 42, 9, 40, 3, 41, 14, 23, 45, 13, 43) (15, 22, 35) (39, 46, 11) (0, 12, 8) (24, 36, 32) (1, 20, 6) (25, 44, 30) "
"OP(20,4,4,4,4,4,4,3,3)",0,Solved,"0,0450"," (4t+2)","0,0495","(\infty, 38, 21, 41, 16, 46, 33, 18, 8, 20, \infty, 44, 32, 42, 9, 22, 40, 17, 45, 14) (37, 10, 39, 23) (13, 34, 15, 47) (1, 2, 11, 7) (25, 26, 35, 31) (19, 30, 4, 12) (43, 6, 28, 36) (0, 5, 3) (24, 29, 27) "
"OP(20,4,4,4,3,3,3,3,3,3)",0,Solved,"0,1990"," (4t+2)","0,2025","(\infty, 30, 39, 5, 12, 18, 28, 10, 9, 46, \infty, 22, 33, 34, 4, 42, 36, 29, 15, 6) (38, 13, 26, 41) (14, 37, 2, 17) (47, 21, 23, 45) (43, 16, 24) (19, 40, 0) (1, 32, 44) (25, 8, 20) (35, 3, 31) (11, 27, 7) "
"OP(20,3,3,3,3,3,3,3,3,3,3)",0,Solved,"0,0520"," (4t+2)","0,0568","(\infty, 26, 43, 34, 5, 32, 7, 37, 41, 38, \infty, 14, 17, 13, 31, 8, 29, 10, 19, 2) (36, 30, 46) (12, 6, 22) (42, 47, 40) (18, 23, 16) (27, 35, 1) (3, 11, 25) (4, 24, 39) (28, 0, 15) (44, 45, 33) (20, 21, 9) "
"OP(20,18,12)",0,Solved,"0,0680"," (4t+2)","0,0728","(\infty, \infty, 23, 35, 10, 19, 5, 0, 42, 13, 9, 33, 37, 18, 24, 29, 43, 34, 11, 47) (16, 38, 1, 3, 2, 32, 4, 45, 7, 40, 14, 25, 27, 26, 8, 28, 21, 31) (17, 44, 12, 15, 46, 6, 41, 20, 36, 39, 22, 30) "
"OP(4,8)",0,Solved,"0,0440"," (4t+2)","0,0486","(\infty, 1, \infty, 25) (23, 3, 9, 2, 47, 27, 33, 26) "
"OP(20,18,8,4)",0,Solved,"0,0940"," (4t+2)","0,0987","(\infty, 5, 46, 35, 38, 3, 34, 36, 42, 37, \infty, 13, 18, 12, 10, 27, 14, 11, 22, 29) (41, 45, 26, 40, 30, 4, 43, 31, 1, 17, 21, 2, 16, 6, 28, 19, 7, 25) (44, 24, 39, 47, 20, 0, 15, 23) (32, 33, 8, 9) "
"OP(6,6)",0,Solved,"0,0740"," (4t+2)","0,0784","(\infty, 44, 36, \infty, 12, 20) (39, 0, 13, 15, 24, 37) "
"OP(20,18,6,6)",0,Solved,"0,0400"," (4t+2)","0,0462","(\infty, 36, 16, 4, 17, 42, 23, 39, 22, 44, \infty, 20, 46, 15, 47, 18, 41, 28, 40, 12) (13, 34, 19, 8, 1, 2, 11, 21, 7, 37, 10, 43, 32, 25, 26, 35, 45, 31) (9, 14, 6, 0, 3, 5) (33, 38, 30, 24, 27, 29) "
"OP(20,18,6,3,3)",0,Solved,"0,1340"," (4t+2)","0,1393","(\infty, 18, 8, 19, 46, 14, 5, 10, 4, 12, \infty, 36, 28, 34, 29, 38, 22, 43, 32, 42) (3, 6, 47, 13, 41, 15, 45, 9, 44, 27, 30, 23, 37, 17, 39, 21, 33, 20) (1, 0, 2, 25, 24, 26) (40, 11, 7) (16, 35, 31) "
"OP(4,4,4)",0,Solved,"0,0450"," (4t+2)","0,0484","(\infty, 10, \infty, 34) (38, 19, 4, 20) (14, 43, 28, 44) "
"OP(20,18,4,4,4)",0,Solved,"0,0750"," (4t+2)","0,0788","(\infty, 4, 1, 12, 40, 13, 45, 10, 3, 18, \infty, 42, 27, 34, 21, 37, 16, 36, 25, 28) (29, 23, 0, 8, 20, 2, 46, 15, 14, 5, 47, 24, 32, 44, 26, 22, 39, 38) (43, 9, 7, 17) (19, 33, 31, 41) (11, 6, 35, 30) "
"OP(20,18,3,3,3,3)",0,Solved,"0,0570"," (4t+2)","0,0616","(\infty, 38, 18, 5, 34, 44, 30, 23, 46, 4, \infty, 28, 22, 47, 6, 20, 10, 29, 42, 14) (0, 37, 7, 16, 1, 45, 33, 11, 32, 24, 13, 31, 40, 25, 21, 9, 35, 8) (39, 36, 41) (15, 12, 17) (26, 27, 43) (2, 3, 19) "
OP(14),0,Solved,"0,0400"," (4t+2)","0,0443","(\infty, 15, 46, 13, 5, 3, 9, \infty, 33, 27, 29, 37, 22, 39) "
"OP(4,10)",0,Solved,"0,0530"," (4t+2)","0,0578","(\infty, 17, \infty, 41) (10, 0, 12, 5, 2, 34, 24, 36, 29, 26) "
"OP(10,4)",0,Solved,"0,0810"," (4t+2)","0,0849","(\infty, 12, 43, 22, 44, \infty, 20, 46, 19, 36) (10, 45, 34, 21) "
"OP(6,8)",0,Solved,"0,0520"," (4t+2)","0,0574","(\infty, 2, 4, \infty, 28, 26) (5, 6, 11, 14, 29, 30, 35, 38) "
"OP(8,6)",0,Solved,"0,1540"," (4t+2)","0,1570","(\infty, 40, 23, 42, \infty, 18, 47, 16) (7, 4, 2, 31, 28, 26) "
"OP(8,3,3)",0,Solved,"0,0470"," (4t+2)","0,0508","(\infty, 4, 14, 30, \infty, 6, 38, 28) (12, 23, 46) (36, 47, 22) "
"OP(4,6,4)",0,Solved,"0,0670"," (4t+2)","0,0713","(\infty, 12, \infty, 36) (8, 47, 0, 32, 23, 24) (6, 40, 30, 16) "
"OP(4,5,5)",0,Solved,"0,0910"," (4t+2)","0,0946","(\infty, 44, \infty, 20) (39, 8, 24, 35, 21) (15, 32, 0, 11, 45) "
"OP(6,4,4)",0,Solved,"0,0490"," (4t+2)","0,0535","(\infty, 21, 47, \infty, 23, 45) (16, 35, 8, 43) (40, 11, 32, 19) "
"OP(4,4,3,3)",0,Solved,"0,1150"," (4t+2)","0,1185","(\infty, 12, \infty, 36) (41, 35, 17, 11) (21, 47, 19) (45, 23, 43) "
"OP(18,18,14)",0,Solved,"0,0560"," (4t+2)","0,0595","(\infty, 5, 10, 18, 7, 17, 33, 19, 39, \infty, 15, 43, 9, 41, 31, 42, 34, 29) (4, 0, 2, 3, 6, 12, 21, 47, 16, 28, 24, 26, 27, 30, 36, 45, 23, 40) (37, 22, 35, 8, 1, 20, 38, 13, 46, 11, 32, 25, 44, 14) "
"OP(19,17,11,3)",,Infeasible,,Table config is not valid,,
"OP(18,18,10,4)",0,Solved,"0,0450"," (4t+2)","0,0494","(\infty, 2, 4, 5, 11, 19, 14, 33, 16, \infty, 40, 9, 38, 43, 35, 29, 28, 26) (27, 13, 45, 18, 46, 23, 41, 15, 6, 3, 37, 21, 42, 22, 47, 17, 39, 30) (10, 0, 12, 8, 1, 34, 24, 36, 32, 25) (20, 7, 44, 31) "
"OP(19,17,9,5)",,Infeasible,,Table config is not valid,,
"OP(18,18,8,6)",0,Solved,"0,0990"," (4t+2)","0,1053","(\infty, 0, 1, 3, 6, 2, 7, 13, 4, \infty, 28, 37, 31, 26, 30, 27, 25, 24) (11, 18, 5, 15, 23, 8, 19, 36, 14, 35, 42, 29, 39, 47, 32, 43, 12, 38) (21, 46, 17, 33, 45, 22, 41, 9) (10, 40, 20, 34, 16, 44) "
"OP(18,18,8,3,3)",0,Solved,"0,1520"," (4t+2)","0,1554","(\infty, 45, 26, 3, 29, 34, 47, 20, 9, \infty, 33, 44, 23, 10, 5, 27, 2, 21) (13, 4, 6, 0, 36, 16, 1, 41, 7, 37, 28, 30, 24, 12, 40, 25, 17, 31) (42, 38, 35, 19, 18, 14, 11, 43) (46, 8, 39) (22, 32, 15) "
"OP(18,18,7,7)",0,Solved,"0,0280"," (4t+2)","0,0326","(\infty, 40, 15, 2, 9, 11, 1, 4, 12, \infty, 36, 28, 25, 35, 33, 26, 39, 16) (10, 43, 17, 44, 7, 8, 3, 23, 5, 34, 19, 41, 20, 31, 32, 27, 47, 29) (38, 21, 37, 46, 42, 30, 24) (14, 45, 13, 22, 18, 6, 0) "
"OP(19,17,7,4,3)",,Infeasible,,Table config is not valid,,
"OP(19,17,6,5,3)",,Infeasible,,Table config is not valid,,
"OP(18,18,6,4,4)",0,Solved,"0,0460"," (4t+2)","0,0506","(\infty, 1, 4, 10, 3, 2, 0, 5, 9, \infty, 33, 29, 24, 26, 27, 34, 28, 25) (8, 19, 7, 20, 41, 23, 14, 6, 16, 32, 43, 31, 44, 17, 47, 38, 30, 40) (36, 11, 45, 12, 35, 21) (39, 22, 42, 13) (15, 46, 18, 37) "
"OP(18,18,5,5,4)",0,Solved,"0,0540"," (4t+2)","0,0591","(\infty, 7, 19, 46, 16, 45, 10, 47, 15, \infty, 39, 23, 34, 21, 40, 22, 43, 31) (4, 0, 2, 3, 6, 12, 17, 37, 14, 28, 24, 26, 27, 30, 36, 41, 13, 38) (8, 18, 35, 9, 1) (32, 42, 11, 33, 25) (20, 5, 44, 29) "
"OP(19,17,5,3,3,3)",,Infeasible,,Table config is not valid,,
"OP(18,18,4,4,3,3)",0,Solved,"0,0420"," (4t+2)","0,0479","(\infty, 14, 30, 42, 39, 31, 33, 26, 4, \infty, 28, 2, 9, 7, 15, 18, 6, 38) (24, 10, 21, 22, 13, 40, 23, 17, 35, 0, 34, 45, 46, 37, 16, 47, 41, 11) (43, 20, 25, 5) (19, 44, 1, 29) (8, 12, 27) (32, 36, 3) "
"OP(16,16,18)",0,Solved,"0,0530"," (4t+2)","0,0573","(\infty, 17, 36, 21, 39, 23, 44, 19, \infty, 43, 20, 47, 15, 45, 12, 41) (14, 4, 32, 18, 10, 6, 1, 2, 38, 28, 8, 42, 34, 30, 25, 26) (40, 9, 35, 22, 13, 7, 0, 3, 5, 16, 33, 11, 46, 37, 31, 24, 27, 29) "
"OP(4,16,12,18)",0,Solved,"0,0470"," (4t+2)","0,0512","(\infty, 20, \infty, 44) (45, 9, 41, 19, 47, 32, 14, 4, 21, 33, 17, 43, 23, 8, 38, 28) (39, 18, 10, 6, 1, 2, 15, 42, 34, 30, 25, 26) (40, 11, 36, 22, 13, 7, 0, 3, 5, 16, 35, 12, 46, 37, 31, 24, 27, 29) "
"OP(12,16,18,4)",0,Solved,"0,0470"," (4t+2)","0,0512","(\infty, 6, 15, 32, 18, 38, \infty, 14, 42, 8, 39, 30) (10, 22, 12, 45, 16, 43, 17, 47, 34, 46, 36, 21, 40, 19, 41, 23) (1, 2, 4, 7, 13, 20, 9, 5, 0, 25, 26, 28, 31, 37, 44, 33, 29, 24) (3, 11, 27, 35) "
"OP(6,16,10,18)",0,Solved,"0,0480"," (4t+2)","0,0521","(\infty, 18, 46, \infty, 22, 42) (13, 5, 3, 9, 19, 7, 4, 0, 37, 29, 27, 33, 43, 31, 28, 24) (14, 15, 6, 1, 8, 38, 39, 30, 25, 32) (12, 35, 16, 2, 17, 34, 21, 47, 20, 36, 11, 40, 26, 41, 10, 45, 23, 44) "
"OP(10,16,18,6)",0,Solved,"0,0670"," (4t+2)","0,0718","(\infty, 35, 23, 1, 3, \infty, 27, 25, 47, 11) (19, 4, 0, 13, 5, 2, 9, 18, 43, 28, 24, 37, 29, 26, 33, 42) (7, 8, 45, 15, 10, 44, 17, 46, 14, 31, 32, 21, 39, 34, 20, 41, 22, 38) (12, 6, 16, 36, 30, 40) "
"OP(10,16,18,3,3)",0,Solved,"0,0710"," (4t+2)","0,0756","(\infty, 31, 3, 44, 1, \infty, 25, 20, 27, 7) (39, 36, 19, 8, 40, 17, 35, 9, 15, 12, 43, 32, 16, 41, 11, 33) (29, 37, 10, 46, 2, 21, 6, 4, 18, 5, 13, 34, 22, 26, 45, 30, 28, 42) (0, 38, 47) (24, 14, 23) "
"OP(8,16,8,18)",0,Solved,"0,0970"," (4t+2)","0,1020","(\infty, 17, 2, 3, \infty, 27, 26, 41) (1, 6, 8, 11, 18, 36, 13, 47, 25, 30, 32, 35, 42, 12, 37, 23) (14, 5, 45, 7, 38, 29, 21, 31) (40, 19, 39, 20, 9, 22, 10, 4, 0, 16, 43, 15, 44, 33, 46, 34, 28, 24) "
"OP(4,16,8,4,18)",0,Solved,"0,0580"," (4t+2)","0,0622","(\infty, 5, \infty, 29) (14, 36, 22, 40, 11, 2, 47, 34, 38, 12, 46, 16, 35, 26, 23, 10) (19, 24, 30, 45, 43, 0, 6, 21) (8, 9, 32, 33) (25, 4, 20, 13, 41, 3, 15, 7, 18, 1, 28, 44, 37, 17, 27, 39, 31, 42) "
"OP(19,16,7,5,3)",,Infeasible,,Table config is not valid,,
"OP(8,16,18,4,4)",0,Solved,"0,0840"," (4t+2)","0,0877","(\infty, 10, 43, 32, \infty, 8, 19, 34) (21, 47, 22, 42, 12, 4, 1, 11, 45, 23, 46, 18, 36, 28, 25, 35) (33, 14, 5, 3, 15, 16, 0, 17, 44, 9, 38, 29, 27, 39, 40, 24, 41, 20) (6, 13, 7, 2) (30, 37, 31, 26) "
"OP(4,16,6,6,18)",0,Solved,"0,0210"," (4t+2)","0,0245","(\infty, 4, \infty, 28) (11, 6, 12, 15, 13, 5, 21, 7, 35, 30, 36, 39, 37, 29, 45, 31) (8, 38, 2, 40, 41, 19) (32, 14, 26, 16, 17, 43) (9, 18, 22, 1, 20, 3, 10, 23, 0, 33, 42, 46, 25, 44, 27, 34, 47, 24) "
"OP(6,16,6,18,4)",0,Solved,"0,2390"," (4t+2)","0,2429","(\infty, 43, 35, \infty, 11, 19) (10, 31, 2, 38, 3, 47, 25, 36, 34, 7, 26, 14, 27, 23, 1, 12) (46, 4, 29, 22, 28, 5) (45, 42, 9, 37, 32, 41, 24, 40, 39, 21, 18, 33, 13, 8, 17, 0, 16, 15) (30, 44, 6, 20) "
"OP(4,16,6,18,3,3)",0,Solved,"0,0430"," (4t+2)","0,0466","(\infty, 22, \infty, 46) (14, 4, 15, 32, 18, 9, 34, 16, 38, 28, 39, 8, 42, 33, 10, 40) (11, 43, 23, 35, 19, 47) (7, 1, 2, 6, 13, 21, 36, 17, 44, 31, 25, 26, 30, 37, 45, 12, 41, 20) (0, 5, 3) (24, 29, 27) "
"OP(6,16,18,5,5)",0,Solved,"0,0590"," (4t+2)","0,0624","(\infty, 37, 39, \infty, 15, 13) (36, 28, 3, 6, 24, 44, 32, 38, 12, 4, 27, 30, 0, 20, 8, 14) (40, 29, 45, 31, 2, 35, 25, 46, 33, 16, 5, 21, 7, 26, 11, 1, 22, 9) (41, 34, 43, 47, 42) (17, 10, 19, 23, 18) "
"OP(6,16,18,4,3,3)",0,Solved,"0,0840"," (4t+2)","0,0881","(\infty, 15, 9, \infty, 33, 39) (11, 12, 17, 7, 14, 3, 26, 5, 35, 36, 41, 31, 38, 27, 2, 29) (30, 18, 1, 16, 13, 45, 32, 24, 10, 6, 42, 25, 40, 37, 21, 8, 0, 34) (20, 22, 44, 46) (47, 19, 28) (23, 43, 4) "
"OP(4,16,4,4,4,18)",0,Solved,"0,0400"," (4t+2)","0,0443","(\infty, 17, \infty, 41) (9, 5, 6, 3, 12, 22, 11, 4, 33, 29, 30, 27, 36, 46, 35, 28) (0, 14, 45, 15) (24, 38, 21, 39) (1, 23, 25, 47) (40, 13, 7, 2, 10, 42, 19, 32, 44, 16, 37, 31, 26, 34, 18, 43, 8, 20) "
"OP(4,16,18,3,3,3,3)",0,Solved,"0,0590"," (4t+2)","0,0633","(\infty, 3, \infty, 27) (12, 7, 23, 22, 1, 40, 4, 10, 36, 31, 47, 46, 25, 16, 28, 34) (11, 42, 14, 0, 15, 44, 21, 8, 5, 35, 18, 38, 24, 39, 20, 45, 32, 29) (41, 33, 43) (17, 9, 19) (2, 13, 6) (26, 37, 30) "
"OP(19,15,13,3)",,Infeasible,,Table config is not valid,,
"OP(16,18,12,4)",0,Solved,"0,2160"," (4t+2)","0,2199","(\infty, 3, 4, 7, 11, 20, 34, 17, \infty, 41, 10, 44, 35, 31, 28, 27) (12, 39, 16, 46, 14, 42, 13, 5, 0, 36, 15, 40, 22, 38, 18, 37, 29, 24) (21, 8, 2, 9, 19, 30, 45, 32, 26, 33, 43, 6) (23, 1, 47, 25) "
"OP(19,15,11,5)",,Infeasible,,Table config is not valid,,
"OP(16,18,10,6)",0,Solved,"0,1090"," (4t+2)","0,1149","(\infty, 7, 21, 46, 43, 17, 8, 1, \infty, 25, 32, 41, 19, 22, 45, 31) (11, 0, 4, 9, 3, 5, 6, 14, 47, 35, 24, 28, 33, 27, 29, 30, 38, 23) (34, 18, 37, 20, 40, 10, 42, 13, 44, 16) (2, 12, 39, 26, 36, 15) "
"OP(16,18,10,3,3)",0,Solved,"0,0560"," (4t+2)","0,0610","(\infty, 5, 13, 22, 10, 23, 38, 17, \infty, 41, 14, 47, 34, 46, 37, 29) (7, 4, 0, 2, 3, 9, 16, 32, 42, 31, 28, 24, 26, 27, 33, 40, 8, 18) (21, 43, 12, 35, 15, 45, 19, 36, 11, 39) (1, 20, 6) (25, 44, 30) "
"OP(19,15,9,7)",,Infeasible,,Table config is not valid,,
"OP(19,15,9,4,3)",,Infeasible,,Table config is not valid,,
"OP(16,18,8,8)",0,Solved,"0,0570"," (4t+2)","0,0612","(\infty, 40, 19, 4, 20, 38, 21, 46, \infty, 22, 45, 14, 44, 28, 43, 16) (15, 34, 12, 23, 13, 8, 1, 2, 11, 39, 10, 36, 47, 37, 32, 25, 26, 35) (9, 17, 31, 18, 6, 0, 3, 5) (33, 41, 7, 42, 30, 24, 27, 29) "
"OP(19,15,8,5,3)",,Infeasible,,Table config is not valid,,
"OP(16,18,8,4,4)",0,Solved,"0,0770"," (4t+2)","0,0812","(\infty, 3, 4, 6, 9, 39, 17, 45, \infty, 21, 41, 15, 33, 30, 28, 27) (16, 1, 22, 26, 13, 8, 14, 23, 11, 40, 25, 46, 2, 37, 32, 38, 47, 35) (5, 36, 20, 43, 29, 12, 44, 19) (7, 0, 10, 18) (31, 24, 34, 42) "
"OP(19,15,7,6,3)",,Infeasible,,Table config is not valid,,
"OP(19,15,7,5,4)",,Infeasible,,Table config is not valid,,
"OP(19,15,7,3,3,3)",,Infeasible,,Table config is not valid,,
"OP(16,18,6,6,4)",0,Solved,"0,0640"," (4t+2)","0,0679","(\infty, 13, 39, 10, 22, 43, 23, 41, \infty, 17, 47, 19, 46, 34, 15, 37) (7, 4, 0, 2, 3, 9, 16, 32, 18, 31, 28, 24, 26, 27, 33, 40, 8, 42) (6, 14, 45, 35, 12, 1) (30, 38, 21, 11, 36, 25) (20, 5, 44, 29) "
"OP(16,18,6,5,5)",0,Solved,"0,0610"," (4t+2)","0,0661","(\infty, 4, 5, 7, 2, 18, 41, 22, \infty, 46, 17, 42, 26, 31, 29, 28) (12, 3, 15, 43, 13, 6, 0, 10, 14, 36, 27, 39, 19, 37, 30, 24, 34, 38) (8, 11, 45, 32, 35, 21) (1, 9, 20, 47, 16) (25, 33, 44, 23, 40) "
"OP(16,18,6,4,3,3)",0,Solved,"0,0940"," (4t+2)","0,0978","(\infty, 32, 0, 26, 6, 43, 29, 42, \infty, 18, 5, 19, 30, 2, 24, 8) (35, 47, 40, 44, 25, 33, 39, 37, 38, 11, 23, 16, 20, 1, 9, 15, 13, 14) (41, 31, 34, 17, 7, 10) (21, 36, 45, 12) (3, 46, 28) (27, 22, 4) "
"OP(16,18,5,5,3,3)",0,Solved,"0,0540"," (4t+2)","0,0575","(\infty, 40, 12, 47, 15, 46, 21, 42, \infty, 18, 45, 22, 39, 23, 36, 16) (34, 20, 11, 6, 0, 2, 9, 17, 32, 10, 44, 35, 30, 24, 26, 33, 41, 8) (13, 3, 14, 43, 31) (37, 27, 38, 19, 7) (1, 4, 5) (25, 28, 29) "
"OP(19,15,5,4,4,3)",,Infeasible,,Table config is not valid,,
"OP(16,18,4,4,4,4)",0,Solved,"0,0390"," (4t+2)","0,0436","(\infty, 47, 17, 31, 14, 4, 15, 35, \infty, 11, 39, 28, 38, 7, 41, 23) (18, 44, 32, 19, 12, 6, 1, 2, 10, 42, 20, 8, 43, 36, 30, 25, 26, 34) (46, 21, 40, 13) (22, 45, 16, 37) (9, 0, 3, 5) (33, 24, 27, 29) "
"OP(16,18,4,3,3,3,3)",0,Solved,"0,0500"," (4t+2)","0,0542","(\infty, \infty, 23, 42, 12, 40, 17, 38, 21, 45, 14, 41, 16, 36, 18, 47) (19, 31, 15, 6, 0, 4, 9, 1, 8, 43, 7, 39, 30, 24, 28, 33, 25, 32) (20, 10, 44, 34) (5, 2, 3) (29, 26, 27) (11, 22, 37) (35, 46, 13) "
"OP(4,14,14,18)",0,Solved,"0,0510"," (4t+2)","0,0554","(\infty, 1, \infty, 25) (2, 3, 9, 18, 36, 19, 46, 32, 20, 10, 7, 0, 11, 15) (26, 27, 33, 42, 12, 43, 22, 8, 44, 34, 31, 24, 35, 39) (47, 4, 6, 14, 29, 13, 41, 16, 45, 23, 28, 30, 38, 5, 37, 17, 40, 21) "
"OP(14,14,18,4)",0,Solved,"0,2230"," (4t+2)","0,2267","(\infty, 40, 35, 15, 42, 20, 2, \infty, 26, 44, 18, 39, 11, 16) (19, 3, 22, 47, 6, 7, 9, 43, 27, 46, 23, 30, 31, 33) (14, 8, 0, 10, 13, 4, 21, 17, 5, 38, 32, 24, 34, 37, 28, 45, 41, 29) (1, 12, 25, 36) "
"OP(6,14,12,18)",0,Solved,"0,1570"," (4t+2)","0,1614","(\infty, 32, 22, \infty, 46, 8) (6, 4, 7, 43, 1, 18, 45, 30, 28, 31, 19, 25, 42, 21) (2, 10, 36, 23, 41, 27, 26, 34, 12, 47, 17, 3) (37, 44, 16, 11, 0, 39, 14, 33, 29, 13, 20, 40, 35, 24, 15, 38, 9, 5) "
"OP(12,14,18,6)",0,Solved,"0,0870"," (4t+2)","0,0908","(\infty, 46, 12, 18, 47, 20, \infty, 44, 23, 42, 36, 22) (5, 0, 15, 11, 2, 14, 45, 29, 24, 39, 35, 26, 38, 21) (3, 13, 41, 19, 8, 1, 9, 10, 40, 27, 37, 17, 43, 32, 25, 33, 34, 16) (6, 4, 7, 30, 28, 31) "
"OP(12,14,18,3,3)",0,Solved,"0,0560"," (4t+2)","0,0604","(\infty, 2, 3, 5, 8, 14, \infty, 38, 32, 29, 27, 26) (1, 6, 10, 17, 9, 20, 11, 25, 30, 34, 41, 33, 44, 35) (12, 31, 19, 40, 15, 46, 13, 45, 23, 36, 7, 43, 16, 39, 22, 37, 21, 47) (18, 0, 28) (42, 24, 4) "
"OP(8,14,10,18)",0,Solved,"0,1660"," (4t+2)","0,1696","(\infty, 22, 45, 16, \infty, 40, 21, 46) (6, 3, 4, 15, 17, 38, 12, 30, 27, 28, 39, 41, 14, 36) (13, 44, 31, 11, 47, 37, 20, 7, 35, 23) (43, 0, 9, 42, 10, 2, 8, 1, 5, 19, 24, 33, 18, 34, 26, 32, 25, 29) "
"OP(4,14,10,4,18)",0,Solved,"0,0440"," (4t+2)","0,0480","(\infty, 12, \infty, 36) (19, 8, 18, 47, 34, 16, 7, 43, 32, 42, 23, 10, 40, 31) (17, 45, 11, 37, 20, 41, 21, 35, 13, 44) (1, 2, 25, 26) (14, 6, 22, 15, 9, 4, 0, 3, 5, 38, 30, 46, 39, 33, 28, 24, 27, 29) "
"OP(10,14,18,8)",0,Solved,"0,0780"," (4t+2)","0,0831","(\infty, 12, 46, 19, 42, \infty, 18, 43, 22, 36) (20, 38, 23, 13, 7, 0, 8, 44, 14, 47, 37, 31, 24, 32) (34, 15, 4, 2, 11, 16, 33, 17, 45, 10, 39, 28, 26, 35, 40, 9, 41, 21) (3, 6, 5, 1, 27, 30, 29, 25) "
"OP(19,14,9,5,3)",,Infeasible,,Table config is not valid,,
"OP(10,14,18,4,4)",0,Solved,"0,0550"," (4t+2)","0,0638","(\infty, 5, 6, 18, 45, \infty, 21, 42, 30, 29) (13, 46, 32, 16, 10, 0, 2, 37, 22, 8, 40, 34, 24, 26) (3, 7, 14, 23, 41, 15, 43, 12, 35, 27, 31, 38, 47, 17, 39, 19, 36, 11) (4, 1, 20, 9) (28, 25, 44, 33) "
"OP(4,14,8,6,18)",0,Solved,"0,0650"," (4t+2)","0,0699","(\infty, 12, \infty, 36) (9, 42, 10, 17, 39, 11, 45, 33, 18, 34, 41, 15, 35, 21) (7, 3, 0, 13, 31, 27, 24, 37) (44, 6, 1, 20, 30, 25) (19, 8, 2, 4, 5, 14, 22, 47, 16, 43, 32, 26, 28, 29, 38, 46, 23, 40) "
"OP(6,14,8,18,4)",0,Solved,"0,1620"," (4t+2)","0,1672","(\infty, 12, 42, \infty, 18, 36) (1, 9, 2, 11, 13, 7, 39, 25, 33, 26, 35, 37, 31, 15) (20, 19, 0, 17, 44, 43, 24, 41) (14, 4, 8, 3, 6, 34, 22, 45, 23, 38, 28, 32, 27, 30, 10, 46, 21, 47) (16, 29, 40, 5) "
"OP(4,14,8,18,3,3)",0,Solved,"0,0420"," (4t+2)","0,0457","(\infty, 5, \infty, 29) (7, 10, 16, 8, 15, 33, 18, 31, 34, 40, 32, 39, 9, 42) (4, 0, 2, 3, 28, 24, 26, 27) (12, 22, 13, 41, 14, 45, 19, 35, 47, 36, 46, 37, 17, 38, 21, 43, 11, 23) (1, 20, 6) (25, 44, 30) "
"OP(4,14,7,7,18)",0,Solved,"0,0460"," (4t+2)","0,0498","(\infty, 1, \infty, 25) (2, 3, 9, 5, 19, 39, 13, 26, 27, 33, 29, 43, 15, 37) (36, 46, 10, 7, 0, 11, 20) (12, 22, 34, 31, 24, 35, 44) (47, 4, 6, 14, 32, 17, 42, 21, 40, 23, 28, 30, 38, 8, 41, 18, 45, 16) "
"OP(8,14,18,6,4)",0,Solved,"0,0610"," (4t+2)","0,0651","(\infty, 13, 39, 21, \infty, 45, 15, 37) (41, 22, 14, 9, 6, 4, 0, 17, 46, 38, 33, 30, 28, 24) (2, 3, 10, 16, 32, 18, 31, 19, 47, 26, 27, 34, 40, 8, 42, 7, 43, 23) (35, 12, 1, 11, 36, 25) (20, 5, 44, 29) "
"OP(8,14,18,5,5)",0,Solved,"0,1130"," (4t+2)","0,1174","(\infty, 33, 13, 35, \infty, 11, 37, 9) (14, 4, 0, 3, 40, 39, 22, 38, 28, 24, 27, 16, 15, 46) (45, 18, 43, 10, 5, 7, 47, 41, 2, 21, 42, 19, 34, 29, 31, 23, 17, 26) (1, 36, 6, 20, 8) (25, 12, 30, 44, 32) "
"OP(8,14,18,4,3,3)",0,Solved,"0,1330"," (4t+2)","0,1368","(\infty, 3, 0, 31, \infty, 7, 24, 27) (16, 20, 39, 1, 19, 6, 12, 40, 44, 15, 25, 43, 30, 36) (11, 4, 2, 10, 5, 17, 18, 45, 13, 35, 28, 26, 34, 29, 41, 42, 21, 37) (47, 38, 23, 14) (33, 22, 8) (9, 46, 32) "
"OP(6,14,6,6,18)",0,Solved,"0,1870"," (4t+2)","0,1907","(\infty, 31, 29, \infty, 5, 7) (4, 33, 3, 39, 22, 37, 21, 28, 9, 27, 15, 46, 13, 45) (0, 40, 18, 8, 35, 1) (24, 16, 42, 32, 11, 25) (12, 23, 10, 14, 19, 44, 41, 2, 30, 36, 47, 34, 38, 43, 20, 17, 26, 6) "
"OP(6,14,6,18,3,3)",0,Solved,"0,0600"," (4t+2)","0,0632","(\infty, 12, 20, \infty, 44, 36) (16, 3, 15, 43, 10, 42, 13, 40, 27, 39, 19, 34, 18, 37) (7, 0, 9, 31, 24, 33) (45, 22, 8, 14, 4, 41, 11, 6, 23, 21, 46, 32, 38, 28, 17, 35, 30, 47) (5, 1, 2) (29, 25, 26) "
"OP(4,14,6,4,4,18)",0,Solved,"0,0570"," (4t+2)","0,0611","(\infty, 16, \infty, 40) (44, 15, 13, 43, 18, 8, 41, 20, 39, 37, 19, 42, 32, 17) (45, 0, 7, 21, 24, 31) (10, 23, 3, 4) (34, 47, 27, 28) (14, 2, 11, 6, 22, 5, 9, 1, 12, 38, 26, 35, 30, 46, 29, 33, 25, 36) "
"OP(4,14,5,5,4,18)",0,Solved,"0,1350"," (4t+2)","0,1392","(\infty, 15, \infty, 39) (11, 18, 37, 9, 45, 8, 17, 35, 42, 13, 33, 21, 32, 41) (0, 4, 1, 16, 10) (24, 28, 25, 40, 34) (22, 6, 46, 30) (47, 12, 38, 7, 2, 3, 5, 19, 44, 23, 36, 14, 31, 26, 27, 29, 43, 20) "
"OP(6,14,18,4,4,4)",0,Solved,"0,1180"," (4t+2)","0,1222","(\infty, 36, 2, \infty, 26, 12) (22, 13, 10, 23, 7, 6, 16, 46, 37, 34, 47, 31, 30, 40) (1, 3, 18, 41, 19, 11, 39, 8, 4, 25, 27, 42, 17, 43, 35, 15, 32, 28) (14, 21, 9, 20) (38, 45, 33, 44) (5, 0, 29, 24) "
"OP(6,14,18,3,3,3,3)",0,Solved,"0,2320"," (4t+2)","0,2358","(\infty, 15, 43, \infty, 19, 39) (2, 3, 9, 13, 18, 4, 14, 26, 27, 33, 37, 42, 28, 38) (7, 5, 36, 23, 44, 22, 40, 21, 6, 31, 29, 12, 47, 20, 46, 16, 45, 30) (10, 1, 17) (34, 25, 41) (11, 8, 0) (35, 32, 24) "
"OP(4,14,4,4,18,3,3)",0,Solved,"0,0390"," (4t+2)","0,0427","(\infty, \infty, 23, 47) (14, 4, 15, 32, 44, 9, 18, 38, 28, 39, 8, 20, 33, 42) (40, 17, 36, 10) (16, 41, 12, 34) (7, 1, 2, 6, 13, 21, 35, 19, 46, 31, 25, 26, 30, 37, 45, 11, 43, 22) (0, 5, 3) (24, 29, 27) "
"OP(6,13,13,18)",0,Solved,"0,0490"," (4t+2)","0,0523","(\infty, 5, 13, \infty, 37, 29) (17, 32, 43, 22, 12, 7, 4, 0, 2, 3, 9, 16, 30) (41, 8, 19, 46, 36, 31, 28, 24, 26, 27, 33, 40, 6) (38, 21, 39, 23, 35, 10, 1, 20, 42, 14, 45, 15, 47, 11, 34, 25, 44, 18) "
"OP(14,18,12,6)",0,Solved,"0,0470"," (4t+2)","0,0514","(\infty, 14, 43, 23, 12, 46, 10, \infty, 34, 22, 36, 47, 19, 38) (41, 18, 39, 21, 13, 7, 5, 1, 2, 17, 42, 15, 45, 37, 31, 29, 25, 26) (4, 11, 20, 33, 16, 6, 28, 35, 44, 9, 40, 30) (0, 3, 8, 24, 27, 32) "
"OP(14,18,12,3,3)",0,Solved,"0,0620"," (4t+2)","0,0660","(\infty, 7, 40, 26, 36, 24, 47, \infty, 23, 0, 12, 2, 16, 31) (27, 5, 33, 41, 34, 4, 35, 39, 30, 3, 29, 9, 17, 10, 28, 11, 15, 6) (46, 45, 42, 44, 25, 38, 22, 21, 18, 20, 1, 14) (43, 32, 37) (19, 8, 13) "
"OP(19,13,11,7)",,Infeasible,,Table config is not valid,,
"OP(19,13,11,4,3)",,Infeasible,,Table config is not valid,,
"OP(14,18,10,8)",0,Solved,"0,0680"," (4t+2)","0,0733","(\infty, 13, 2, 45, 4, 27, 33, \infty, 9, 3, 28, 21, 26, 37) (40, 12, 31, 29, 43, 35, 39, 0, 1, 16, 36, 7, 5, 19, 11, 15, 24, 25) (14, 32, 42, 20, 41, 38, 8, 18, 44, 17) (6, 22, 34, 47, 30, 46, 10, 23) "
"OP(19,13,10,5,3)",,Infeasible,,Table config is not valid,,
"OP(14,18,10,4,4)",0,Solved,"0,0700"," (4t+2)","0,0754","(\infty, 3, 4, 6, 9, 39, 5, \infty, 29, 15, 33, 30, 28, 27) (35, 16, 1, 22, 26, 13, 8, 14, 23, 11, 40, 25, 46, 2, 37, 32, 38, 47) (41, 19, 36, 20, 45, 17, 43, 12, 44, 21) (7, 0, 10, 18) (31, 24, 34, 42) "
"OP(14,18,9,9)",0,Solved,"0,0700"," (4t+2)","0,0734","(\infty, 4, 5, 7, 2, 16, 44, \infty, 20, 40, 26, 31, 29, 28) (38, 15, 3, 19, 46, 13, 6, 0, 10, 14, 39, 27, 43, 22, 37, 30, 24, 34) (45, 23, 41, 12, 1, 9, 18, 35, 32) (21, 47, 17, 36, 25, 33, 42, 11, 8) "
"OP(19,13,9,6,3)",,Infeasible,,Table config is not valid,,
"OP(19,13,9,5,4)",,Infeasible,,Table config is not valid,,
"OP(19,13,9,3,3,3)",,Infeasible,,Table config is not valid,,
"OP(19,13,8,7,3)",,Infeasible,,Table config is not valid,,
"OP(14,18,8,6,4)",0,Solved,"0,0610"," (4t+2)","0,0669","(\infty, 1, 10, 11, 4, 9, 7, \infty, 31, 33, 28, 35, 34, 25) (45, 19, 15, 12, 40, 2, 8, 22, 6, 21, 43, 39, 36, 16, 26, 32, 46, 30) (17, 44, 13, 5, 41, 20, 37, 29) (47, 18, 0, 23, 42, 24) (14, 3, 38, 27) "
"OP(14,18,8,5,5)",0,Solved,"0,1210"," (4t+2)","0,1270","(\infty, 45, 19, 46, 13, 6, 3, \infty, 27, 30, 37, 22, 43, 21) (11, 23, 10, 4, 2, 7, 17, 36, 18, 35, 47, 34, 28, 26, 31, 41, 12, 42) (1, 5, 14, 39, 25, 29, 38, 15) (16, 8, 9, 20, 0) (40, 32, 33, 44, 24) "
"OP(14,18,8,4,3,3)",0,Solved,"0,1180"," (4t+2)","0,1227","(\infty, 11, 6, 15, 14, 43, 7, \infty, 31, 19, 38, 39, 30, 35) (5, 22, 44, 12, 10, 23, 13, 2, 8, 29, 46, 20, 36, 34, 47, 37, 26, 32) (3, 21, 18, 41, 27, 45, 42, 17) (0, 4, 24, 28) (16, 9, 1) (40, 33, 25) "
"OP(14,18,7,7,4)",0,Solved,"0,1080"," (4t+2)","0,1133","(\infty, 30, 28, 25, 42, 14, 22, \infty, 46, 38, 18, 1, 4, 6) (31, 2, 15, 10, 33, 32, 21, 12, 0, 7, 26, 39, 34, 9, 8, 45, 36, 24) (13, 27, 5, 43, 11, 44, 40) (37, 3, 29, 19, 35, 20, 16) (41, 47, 17, 23) "
"OP(19,13,7,6,5)",,Infeasible,,Table config is not valid,,
"OP(19,13,7,5,3,3)",,Infeasible,,Table config is not valid,,
"OP(19,13,7,4,4,3)",,Infeasible,,Table config is not valid,,
"OP(14,18,6,6,6)",0,Solved,"0,0710"," (4t+2)","0,0768","(\infty, 43, 37, 42, 33, 47, 25, \infty, 1, 23, 9, 18, 13, 19) (24, 44, 27, 16, 4, 39, 6, 36, 38, 0, 20, 3, 40, 28, 15, 30, 12, 14) (29, 45, 46, 17, 10, 2) (5, 21, 22, 41, 34, 26) (32, 35, 31, 8, 11, 7) "
"OP(14,18,6,6,3,3)",0,Solved,"0,0460"," (4t+2)","0,0493","(\infty, \infty, 23, 32, 24, 3, 4, 19, 43, 28, 27, 0, 8, 47) (46, 18, 29, 45, 20, 17, 31, 38, 34, 22, 42, 5, 21, 44, 41, 7, 14, 10) (11, 37, 39, 33, 2, 40) (35, 13, 15, 9, 26, 16) (30, 25, 12) (6, 1, 36) "
"OP(19,13,6,5,4,3)",,Infeasible,,Table config is not valid,,
"OP(14,18,6,4,4,4)",0,Solved,"0,0520"," (4t+2)","0,0564","(\infty, 4, 7, 11, 6, 18, 38, \infty, 14, 42, 30, 35, 31, 28) (33, 16, 27, 17, 43, 13, 45, 22, 36, 9, 40, 3, 41, 19, 37, 21, 46, 12) (15, 23, 10, 39, 47, 34) (0, 2, 8, 1) (24, 26, 32, 25) (20, 5, 44, 29) "
"OP(14,18,6,3,3,3,3)",0,Solved,"0,1750"," (4t+2)","0,1793","(\infty, 40, 17, 35, 6, 32, 38, \infty, 14, 8, 30, 11, 41, 16) (5, 37, 28, 7, 42, 27, 34, 44, 46, 29, 13, 4, 31, 18, 3, 10, 20, 22) (33, 25, 45, 9, 1, 21) (2, 39, 36) (26, 15, 12) (43, 0, 47) (19, 24, 23) "
"OP(19,13,5,5,5,3)",,Infeasible,,Table config is not valid,,
"OP(14,18,5,5,4,4)",0,Solved,"0,0610"," (4t+2)","0,0642","(\infty, 3, 4, 6, 9, 43, 21, \infty, 45, 19, 33, 30, 28, 27) (35, 17, 1, 22, 26, 13, 8, 14, 23, 11, 41, 25, 46, 2, 37, 32, 38, 47) (20, 5, 36, 16, 39) (44, 29, 12, 40, 15) (7, 0, 10, 18) (31, 24, 34, 42) "
"OP(19,13,5,4,3,3,3)",,Infeasible,,Table config is not valid,,
"OP(14,18,4,4,4,3,3)",0,Solved,"0,1640"," (4t+2)","0,1684","(\infty, 14, 44, 16, 11, 22, 34, \infty, 10, 46, 35, 40, 20, 38) (43, 42, 7, 9, 41, 2, 29, 39, 25, 19, 18, 31, 33, 17, 26, 5, 15, 1) (36, 3, 32, 28) (12, 27, 8, 4) (37, 30, 13, 6) (21, 47, 24) (45, 23, 0) "
"OP(14,18,3,3,3,3,3,3)",0,Solved,"0,1060"," (4t+2)","0,1106","(\infty, 34, 17, 2, 4, 46, 20, \infty, 44, 22, 28, 26, 41, 10) (13, 38, 9, 12, 3, 31, 32, 40, 5, 37, 14, 33, 36, 27, 7, 8, 16, 29) (1, 19, 15) (25, 43, 39) (0, 21, 11) (24, 45, 35) (18, 23, 30) (42, 47, 6) "
"OP(8,12,12,18)",0,Solved,"0,0470"," (4t+2)","0,0508","(\infty, 26, 41, 22, \infty, 46, 17, 2) (21, 7, 1, 12, 15, 3, 38, 13, 29, 11, 42, 43) (45, 31, 25, 36, 39, 27, 14, 37, 5, 35, 18, 19) (0, 10, 6, 4, 9, 16, 44, 23, 32, 24, 34, 30, 28, 33, 40, 20, 47, 8) "
"OP(4,12,12,4,18)",0,Solved,"0,0610"," (4t+2)","0,0659","(\infty, 4, \infty, 28) (5, 6, 2, 36, 17, 14, 8, 3, 10, 19, 40, 7) (29, 30, 26, 12, 41, 38, 32, 27, 34, 43, 16, 31) (0, 11, 24, 35) (46, 18, 44, 13, 1, 9, 47, 15, 45, 22, 42, 20, 37, 25, 33, 23, 39, 21) "
"OP(12,12,18,8)",0,Solved,"0,0470"," (4t+2)","0,0510","(\infty, 2, 3, 5, 8, 4, \infty, 28, 32, 29, 27, 26) (1, 9, 19, 7, 16, 36, 25, 33, 43, 31, 40, 12) (10, 35, 22, 37, 21, 38, 17, 39, 20, 34, 11, 46, 13, 45, 14, 41, 15, 44) (23, 18, 0, 6, 47, 42, 24, 30) "
"OP(19,12,11,5,3)",,Infeasible,,Table config is not valid,,
"OP(12,12,18,4,4)",0,Solved,"0,1170"," (4t+2)","0,1213","(\infty, 39, 3, 4, 6, 9, \infty, 33, 30, 28, 27, 15) (31, 42, 16, 46, 23, 38, 7, 18, 40, 22, 47, 14) (12, 8, 1, 10, 20, 41, 21, 37, 2, 36, 32, 25, 34, 44, 17, 45, 13, 26) (0, 5, 11, 19) (24, 29, 35, 43) "
"OP(10,12,10,18)",0,Solved,"0,0460"," (4t+2)","0,0512","(\infty, 27, 34, 38, 11, \infty, 35, 14, 10, 3) (39, 5, 37, 20, 12, 25, 15, 29, 13, 44, 36, 1) (6, 28, 9, 0, 18, 30, 4, 33, 24, 42) (46, 23, 21, 41, 40, 7, 2, 8, 19, 22, 47, 45, 17, 16, 31, 26, 32, 43) "
"OP(4,12,10,6,18)",0,Solved,"0,0590"," (4t+2)","0,0626","(\infty, 3, \infty, 27) (4, 5, 7, 10, 39, 11, 28, 29, 31, 34, 15, 35) (9, 1, 14, 26, 40, 33, 25, 38, 2, 16) (8, 13, 23, 32, 37, 47) (46, 20, 36, 21, 17, 6, 0, 18, 43, 22, 44, 12, 45, 41, 30, 24, 42, 19) "
"OP(6,12,10,18,4)",0,Solved,"0,1870"," (4t+2)","0,1913","(\infty, 39, 29, \infty, 5, 15) (31, 30, 46, 38, 9, 44, 7, 6, 22, 14, 33, 20) (40, 17, 43, 2, 36, 16, 41, 19, 26, 12) (4, 0, 42, 47, 45, 27, 10, 1, 13, 28, 24, 18, 23, 21, 3, 34, 25, 37) (8, 35, 32, 11) "
"OP(4,12,10,18,3,3)",0,Solved,"0,0360"," (4t+2)","0,0393","(\infty, \infty, 23, 47) (21, 14, 0, 12, 42, 10, 45, 38, 24, 36, 18, 34) (44, 33, 13, 4, 1, 20, 9, 37, 28, 25) (43, 22, 39, 16, 6, 2, 7, 8, 41, 19, 46, 15, 40, 30, 26, 31, 32, 17) (5, 11, 3) (29, 35, 27) "
"OP(19,12,9,7,3)",,Infeasible,,Table config is not valid,,
"OP(10,12,18,6,4)",0,Solved,"0,0760"," (4t+2)","0,0803","(\infty, 6, 4, 7, 2, \infty, 26, 31, 28, 30) (14, 5, 1, 8, 16, 15, 38, 29, 25, 32, 40, 39) (13, 44, 18, 46, 17, 35, 19, 9, 3, 37, 20, 42, 22, 41, 11, 43, 33, 27) (45, 12, 0, 21, 36, 24) (23, 10, 47, 34) "
"OP(10,12,18,5,5)",0,Solved,"0,0430"," (4t+2)","0,0469","(\infty, 44, 15, 41, 18, \infty, 42, 17, 39, 20) (3, 5, 19, 11, 4, 0, 27, 29, 43, 35, 28, 24) (37, 9, 6, 1, 7, 8, 21, 12, 2, 13, 33, 30, 25, 31, 32, 45, 36, 26) (23, 40, 10, 22, 38) (47, 16, 34, 46, 14) "
"OP(10,12,18,4,3,3)",0,Solved,"0,0870"," (4t+2)","0,0910","(\infty, 11, 2, 8, 43, \infty, 19, 32, 26, 35) (4, 40, 12, 46, 9, 6, 28, 16, 36, 22, 33, 30) (41, 3, 1, 0, 7, 39, 18, 14, 47, 17, 27, 25, 24, 31, 15, 42, 38, 23) (5, 10, 29, 34) (44, 21, 13) (20, 45, 37) "
"OP(4,12,8,8,18)",0,Solved,"0,0430"," (4t+2)","0,0467","(\infty, \infty, 23, 47) (39, 13, 3, 38, 11, 44, 15, 37, 27, 14, 35, 20) (4, 7, 19, 36, 18, 10, 1, 2) (28, 31, 43, 12, 42, 34, 25, 26) (21, 46, 32, 16, 9, 5, 0, 6, 17, 45, 22, 8, 40, 33, 29, 24, 30, 41) "
"OP(8,12,8,18,4)",0,Solved,"0,1930"," (4t+2)","0,1965","(\infty, \infty, 23, 37, 21, 45, 13, 47) (2, 6, 11, 10, 17, 36, 26, 30, 35, 34, 41, 12) (20, 8, 0, 9, 44, 32, 24, 33) (4, 1, 7, 18, 38, 15, 46, 16, 43, 28, 25, 31, 42, 14, 39, 22, 40, 19) (3, 5, 27, 29) "
"OP(6,12,8,6,18)",0,Solved,"0,0470"," (4t+2)","0,0513","(\infty, 2, 4, \infty, 28, 26) (5, 9, 17, 34, 46, 16, 29, 33, 41, 10, 22, 40) (27, 12, 7, 6, 3, 36, 31, 30) (18, 43, 21, 42, 19, 45) (15, 47, 37, 0, 14, 8, 1, 20, 11, 39, 23, 13, 24, 38, 32, 25, 44, 35) "
"OP(6,12,8,18,3,3)",0,Solved,"0,1640"," (4t+2)","0,1676","(\infty, 15, 37, \infty, 13, 39) (19, 0, 4, 10, 18, 36, 43, 24, 28, 34, 42, 12) (32, 16, 33, 21, 8, 40, 9, 45) (22, 2, 7, 41, 20, 11, 1, 38, 23, 46, 26, 31, 17, 44, 35, 25, 14, 47) (5, 3, 6) (29, 27, 30) "
"OP(4,12,8,4,4,18)",0,Solved,"0,0380"," (4t+2)","0,0417","(\infty, 21, \infty, 45) (47, 13, 5, 3, 9, 10, 23, 37, 29, 27, 33, 34) (7, 4, 0, 15, 31, 28, 24, 39) (17, 6, 1, 8) (41, 30, 25, 32) (18, 35, 12, 2, 14, 43, 22, 40, 20, 42, 11, 36, 26, 38, 19, 46, 16, 44) "
"OP(6,12,7,7,18)",0,Solved,"0,0760"," (4t+2)","0,0799","(\infty, 3, 41, \infty, 17, 27) (0, 6, 10, 15, 16, 37, 24, 30, 34, 39, 40, 13) (42, 23, 11, 2, 9, 1, 12) (18, 47, 35, 26, 33, 25, 36) (7, 5, 8, 28, 43, 20, 46, 14, 45, 31, 29, 32, 4, 19, 44, 22, 38, 21) "
"OP(8,12,18,6,6)",0,Solved,"0,0580"," (4t+2)","0,0628","(\infty, 4, 9, 18, \infty, 42, 33, 28) (5, 13, 39, 16, 46, 19, 29, 37, 15, 40, 22, 43) (0, 2, 3, 6, 10, 17, 32, 21, 38, 24, 26, 27, 30, 34, 41, 8, 45, 14) (23, 35, 7, 1, 20, 36) (47, 11, 31, 25, 44, 12) "
"OP(8,12,18,6,3,3)",0,Solved,"0,0680"," (4t+2)","0,0720","(\infty, 1, 10, 21, \infty, 45, 34, 25) (13, 9, 6, 4, 3, 11, 37, 33, 30, 28, 27, 35) (17, 40, 22, 39, 19, 12, 2, 8, 20, 41, 16, 46, 15, 43, 36, 26, 32, 44) (0, 5, 38, 24, 29, 14) (42, 23, 7) (18, 47, 31) "
"OP(19,12,7,5,4,3)",,Infeasible,,Table config is not valid,,
"OP(8,12,18,4,4,4)",0,Solved,"0,0810"," (4t+2)","0,0849","(\infty, 43, 32, 3, \infty, 27, 8, 19) (47, 7, 41, 38, 15, 33, 23, 31, 17, 14, 39, 9) (28, 22, 5, 0, 13, 1, 40, 18, 45, 4, 46, 29, 24, 37, 25, 16, 42, 21) (11, 10, 12, 44) (35, 34, 36, 20) (6, 2, 30, 26) "
"OP(8,12,18,3,3,3,3)",0,Solved,"0,2740"," (4t+2)","0,2818","(\infty, 13, 10, 3, \infty, 27, 34, 37) (4, 6, 19, 20, 12, 7, 28, 30, 43, 44, 36, 31) (1, 15, 41, 2, 21, 46, 35, 23, 5, 25, 39, 17, 26, 45, 22, 11, 47, 29) (14, 18, 8) (38, 42, 32) (16, 0, 33) (40, 24, 9) "
"OP(4,12,6,6,4,18)",0,Solved,"0,0430"," (4t+2)","0,0464","(\infty, 16, \infty, 40) (45, 14, 5, 3, 6, 11, 21, 38, 29, 27, 30, 35) (15, 4, 0, 12, 13, 42) (39, 28, 24, 36, 37, 18) (1, 7, 25, 31) (8, 41, 9, 2, 10, 23, 43, 20, 46, 32, 17, 33, 26, 34, 47, 19, 44, 22) "
"OP(4,12,6,5,5,18)",0,Solved,"0,0480"," (4t+2)","0,0525","(\infty, 20, \infty, 44) (46, 13, 5, 3, 9, 10, 22, 37, 29, 27, 33, 34) (7, 4, 0, 31, 28, 24) (38, 17, 6, 1, 8) (14, 41, 30, 25, 32) (16, 45, 11, 2, 12, 47, 15, 43, 18, 40, 21, 35, 26, 36, 23, 39, 19, 42) "
"OP(6,12,6,18,4,4)",0,Solved,"0,0600"," (4t+2)","0,0646","(\infty, 3, 5, \infty, 29, 27) (6, 14, 34, 20, 42, 17, 30, 38, 10, 44, 18, 41) (1, 7, 26, 25, 31, 2) (11, 8, 13, 23, 39, 21, 36, 19, 46, 35, 32, 37, 47, 15, 45, 12, 43, 22) (4, 0, 9, 16) (28, 24, 33, 40) "
"OP(4,12,6,4,18,3,3)",0,Solved,"0,0480"," (4t+2)","0,0529","(\infty, 5, \infty, 29) (8, 13, 10, 17, 9, 18, 32, 37, 34, 41, 33, 42) (6, 4, 0, 30, 28, 24) (2, 3, 26, 27) (12, 45, 14, 40, 19, 39, 23, 35, 46, 36, 21, 38, 16, 43, 15, 47, 11, 22) (1, 20, 7) (25, 44, 31) "
"OP(6,12,18,5,5,4)",0,Solved,"0,1650"," (4t+2)","0,1697","(\infty, 42, 28, \infty, 4, 18) (7, 14, 25, 20, 21, 37, 31, 38, 1, 44, 45, 13) (3, 26, 41, 32, 40, 22, 24, 34, 5, 27, 2, 17, 8, 16, 46, 0, 10, 29) (11, 47, 30, 43, 39) (35, 23, 6, 19, 15) (9, 36, 33, 12) "
"OP(4,12,5,5,18,3,3)",0,Solved,"0,0760"," (4t+2)","0,0813","(\infty, 30, \infty, 6) (3, 0, 8, 17, 16, 37, 27, 24, 32, 41, 40, 13) (47, 34, 12, 45, 11) (23, 10, 36, 21, 35) (5, 1, 7, 18, 43, 15, 44, 14, 46, 29, 25, 31, 42, 19, 39, 20, 38, 22) (4, 2, 9) (28, 26, 33) "
"OP(6,12,18,4,4,3,3)",0,Solved,"0,0480"," (4t+2)","0,0531","(\infty, 29, 3, \infty, 27, 5) (44, 14, 0, 37, 28, 23, 20, 38, 24, 13, 4, 47) (19, 11, 17, 46, 39, 16, 33, 34, 7, 43, 35, 41, 22, 15, 40, 9, 10, 31) (30, 26, 42, 32) (6, 2, 18, 8) (36, 1, 21) (12, 25, 45) "
"OP(4,12,4,4,4,4,18)",0,Solved,"0,0470"," (4t+2)","0,0541","(\infty, 4, \infty, 28) (6, 17, 16, 39, 22, 43, 30, 41, 40, 15, 46, 19) (5, 9, 0, 2) (29, 33, 24, 26) (3, 8, 18, 10) (27, 32, 42, 34) (36, 21, 37, 23, 35, 7, 1, 20, 38, 12, 45, 13, 47, 11, 31, 25, 44, 14) "
"OP(4,12,4,18,3,3,3,3)",0,Solved,"0,0640"," (4t+2)","0,0686","(\infty, 3, \infty, 27) (1, 21, 9, 47, 16, 14, 25, 45, 33, 23, 40, 38) (11, 8, 35, 32) (42, 13, 17, 4, 22, 0, 15, 7, 2, 18, 37, 41, 28, 46, 24, 39, 31, 26) (6, 5, 12) (30, 29, 36) (19, 10, 44) (43, 34, 20) "
"OP(10,11,11,18)",0,Solved,"0,0480"," (4t+2)","0,0516","(\infty, 13, 38, 23, 3, \infty, 27, 47, 14, 37) (4, 7, 19, 36, 46, 20, 39, 18, 10, 1, 2) (28, 31, 43, 12, 22, 44, 15, 42, 34, 25, 26) (11, 45, 32, 16, 9, 5, 0, 6, 17, 35, 21, 8, 40, 33, 29, 24, 30, 41) "
"OP(4,11,11,6,18)",0,Solved,"0,0560"," (4t+2)","0,0611","(\infty, \infty, 23, 47) (43, 13, 5, 3, 9, 18, 7, 4, 0, 15, 16) (19, 37, 29, 27, 33, 42, 31, 28, 24, 39, 40) (6, 1, 8, 30, 25, 32) (10, 44, 12, 2, 14, 45, 17, 46, 11, 34, 20, 36, 26, 38, 21, 41, 22, 35) "
"OP(6,11,11,18,4)",0,Solved,"0,0510"," (4t+2)","0,0556","(\infty, 6, 22, \infty, 46, 30) (17, 34, 47, 19, 12, 7, 4, 0, 2, 3, 9) (41, 10, 23, 43, 36, 31, 28, 24, 26, 27, 33) (14, 32, 18, 39, 16, 45, 35, 13, 1, 38, 8, 42, 15, 40, 21, 11, 37, 25) (20, 5, 44, 29) "
"OP(4,11,11,18,3,3)",0,Solved,"0,0500"," (4t+2)","0,0547","(\infty, 17, \infty, 41) (14, 4, 15, 32, 9, 35, 20, 36, 22, 42, 23) (38, 28, 39, 8, 33, 11, 44, 12, 46, 18, 47) (7, 1, 2, 6, 13, 21, 34, 16, 43, 31, 25, 26, 30, 37, 45, 10, 40, 19) (0, 5, 3) (24, 29, 27) "
"OP(12,18,10,10)",0,Solved,"0,0460"," (4t+2)","0,0517","(\infty, 16, 23, 39, 17, 46, \infty, 22, 41, 15, 47, 40) (45, 20, 33, 12, 13, 3, 6, 18, 38, 21, 44, 9, 36, 37, 27, 30, 42, 14) (7, 2, 4, 8, 0, 11, 29, 43, 10, 1) (31, 26, 28, 32, 24, 35, 5, 19, 34, 25) "
"OP(19,11,10,7,3)",,Infeasible,,Table config is not valid,,
"OP(12,18,10,6,4)",0,Solved,"0,1820"," (4t+2)","0,1864","(\infty, 14, 43, 22, 7, 18, \infty, 42, 31, 46, 19, 38) (17, 37, 15, 45, 9, 5, 2, 8, 16, 41, 13, 39, 21, 33, 29, 26, 32, 40) (6, 1, 3, 12, 44, 30, 25, 27, 36, 20) (0, 10, 23, 24, 34, 47) (11, 4, 35, 28) "
"OP(12,18,10,5,5)",0,Solved,"0,0700"," (4t+2)","0,0735","(\infty, 14, 5, 15, 32, 18, \infty, 42, 8, 39, 29, 38) (40, 10, 23, 43, 22, 11, 44, 12, 41, 16, 34, 47, 19, 46, 35, 20, 36, 17) (4, 0, 1, 3, 6, 28, 24, 25, 27, 30) (9, 21, 13, 7, 2) (33, 45, 37, 31, 26) "
"OP(12,18,10,4,3,3)",0,Solved,"0,0420"," (4t+2)","0,0460","(\infty, 11, 3, 8, 17, 7, \infty, 31, 41, 32, 27, 35) (36, 20, 19, 46, 13, 6, 18, 47, 1, 12, 44, 43, 22, 37, 30, 42, 23, 25) (2, 15, 40, 10, 4, 26, 39, 16, 34, 28) (5, 9, 29, 33) (0, 45, 14) (24, 21, 38) "
"OP(19,11,9,8,3)",,Infeasible,,Table config is not valid,,
"OP(19,11,9,7,4)",,Infeasible,,Table config is not valid,,
"OP(19,11,9,6,5)",,Infeasible,,Table config is not valid,,
"OP(19,11,9,5,3,3)",,Infeasible,,Table config is not valid,,
"OP(19,11,9,4,4,3)",,Infeasible,,Table config is not valid,,
"OP(12,18,8,8,4)",0,Solved,"0,0570"," (4t+2)","0,0653","(\infty, 18, 21, 41, 19, 44, \infty, 20, 43, 17, 45, 42) (46, 9, 0, 16, 47, 6, 35, 27, 32, 22, 33, 24, 40, 23, 30, 11, 3, 8) (29, 28, 13, 26, 38, 34, 36, 15) (5, 4, 37, 2, 14, 10, 12, 39) (31, 25, 7, 1) "
"OP(19,11,8,7,5)",,Infeasible,,Table config is not valid,,
"OP(12,18,8,6,6)",0,Solved,"0,1100"," (4t+2)","0,1139","(\infty, 2, 3, 0, 4, 6, \infty, 30, 28, 24, 27, 26) (47, 16, 38, 19, 44, 11, 22, 9, 39, 23, 40, 14, 43, 20, 35, 46, 33, 15) (37, 17, 10, 1, 13, 41, 34, 25) (45, 5, 32, 18, 12, 7) (21, 29, 8, 42, 36, 31) "
"OP(12,18,8,6,3,3)",0,Solved,"0,0470"," (4t+2)","0,0512","(\infty, 14, 3, 13, 16, 44, \infty, 20, 40, 37, 27, 38) (11, 46, 15, 36, 21, 47, 17, 10, 1, 35, 22, 39, 12, 45, 23, 41, 34, 25) (2, 7, 19, 42, 26, 31, 43, 18) (4, 5, 9, 28, 29, 33) (0, 8, 6) (24, 32, 30) "
"OP(19,11,8,5,4,3)",,Infeasible,,Table config is not valid,,
"OP(12,18,8,4,4,4)",0,Solved,"0,0500"," (4t+2)","0,0546","(\infty, 4, 35, 47, 40, 2, \infty, 26, 16, 23, 11, 28) (37, 39, 33, 24, 46, 41, 42, 38, 27, 13, 15, 9, 0, 22, 17, 18, 14, 3) (31, 34, 5, 32, 7, 10, 29, 8) (43, 30, 45, 25) (19, 6, 21, 1) (44, 36, 20, 12) "
"OP(12,18,8,3,3,3,3)",0,Solved,"0,0410"," (4t+2)","0,0453","(\infty, 11, 3, 16, 37, 19, \infty, 43, 13, 40, 27, 35) (44, 21, 47, 15, 46, 32, 17, 12, 1, 20, 45, 23, 39, 22, 8, 41, 36, 25) (2, 9, 18, 38, 26, 33, 42, 14) (4, 5, 7) (28, 29, 31) (0, 10, 6) (24, 34, 30) "
"OP(12,18,7,7,6)",0,Solved,"0,1120"," (4t+2)","0,1174","(\infty, 27, 24, 39, 44, 13, \infty, 37, 20, 15, 0, 3) (43, 8, 1, 31, 33, 11, 45, 41, 42, 19, 32, 25, 7, 9, 35, 21, 17, 18) (40, 29, 38, 10, 26, 47, 28) (16, 5, 14, 34, 2, 23, 4) (36, 46, 6, 12, 22, 30) "
"OP(12,18,7,7,3,3)",0,Solved,"0,0460"," (4t+2)","0,0499","(\infty, 14, 3, 13, 44, 18, \infty, 42, 20, 37, 27, 38) (11, 40, 17, 45, 12, 39, 23, 10, 1, 35, 16, 41, 21, 36, 15, 47, 34, 25) (2, 7, 19, 22, 4, 5, 9) (26, 31, 43, 46, 28, 29, 33) (0, 8, 6) (24, 32, 30) "
"OP(19,11,7,6,4,3)",,Infeasible,,Table config is not valid,,
"OP(19,11,7,5,5,3)",,Infeasible,,Table config is not valid,,
"OP(19,11,7,5,4,4)",,Infeasible,,Table config is not valid,,
"OP(19,11,7,4,3,3,3)",,Infeasible,,Table config is not valid,,
"OP(19,11,6,6,5,3)",,Infeasible,,Table config is not valid,,
"OP(12,18,6,6,4,4)",0,Solved,"0,1140"," (4t+2)","0,1185","(\infty, 13, 1, 38, 11, 39, \infty, 15, 35, 14, 25, 37) (6, 10, 45, 7, 22, 19, 41, 12, 5, 30, 34, 21, 31, 46, 43, 17, 36, 29) (2, 3, 9, 4, 18, 20) (26, 27, 33, 28, 42, 44) (47, 8, 0, 16) (23, 32, 24, 40) "
"OP(12,18,6,5,5,4)",0,Solved,"0,0570"," (4t+2)","0,0612","(\infty, 2, 4, 7, 6, 18, \infty, 42, 30, 31, 28, 26) (17, 33, 16, 27, 45, 19, 46, 36, 13, 41, 9, 40, 3, 21, 43, 22, 12, 37) (23, 15, 34, 47, 39, 10) (5, 0, 14, 8, 1) (29, 24, 38, 32, 25) (20, 11, 44, 35) "
"OP(19,11,6,5,3,3,3)",,Infeasible,,Table config is not valid,,
"OP(12,18,6,4,4,3,3)",0,Solved,"0,0560"," (4t+2)","0,0599","(\infty, 8, 40, 15, 7, 22, \infty, 46, 31, 39, 16, 32) (10, 47, 20, 3, 6, 4, 9, 18, 0, 34, 23, 44, 27, 30, 28, 33, 42, 24) (2, 14, 13, 26, 38, 37) (5, 11, 21, 1) (29, 35, 45, 25) (12, 19, 41) (36, 43, 17) "
"OP(12,18,5,5,5,5)",0,Solved,"0,1080"," (4t+2)","0,1121","(\infty, 39, 47, 26, 33, 45, \infty, 21, 9, 2, 23, 15) (46, 36, 25, 44, 43, 40, 34, 29, 38, 22, 12, 1, 20, 19, 16, 10, 5, 14) (35, 7, 32, 30, 4) (11, 31, 8, 6, 28) (24, 37, 41, 27, 42) (0, 13, 17, 3, 18) "
"OP(12,18,5,5,4,3,3)",0,Solved,"0,1370"," (4t+2)","0,1413","(\infty, 25, 2, 4, 5, 15, \infty, 39, 29, 28, 26, 1) (0, 8, 13, 20, 35, 14, 42, 12, 41, 24, 32, 37, 44, 11, 38, 18, 36, 17) (22, 6, 3, 7, 16) (46, 30, 27, 31, 40) (10, 23, 34, 47) (19, 33, 45) (43, 9, 21) "
"OP(19,11,5,4,4,4,3)",,Infeasible,,Table config is not valid,,
"OP(19,11,5,3,3,3,3,3)",,Infeasible,,Table config is not valid,,
"OP(12,18,4,4,4,4,4)",0,Solved,"0,1640"," (4t+2)","0,1677","(\infty, 43, 16, 33, 39, 31, \infty, 7, 15, 9, 40, 19) (37, 30, 46, 27, 42, 47, 45, 32, 4, 13, 6, 22, 3, 18, 23, 21, 8, 28) (5, 1, 38, 41) (29, 25, 14, 17) (34, 44, 26, 0) (10, 20, 2, 24) (36, 35, 12, 11) "
"OP(12,18,4,4,3,3,3,3)",0,Solved,"0,1160"," (4t+2)","0,1200","(\infty, 40, 45, 19, 10, 6, \infty, 30, 34, 43, 21, 16) (47, 46, 18, 0, 17, 4, 15, 1, 7, 23, 22, 42, 24, 41, 28, 39, 25, 31) (5, 13, 20, 8) (29, 37, 44, 32) (12, 2, 27) (36, 26, 3) (11, 9, 38) (35, 33, 14) "
"OP(4,10,10,8,18)",0,Solved,"0,0490"," (4t+2)","0,0528","(\infty, 1, \infty, 25) (4, 3, 6, 2, 0, 5, 13, 31, 17, 10) (28, 27, 30, 26, 24, 29, 37, 7, 41, 34) (23, 35, 18, 8, 47, 11, 42, 32) (22, 9, 20, 36, 21, 40, 14, 39, 19, 46, 33, 44, 12, 45, 16, 38, 15, 43) "
"OP(8,10,10,18,4)",0,Solved,"0,0540"," (4t+2)","0,0584","(\infty, 6, 16, 32, \infty, 8, 40, 30) (17, 38, 19, 12, 7, 4, 0, 2, 3, 9) (41, 14, 43, 36, 31, 28, 24, 26, 27, 33) (39, 21, 10, 23, 46, 18, 35, 13, 1, 15, 45, 34, 47, 22, 42, 11, 37, 25) (20, 5, 44, 29) "
"OP(6,10,10,6,18)",0,Solved,"0,0900"," (4t+2)","0,0942","(\infty, 18, 6, \infty, 30, 42) (4, 0, 15, 9, 2, 3, 5, 8, 13, 21) (28, 24, 39, 33, 26, 27, 29, 32, 37, 45) (1, 10, 35, 25, 34, 11) (31, 17, 43, 14, 46, 16, 36, 47, 20, 7, 41, 19, 38, 22, 40, 12, 23, 44) "
"OP(6,10,10,18,3,3)",0,Solved,"0,0470"," (4t+2)","0,0516","(\infty, 16, 46, \infty, 22, 40) (4, 14, 23, 9, 35, 20, 41, 12, 32, 15) (28, 38, 47, 33, 11, 44, 17, 36, 8, 39) (7, 1, 2, 6, 13, 21, 34, 18, 43, 31, 25, 26, 30, 37, 45, 10, 42, 19) (0, 5, 3) (24, 29, 27) "
"OP(4,10,10,4,4,18)",0,Solved,"0,0450"," (4t+2)","0,0510","(\infty, 19, \infty, 43) (3, 13, 34, 21, 46, 15, 35, 20, 36, 14) (27, 37, 10, 45, 22, 39, 11, 44, 12, 38) (4, 7, 1, 2) (28, 31, 25, 26) (23, 42, 30, 16, 9, 5, 0, 8, 17, 47, 18, 6, 40, 33, 29, 24, 32, 41) "
"OP(4,10,9,9,18)",0,Solved,"0,0420"," (4t+2)","0,0465","(\infty, 11, \infty, 35) (20, 37, 3, 38, 15, 44, 13, 27, 14, 39) (4, 7, 19, 46, 36, 18, 10, 1, 2) (28, 31, 43, 22, 12, 42, 34, 25, 26) (21, 47, 32, 16, 9, 5, 0, 6, 17, 45, 23, 8, 40, 33, 29, 24, 30, 41) "
"OP(10,10,18,8,4)",0,Solved,"0,1080"," (4t+2)","0,1118","(\infty, 21, 0, 1, 11, \infty, 35, 25, 24, 45) (12, 10, 2, 15, 6, 36, 34, 26, 39, 30) (8, 41, 16, 19, 7, 13, 42, 20, 4, 32, 17, 40, 43, 31, 37, 18, 44, 28) (47, 3, 14, 9, 23, 27, 38, 33) (5, 22, 29, 46) "
"OP(19,10,9,7,5)",,Infeasible,,Table config is not valid,,
"OP(10,10,18,6,6)",0,Solved,"0,0440"," (4t+2)","0,0486","(\infty, 27, 7, 23, 21, \infty, 45, 47, 31, 3) (41, 42, 32, 10, 28, 17, 18, 8, 34, 4) (2, 38, 33, 0, 44, 30, 11, 19, 13, 26, 14, 9, 24, 20, 6, 35, 43, 37) (1, 22, 5, 12, 15, 40) (25, 46, 29, 36, 39, 16) "
"OP(10,10,18,6,3,3)",0,Solved,"0,3180"," (4t+2)","0,3236","(\infty, 34, 14, 6, 44, \infty, 20, 30, 38, 10) (3, 5, 37, 22, 39, 27, 29, 13, 46, 15) (4, 1, 8, 9, 43, 18, 36, 23, 17, 28, 25, 32, 33, 19, 42, 12, 47, 41) (26, 0, 21, 2, 24, 45) (40, 35, 31) (16, 11, 7) "
"OP(19,10,9,5,4,3)",,Infeasible,,Table config is not valid,,
"OP(10,10,18,4,4,4)",0,Solved,"0,0650"," (4t+2)","0,0693","(\infty, \infty, 23, 39, 41, 35, 11, 17, 15, 47) (19, 6, 28, 29, 34, 43, 30, 4, 5, 10) (31, 20, 13, 36, 0, 45, 14, 32, 3, 7, 44, 37, 12, 24, 21, 38, 8, 27) (42, 22, 1, 9) (18, 46, 25, 33) (26, 16, 2, 40) "
"OP(10,10,18,3,3,3,3)",0,Solved,"0,1040"," (4t+2)","0,1095","(\infty, 41, 20, 19, 3, \infty, 27, 43, 44, 17) (5, 7, 21, 9, 14, 29, 31, 45, 33, 38) (2, 13, 0, 6, 15, 40, 23, 42, 22, 26, 37, 24, 30, 39, 16, 47, 18, 46) (12, 34, 4) (36, 10, 28) (8, 11, 1) (32, 35, 25) "
"OP(6,10,8,8,18)",0,Solved,"0,0450"," (4t+2)","0,0485","(\infty, 8, 30, \infty, 6, 32) (9, 1, 24, 4, 42, 33, 25, 0, 28, 18) (2, 39, 37, 44, 12, 17, 35, 14) (26, 15, 13, 20, 36, 41, 11, 38) (27, 31, 45, 16, 29, 23, 22, 19, 34, 3, 7, 21, 40, 5, 47, 46, 43, 10) "
"OP(8,10,8,18,6)",0,Solved,"0,1260"," (4t+2)","0,1300","(\infty, 21, 37, 15, \infty, 39, 13, 45) (46, 18, 10, 7, 11, 22, 42, 34, 31, 35) (3, 28, 47, 6, 27, 4, 23, 30) (2, 32, 17, 19, 29, 20, 14, 9, 40, 26, 8, 41, 43, 5, 44, 38, 33, 16) (0, 1, 36, 24, 25, 12) "
"OP(8,10,8,18,3,3)",0,Solved,"0,0990"," (4t+2)","0,1028","(\infty, 46, 26, 16, \infty, 40, 2, 22) (6, 37, 33, 4, 29, 30, 13, 9, 28, 5) (0, 34, 12, 45, 24, 10, 36, 21) (25, 43, 41, 44, 35, 3, 39, 32, 38, 1, 19, 17, 20, 11, 27, 15, 8, 14) (42, 47, 7) (18, 23, 31) "
"OP(4,10,8,6,4,18)",0,Solved,"0,0780"," (4t+2)","0,0819","(\infty, 35, \infty, 11) (0, 1, 3, 6, 14, 24, 25, 27, 30, 38) (4, 13, 7, 21, 28, 37, 31, 45) (5, 10, 40, 29, 34, 16) (46, 2, 22, 26) (20, 33, 12, 43, 18, 47, 15, 41, 8, 44, 9, 36, 19, 42, 23, 39, 17, 32) "
"OP(4,10,8,5,5,18)",0,Solved,"0,0840"," (4t+2)","0,0882","(\infty, 30, \infty, 6) (3, 0, 8, 19, 39, 27, 24, 32, 43, 15) (14, 46, 45, 12, 38, 22, 21, 36) (20, 10, 5, 1, 7) (44, 34, 29, 25, 31) (47, 17, 42, 11, 40, 13, 4, 2, 9, 23, 41, 18, 35, 16, 37, 28, 26, 33) "
"OP(6,10,8,18,4,4)",0,Solved,"0,2920"," (4t+2)","0,2958","(\infty, 33, 1, \infty, 25, 9) (35, 39, 21, 14, 5, 11, 15, 45, 38, 29) (30, 22, 0, 20, 6, 46, 24, 44) (34, 3, 4, 40, 43, 18, 7, 17, 12, 10, 27, 28, 16, 19, 42, 31, 41, 36) (47, 32, 13, 26) (23, 8, 37, 2) "
"OP(4,10,8,4,18,3,3)",0,Solved,"0,1390"," (4t+2)","0,1432","(\infty, 2, \infty, 26) (37, 3, 4, 6, 9, 13, 27, 28, 30, 33) (11, 21, 42, 22, 35, 45, 18, 46) (8, 1, 32, 25) (41, 19, 38, 20, 12, 0, 15, 31, 40, 17, 43, 14, 44, 36, 24, 39, 7, 16) (5, 47, 10) (29, 23, 34) "
"OP(8,10,18,7,7)",0,Solved,"0,0490"," (4t+2)","0,0528","(\infty, 19, 42, 15, \infty, 39, 18, 43) (10, 23, 11, 44, 16, 34, 47, 35, 20, 40) (21, 38, 22, 13, 8, 1, 2, 12, 31, 45, 14, 46, 37, 32, 25, 26, 36, 7) (9, 17, 28, 6, 0, 3, 5) (33, 41, 4, 30, 24, 27, 29) "
"OP(4,10,7,7,4,18)",0,Solved,"0,0480"," (4t+2)","0,0517","(\infty, 20, \infty, 44) (42, 10, 5, 3, 6, 18, 34, 29, 27, 30) (39, 12, 4, 0, 13, 23, 8) (15, 36, 28, 24, 37, 47, 32) (1, 7, 25, 31) (14, 43, 9, 2, 11, 22, 21, 41, 16, 38, 19, 33, 26, 35, 46, 45, 17, 40) "
"OP(19,10,7,6,5,3)",,Infeasible,,Table config is not valid,,
"OP(8,10,18,6,4,4)",0,Solved,"0,0590"," (4t+2)","0,0640","(\infty, 47, 34, 19, \infty, 43, 10, 23) (33, 11, 0, 12, 41, 9, 35, 24, 36, 17) (22, 42, 21, 44, 14, 4, 7, 16, 15, 46, 18, 45, 20, 38, 28, 31, 40, 39) (13, 5, 3, 37, 29, 27) (6, 2, 8, 1) (30, 26, 32, 25) "
"OP(8,10,18,5,5,4)",0,Solved,"0,2080"," (4t+2)","0,2126","(\infty, 15, 2, 5, \infty, 29, 26, 39) (14, 41, 1, 34, 33, 38, 17, 25, 10, 9) (8, 47, 6, 31, 3, 13, 42, 44, 28, 32, 23, 30, 7, 27, 37, 18, 20, 4) (19, 36, 0, 11, 45) (43, 12, 24, 35, 21) (40, 22, 16, 46) "
"OP(19,10,7,5,3,3,3)",,Infeasible,,Table config is not valid,,
"OP(8,10,18,4,4,3,3)",0,Solved,"0,2210"," (4t+2)","0,2260","(\infty, 8, 9, 38, \infty, 14, 33, 32) (18, 46, 20, 15, 40, 42, 22, 44, 39, 16) (4, 17, 2, 10, 6, 37, 23, 7, 19, 28, 41, 26, 34, 30, 13, 47, 31, 43) (12, 1, 11, 5) (36, 25, 35, 29) (3, 21, 24) (27, 45, 0) "
"OP(4,10,6,6,6,18)",0,Solved,"0,0540"," (4t+2)","0,0576","(\infty, 14, \infty, 38) (44, 19, 12, 15, 4, 20, 43, 36, 39, 28) (22, 0, 21, 16, 17, 3) (46, 24, 45, 40, 41, 27) (42, 6, 8, 18, 30, 32) (35, 2, 33, 37, 29, 23, 10, 1, 31, 11, 26, 9, 13, 5, 47, 34, 25, 7) "
"OP(6,10,6,6,18,4)",0,Solved,"0,0450"," (4t+2)","0,0492","(\infty, 19, 41, \infty, 17, 43) (47, 20, 4, 37, 3, 23, 44, 28, 13, 27) (5, 46, 33, 21, 31, 2) (29, 22, 9, 45, 7, 26) (1, 38, 42, 0, 40, 10, 8, 39, 30, 25, 14, 18, 24, 16, 34, 32, 15, 6) (35, 36, 11, 12) "
"OP(4,10,6,6,18,3,3)",0,Solved,"0,0500"," (4t+2)","0,0537","(\infty, 16, \infty, 40) (14, 4, 15, 32, 10, 38, 28, 39, 8, 34) (9, 43, 11, 23, 36, 18) (33, 19, 35, 47, 12, 42) (7, 1, 2, 6, 13, 21, 44, 17, 46, 31, 25, 26, 30, 37, 45, 20, 41, 22) (0, 5, 3) (24, 29, 27) "
"OP(6,10,6,18,5,5)",0,Solved,"0,1420"," (4t+2)","0,1460","(\infty, 16, 6, \infty, 30, 40) (10, 7, 20, 2, 17, 34, 31, 44, 26, 41) (1, 12, 0, 25, 36, 24) (47, 18, 11, 38, 22, 21, 43, 15, 9, 23, 42, 35, 14, 46, 45, 19, 39, 33) (13, 4, 8, 3, 5) (37, 28, 32, 27, 29) "
"OP(6,10,6,18,4,3,3)",0,Solved,"0,0610"," (4t+2)","0,0651","(\infty, 24, 30, \infty, 6, 0) (2, 13, 45, 16, 14, 26, 37, 21, 40, 38) (3, 11, 12, 27, 35, 36) (39, 19, 32, 1, 5, 46, 7, 33, 10, 15, 43, 8, 25, 29, 22, 31, 9, 34) (42, 4, 18, 28) (17, 47, 20) (41, 23, 44) "
"OP(4,10,6,4,4,4,18)",0,Solved,"0,0850"," (4t+2)","0,0889","(\infty, 35, \infty, 11) (0, 1, 3, 6, 14, 24, 25, 27, 30, 38) (4, 13, 7, 28, 37, 31) (5, 10, 23, 16) (29, 34, 47, 40) (46, 2, 22, 26) (8, 41, 12, 44, 18, 43, 9, 45, 15, 32, 17, 36, 20, 42, 19, 33, 21, 39) "
"OP(4,10,6,18,3,3,3,3)",0,Solved,"0,0410"," (4t+2)","0,0454","(\infty, 41, \infty, 17) (15, 37, 19, 28, 3, 39, 13, 43, 4, 27) (26, 11, 40, 2, 35, 16) (14, 25, 21, 29, 36, 31, 0, 42, 22, 38, 1, 45, 5, 12, 7, 24, 18, 46) (10, 44, 23) (34, 20, 47) (30, 33, 32) (6, 9, 8) "
"OP(6,10,18,5,5,3,3)",0,Solved,"0,1060"," (4t+2)","0,1109","(\infty, 45, 15, \infty, 39, 21) (22, 7, 41, 13, 1, 46, 31, 17, 37, 25) (3, 19, 44, 23, 6, 8, 2, 12, 38, 27, 43, 20, 47, 30, 32, 26, 36, 14) (5, 0, 4, 11, 40) (29, 24, 28, 35, 16) (10, 9, 18) (34, 33, 42) "
"OP(4,10,5,5,4,4,18)",0,Solved,"0,0470"," (4t+2)","0,0514","(\infty, 1, \infty, 25) (2, 4, 0, 5, 23, 26, 28, 24, 29, 47) (3, 9, 8, 19, 12) (27, 33, 32, 43, 36) (31, 17, 38, 16) (7, 41, 14, 40) (18, 10, 20, 39, 11, 46, 21, 37, 6, 42, 34, 44, 15, 35, 22, 45, 13, 30) "
"OP(6,10,18,4,4,4,4)",0,Solved,"0,0760"," (4t+2)","0,0811","(\infty, 12, 38, \infty, 14, 36) (2, 4, 11, 22, 40, 26, 28, 35, 46, 16) (23, 44, 21, 37, 17, 34, 19, 6, 18, 47, 20, 45, 13, 41, 10, 43, 30, 42) (1, 7, 15, 5) (25, 31, 39, 29) (3, 0, 9, 8) (27, 24, 33, 32) "
"OP(6,10,18,4,3,3,3,3)",0,Solved,"0,1680"," (4t+2)","0,1726","(\infty, 18, 44, \infty, 20, 42) (6, 46, 0, 31, 11, 30, 22, 24, 7, 35) (10, 9, 5, 43, 1, 17, 14, 32, 27, 34, 33, 29, 19, 25, 41, 38, 8, 3) (36, 21, 12, 45) (4, 15, 40) (28, 39, 16) (13, 26, 47) (37, 2, 23) "
"OP(4,10,4,4,4,18,3,3)",0,Solved,"0,0950"," (4t+2)","0,0992","(\infty, 21, \infty, 45) (4, 5, 7, 0, 6, 28, 29, 31, 24, 30) (17, 46, 16, 32) (41, 22, 40, 8) (2, 13, 26, 37) (47, 9, 1, 44, 10, 14, 35, 18, 43, 23, 33, 25, 20, 34, 38, 11, 42, 19) (12, 15, 3) (36, 39, 27) "
"OP(4,10,18,3,3,3,3,3,3)",0,Solved,"0,0650"," (4t+2)","0,0683","(\infty, 4, \infty, 28) (5, 6, 2, 15, 13, 29, 30, 26, 39, 37) (14, 8, 3, 10, 20, 41, 11, 0, 12, 38, 32, 27, 34, 44, 17, 35, 24, 36) (7, 21, 40) (31, 45, 16) (18, 1, 9) (42, 25, 33) (19, 22, 47) (43, 46, 23) "
"OP(10,18,9,9,4)",0,Solved,"0,0650"," (4t+2)","0,0694","(\infty, 10, 1, 8, 16, \infty, 40, 32, 25, 34) (22, 41, 11, 45, 13, 0, 12, 43, 18, 46, 17, 35, 21, 37, 24, 36, 19, 42) (15, 14, 47, 20, 9, 3, 7, 2, 5) (39, 38, 23, 44, 33, 27, 31, 26, 29) (6, 4, 30, 28) "
"OP(6,9,9,8,18)",0,Solved,"0,1340"," (4t+2)","0,1380","(\infty, 17, 45, \infty, 21, 41) (8, 14, 22, 12, 5, 0, 23, 1, 4) (32, 38, 46, 36, 29, 24, 47, 25, 28) (35, 16, 15, 2, 11, 40, 39, 26) (3, 33, 31, 43, 6, 20, 37, 10, 42, 27, 9, 7, 19, 30, 44, 13, 34, 18) "
"OP(8,9,9,18,6)",0,Solved,"0,1530"," (4t+2)","0,1584","(\infty, 19, 41, 31, \infty, 7, 17, 43) (15, 12, 45, 37, 8, 29, 30, 42, 47) (39, 36, 21, 13, 32, 5, 6, 18, 23) (4, 35, 1, 38, 40, 34, 27, 2, 46, 28, 11, 25, 14, 16, 10, 3, 26, 22) (0, 20, 33, 24, 44, 9) "
"OP(8,9,9,18,3,3)",0,Solved,"0,0550"," (4t+2)","0,0602","(\infty, 15, 41, 11, \infty, 35, 17, 39) (10, 16, 2, 14, 22, 9, 0, 5, 7) (34, 40, 26, 38, 46, 33, 24, 29, 31) (44, 19, 47, 18, 45, 30, 13, 3, 4, 20, 43, 23, 42, 21, 6, 37, 27, 28) (1, 12, 8) (25, 36, 32) "
"OP(4,9,9,6,4,18)",0,Solved,"0,0550"," (4t+2)","0,0595","(\infty, 17, \infty, 41) (3, 6, 21, 14, 22, 39, 20, 7, 8) (27, 30, 45, 38, 46, 15, 44, 31, 32) (2, 4, 10, 26, 28, 34) (1, 5, 25, 29) (18, 40, 19, 9, 0, 11, 23, 37, 12, 42, 16, 43, 33, 24, 35, 47, 13, 36) "
"OP(4,9,9,5,5,18)",0,Solved,"0,0510"," (4t+2)","0,0555","(\infty, 19, \infty, 43) (4, 6, 9, 14, 29, 40, 15, 7, 0) (28, 30, 33, 38, 5, 16, 39, 31, 24) (2, 3, 12, 22, 8) (26, 27, 36, 46, 32) (41, 21, 34, 18, 35, 13, 1, 20, 47, 17, 45, 10, 42, 11, 37, 25, 44, 23) "
"OP(6,9,9,18,4,4)",0,Solved,"0,0470"," (4t+2)","0,0526","(\infty, 16, 44, \infty, 20, 40) (31, 14, 4, 15, 42, 23, 45, 13, 43) (7, 38, 28, 39, 18, 47, 21, 37, 19) (12, 6, 1, 2, 10, 17, 32, 46, 11, 36, 30, 25, 26, 34, 41, 8, 22, 35) (9, 0, 3, 5) (33, 24, 27, 29) "
"OP(4,9,9,4,18,3,3)",0,Solved,"0,0520"," (4t+2)","0,0564","(\infty, 31, \infty, 7) (35, 18, 5, 8, 3, 21, 13, 1, 12) (11, 42, 29, 32, 27, 45, 37, 25, 36) (4, 19, 28, 43) (0, 38, 6, 10, 9, 23, 16, 22, 2, 24, 14, 30, 34, 33, 47, 40, 46, 26) (15, 44, 17) (39, 20, 41) "
"OP(10,18,8,8,6)",0,Solved,"0,0660"," (4t+2)","0,0697","(\infty, 46, 17, 47, 16, \infty, 40, 23, 41, 22) (19, 39, 13, 4, 2, 9, 1, 5, 10, 43, 15, 37, 28, 26, 33, 25, 29, 34) (0, 12, 44, 21, 35, 14, 3, 6) (24, 36, 20, 45, 11, 38, 27, 30) (42, 7, 8, 18, 31, 32) "
"OP(10,18,8,8,3,3)",0,Solved,"0,0760"," (4t+2)","0,0801","(\infty, 44, 15, 47, 16, \infty, 40, 23, 39, 20) (2, 0, 6, 17, 10, 5, 1, 4, 14, 26, 24, 30, 41, 34, 29, 25, 28, 38) (11, 3, 12, 42, 19, 46, 13, 33) (35, 27, 36, 18, 43, 22, 37, 9) (21, 8, 7) (45, 32, 31) "
"OP(10,18,8,7,7)",0,Solved,"0,0490"," (4t+2)","0,0533","(\infty, 46, 24, 43, 20, \infty, 44, 19, 0, 22) (3, 30, 10, 16, 7, 18, 28, 11, 41, 27, 6, 34, 40, 31, 42, 4, 35, 17) (1, 14, 29, 37, 25, 38, 5, 13) (8, 9, 2, 45, 47, 15, 12) (32, 33, 26, 21, 23, 39, 36) "
"OP(19,9,8,7,4,3)",,Infeasible,,Table config is not valid,,
"OP(19,9,8,6,5,3)",,Infeasible,,Table config is not valid,,
"OP(10,18,8,6,4,4)",0,Solved,"0,0480"," (4t+2)","0,0515","(\infty, 15, 35, 46, 17, \infty, 41, 22, 11, 39) (3, 5, 12, 13, 4, 0, 10, 18, 43, 27, 29, 36, 37, 28, 24, 34, 42, 19) (1, 6, 9, 40, 25, 30, 33, 16) (14, 2, 8, 38, 26, 32) (20, 7, 21, 47) (44, 31, 45, 23) "
"OP(10,18,8,5,5,4)",0,Solved,"0,0460"," (4t+2)","0,0502","(\infty, 2, 4, 7, 6, \infty, 30, 31, 28, 26) (37, 21, 33, 16, 27, 17, 42, 22, 43, 13, 45, 9, 40, 3, 41, 18, 46, 19) (36, 23, 15, 34, 12, 47, 39, 10) (5, 0, 14, 8, 1) (29, 24, 38, 32, 25) (20, 11, 44, 35) "
"OP(19,9,8,5,3,3,3)",,Infeasible,,Table config is not valid,,
"OP(10,18,8,4,4,3,3)",0,Solved,"0,0890"," (4t+2)","0,0923","(\infty, 17, 2, 3, 1, \infty, 25, 27, 26, 41) (6, 12, 23, 9, 18, 34, 16, 44, 8, 30, 36, 47, 33, 42, 10, 40, 20, 32) (45, 4, 7, 11, 21, 28, 31, 35) (14, 39, 22, 43) (38, 15, 46, 19) (5, 13, 0) (29, 37, 24) "
"OP(19,9,7,7,5,3)",,Infeasible,,Table config is not valid,,
"OP(10,18,7,7,4,4)",0,Solved,"0,0980"," (4t+2)","0,1042","(\infty, 17, 2, 3, 1, \infty, 25, 27, 26, 41) (7, 19, 37, 23, 10, 42, 15, 40, 14, 31, 43, 13, 47, 34, 18, 39, 16, 38) (45, 4, 33, 22, 12, 8, 5) (21, 28, 9, 46, 36, 32, 29) (6, 11, 20, 0) (30, 35, 44, 24) "
"OP(19,9,7,6,6,3)",,Infeasible,,Table config is not valid,,
"OP(19,9,7,6,5,4)",,Infeasible,,Table config is not valid,,
"OP(19,9,7,6,3,3,3)",,Infeasible,,Table config is not valid,,
"OP(19,9,7,5,5,5)",,Infeasible,,Table config is not valid,,
"OP(19,9,7,5,4,3,3)",,Infeasible,,Table config is not valid,,
"OP(19,9,7,4,4,4,3)",,Infeasible,,Table config is not valid,,
"OP(19,9,7,3,3,3,3,3)",,Infeasible,,Table config is not valid,,
"OP(10,18,6,6,6,4)",0,Solved,"0,0650"," (4t+2)","0,0696","(\infty, 6, 14, 32, 18, \infty, 42, 8, 38, 30) (46, 19, 12, 7, 4, 0, 2, 3, 9, 22, 43, 36, 31, 28, 24, 26, 27, 33) (10, 41, 21, 40, 15, 47) (34, 17, 45, 16, 39, 23) (35, 13, 1, 11, 37, 25) (20, 5, 44, 29) "
"OP(10,18,6,6,5,5)",0,Solved,"0,0710"," (4t+2)","0,0752","(\infty, 4, 5, 7, 2, \infty, 26, 31, 29, 28) (11, 46, 32, 12, 3, 15, 47, 21, 18, 35, 22, 8, 36, 27, 39, 23, 45, 42) (0, 6, 13, 43, 14, 10) (24, 30, 37, 19, 38, 34) (1, 9, 20, 41, 16) (25, 33, 44, 17, 40) "
"OP(10,18,6,6,4,3,3)",0,Solved,"0,1250"," (4t+2)","0,1294","(\infty, 2, 3, 5, 0, \infty, 24, 29, 27, 26) (6, 12, 23, 9, 21, 31, 14, 22, 43, 30, 36, 47, 33, 45, 7, 38, 46, 19) (10, 40, 15, 41, 13, 42) (34, 16, 39, 17, 37, 18) (11, 20, 35, 44) (4, 1, 8) (28, 25, 32) "
"OP(10,18,6,5,5,3,3)",0,Solved,"0,1480"," (4t+2)","0,1547","(\infty, 20, 45, 15, 46, \infty, 22, 39, 21, 44) (47, 18, 32, 19, 12, 2, 4, 3, 11, 23, 42, 8, 43, 36, 26, 28, 27, 35) (9, 5, 0, 33, 29, 24) (6, 17, 37, 16, 38) (30, 41, 13, 40, 14) (1, 7, 10) (25, 31, 34) "
"OP(19,9,6,5,4,4,3)",,Infeasible,,Table config is not valid,,
"OP(10,18,6,4,4,4,4)",0,Solved,"0,0450"," (4t+2)","0,0496","(\infty, 46, 18, 47, 20, \infty, 44, 23, 42, 22) (3, 5, 12, 13, 4, 0, 10, 21, 9, 27, 29, 36, 37, 28, 24, 34, 45, 33) (1, 6, 38, 25, 30, 14) (11, 19, 2, 8) (35, 43, 26, 32) (41, 7, 40, 15) (17, 31, 16, 39) "
"OP(10,18,6,4,3,3,3,3)",0,Solved,"0,0490"," (4t+2)","0,0535","(\infty, 36, 32, 42, 30, \infty, 6, 18, 8, 12) (4, 37, 31, 45, 29, 47, 25, 46, 39, 28, 13, 7, 21, 5, 23, 1, 22, 15) (0, 35, 44, 24, 11, 20) (33, 38, 9, 14) (26, 34, 3) (2, 10, 27) (43, 41, 40) (19, 17, 16) "
"OP(19,9,5,5,5,4,3)",,Infeasible,,Table config is not valid,,
"OP(10,18,5,5,4,4,4)",0,Solved,"0,0960"," (4t+2)","0,0993","(\infty, 32, 16, 46, 18, \infty, 42, 22, 40, 8) (10, 3, 13, 19, 41, 20, 1, 14, 45, 34, 27, 37, 43, 17, 44, 25, 38, 21) (12, 4, 9, 23, 35) (36, 28, 33, 47, 11) (6, 2, 5, 7) (30, 26, 29, 31) (15, 0, 39, 24) "
"OP(10,18,5,5,3,3,3,3)",0,Solved,"0,1580"," (4t+2)","0,1623","(\infty, 12, 3, 23, 22, \infty, 46, 47, 27, 36) (13, 0, 7, 40, 11, 25, 19, 9, 14, 37, 24, 31, 16, 35, 1, 43, 33, 38) (41, 10, 6, 42, 15) (17, 34, 30, 18, 39) (8, 5, 45) (32, 29, 21) (4, 2, 20) (28, 26, 44) "
"OP(19,9,5,4,4,3,3,3)",,Infeasible,,Table config is not valid,,
"OP(10,18,4,4,4,4,3,3)",0,Solved,"0,0370"," (4t+2)","0,0413","(\infty, 2, 4, 7, 6, \infty, 30, 31, 28, 26) (11, 21, 33, 16, 27, 36, 10, 42, 17, 35, 45, 9, 40, 3, 12, 34, 18, 41) (43, 22, 15, 23) (19, 46, 39, 47) (13, 0, 14, 8) (37, 24, 38, 32) (1, 20, 5) (25, 44, 29) "
"OP(10,18,4,3,3,3,3,3,3)",0,Solved,"0,2230"," (4t+2)","0,2275","(\infty, 21, 40, 47, 3, \infty, 27, 23, 16, 45) (12, 28, 37, 42, 43, 7, 29, 6, 34, 36, 4, 13, 18, 19, 31, 5, 30, 10) (24, 14, 0, 38) (33, 22, 25) (9, 46, 1) (8, 39, 26) (32, 15, 2) (35, 20, 41) (11, 44, 17) "
"OP(8,8,8,8,18)",0,Solved,"0,0640"," (4t+2)","0,0677","(\infty, 1, 32, 39, \infty, 15, 8, 25) (12, 40, 0, 4, 30, 41, 23, 22) (36, 16, 24, 28, 6, 17, 47, 46) (35, 10, 7, 13, 11, 34, 31, 37) (14, 2, 21, 42, 3, 19, 5, 20, 33, 38, 26, 45, 18, 27, 43, 29, 44, 9) "
"OP(4,8,8,8,4,18)",0,Solved,"0,0570"," (4t+2)","0,0613","(\infty, 6, \infty, 30) (2, 23, 8, 17, 9, 45, 11, 43) (26, 47, 32, 41, 33, 21, 35, 19) (13, 44, 15, 14, 37, 20, 39, 38) (18, 5, 42, 29) (12, 7, 3, 1, 4, 22, 0, 10, 16, 36, 31, 27, 25, 28, 46, 24, 34, 40) "
"OP(19,8,8,7,5,3)",,Infeasible,,Table config is not valid,,
"OP(8,8,8,18,4,4)",0,Solved,"0,1200"," (4t+2)","0,1241","(\infty, 37, 25, 29, \infty, 5, 1, 13) (35, 17, 33, 40, 42, 19, 8, 2) (11, 41, 9, 16, 18, 43, 32, 26) (47, 46, 7, 45, 24, 4, 38, 3, 6, 23, 22, 31, 21, 0, 28, 14, 27, 30) (44, 39, 10, 36) (20, 15, 34, 12) "
"OP(4,8,8,6,6,18)",0,Solved,"0,0550"," (4t+2)","0,0596","(\infty, 14, \infty, 38) (35, 13, 3, 17, 46, 15, 45, 12) (11, 37, 27, 41, 22, 39, 21, 36) (4, 7, 18, 10, 1, 2) (28, 31, 42, 34, 25, 26) (23, 44, 32, 16, 9, 5, 0, 6, 19, 47, 20, 8, 40, 33, 29, 24, 30, 43) "
"OP(6,8,8,6,18,4)",0,Solved,"0,2680"," (4t+2)","0,2726","(\infty, 32, 34, \infty, 10, 8) (20, 3, 16, 11, 39, 0, 4, 46) (44, 27, 40, 35, 15, 24, 28, 22) (13, 23, 12, 37, 47, 36) (14, 29, 41, 25, 43, 42, 2, 31, 45, 38, 5, 17, 1, 19, 18, 26, 7, 21) (33, 30, 9, 6) "
"OP(4,8,8,6,18,3,3)",0,Solved,"0,0770"," (4t+2)","0,0808","(\infty, 17, \infty, 41) (2, 3, 1, 10, 16, 30, 42, 7) (26, 27, 25, 34, 40, 6, 18, 31) (13, 38, 20, 37, 14, 44) (4, 45, 5, 8, 12, 22, 43, 15, 47, 28, 21, 29, 32, 36, 46, 19, 39, 23) (11, 33, 0) (35, 9, 24) "
"OP(6,8,8,18,5,5)",0,Solved,"0,0560"," (4t+2)","0,0602","(\infty, 44, 16, \infty, 40, 20) (17, 3, 10, 2, 6, 0, 9, 12) (41, 27, 34, 26, 30, 24, 33, 36) (13, 42, 19, 45, 32, 15, 4, 5, 7, 37, 18, 43, 21, 8, 39, 28, 29, 31) (22, 38, 23, 11, 1) (46, 14, 47, 35, 25) "
"OP(6,8,8,18,4,3,3)",0,Solved,"0,0440"," (4t+2)","0,0479","(\infty, 2, 4, \infty, 28, 26) (6, 7, 12, 22, 38, 16, 27, 13) (30, 31, 36, 46, 14, 40, 3, 37) (41, 23, 10, 18, 43, 15, 21, 9, 0, 17, 47, 34, 42, 19, 39, 45, 33, 24) (11, 8, 35, 32) (1, 20, 5) (25, 44, 29) "
"OP(4,8,8,4,4,4,18)",0,Solved,"0,0440"," (4t+2)","0,0483","(\infty, 21, \infty, 45) (9, 5, 6, 3, 12, 44, 14, 4) (33, 29, 30, 27, 36, 20, 38, 28) (0, 11, 40, 13) (24, 35, 16, 37) (1, 23, 25, 47) (46, 15, 8, 2, 10, 43, 31, 17, 42, 22, 39, 32, 26, 34, 19, 7, 41, 18) "
"OP(4,8,8,18,3,3,3,3)",0,Solved,"0,1110"," (4t+2)","0,1153","(\infty, 19, \infty, 43) (20, 39, 18, 36, 10, 46, 11, 45) (44, 15, 42, 12, 34, 22, 35, 21) (30, 13, 7, 4, 2, 9, 17, 32, 16, 6, 37, 31, 28, 26, 33, 41, 8, 40) (3, 14, 23) (27, 38, 47) (0, 5, 1) (24, 29, 25) "
"OP(4,8,7,7,6,18)",0,Solved,"0,0470"," (4t+2)","0,0523","(\infty, 1, \infty, 25) (39, 3, 10, 2, 15, 27, 34, 26) (0, 11, 36, 4, 19, 9, 6) (24, 35, 12, 28, 43, 33, 30) (13, 41, 20, 37, 17, 44) (23, 18, 14, 5, 7, 8, 22, 40, 21, 47, 42, 38, 29, 31, 32, 46, 16, 45) "
"OP(6,8,7,7,18,4)",0,Solved,"0,1300"," (4t+2)","0,1338","(\infty, 11, 1, \infty, 25, 35) (40, 19, 47, 17, 16, 43, 23, 41) (24, 10, 32, 39, 37, 4, 12) (0, 34, 8, 15, 13, 28, 36) (6, 3, 9, 22, 18, 29, 20, 45, 14, 30, 27, 33, 46, 42, 5, 44, 21, 38) (2, 31, 26, 7) "
"OP(4,8,7,7,18,3,3)",0,Solved,"0,0400"," (4t+2)","0,0451","(\infty, 11, \infty, 35) (14, 4, 15, 47, 38, 28, 39, 23) (20, 8, 33, 19, 40, 12, 42) (44, 32, 9, 43, 16, 36, 18) (7, 1, 2, 6, 13, 21, 34, 17, 46, 31, 25, 26, 30, 37, 45, 10, 41, 22) (0, 5, 3) (24, 29, 27) "
"OP(8,8,18,6,6,4)",0,Solved,"0,2050"," (4t+2)","0,2091","(\infty, 6, 15, 4, \infty, 28, 39, 30) (8, 21, 44, 11, 32, 45, 20, 35) (3, 2, 7, 9, 12, 5, 1, 13, 19, 27, 26, 31, 33, 36, 29, 25, 37, 43) (40, 18, 38, 22, 41, 23) (16, 42, 14, 46, 17, 47) (0, 10, 24, 34) "
"OP(8,8,18,6,5,5)",0,Solved,"0,1850"," (4t+2)","0,1892","(\infty, 9, 3, 37, \infty, 13, 27, 33) (19, 7, 5, 18, 43, 31, 29, 42) (2, 46, 36, 8, 16, 25, 4, 47, 44, 26, 22, 12, 32, 40, 1, 28, 23, 20) (24, 39, 17, 0, 15, 41) (35, 34, 45, 38, 6) (11, 10, 21, 14, 30) "
"OP(8,8,18,6,4,3,3)",0,Solved,"0,1200"," (4t+2)","0,1238","(\infty, 7, 40, 17, \infty, 41, 16, 31) (23, 9, 22, 3, 47, 33, 46, 27) (2, 1, 11, 13, 6, 15, 43, 12, 4, 26, 25, 35, 37, 30, 39, 19, 36, 28) (8, 20, 14, 32, 44, 38) (0, 21, 24, 45) (5, 42, 10) (29, 18, 34) "
"OP(8,8,18,5,5,3,3)",0,Solved,"0,0670"," (4t+2)","0,0706","(\infty, 15, 10, 17, \infty, 41, 34, 39) (9, 37, 18, 6, 33, 13, 42, 30) (31, 0, 22, 35, 1, 45, 3, 40, 32, 7, 24, 46, 11, 25, 21, 27, 16, 8) (23, 5, 2, 12, 14) (47, 29, 26, 36, 38) (19, 4, 20) (43, 28, 44) "
"OP(19,8,7,5,4,4,3)",,Infeasible,,Table config is not valid,,
"OP(8,8,18,4,4,4,4)",0,Solved,"0,1450"," (4t+2)","0,1524","(\infty, 32, 44, 28, \infty, 4, 20, 8) (1, 42, 40, 19, 25, 18, 16, 43) (47, 37, 9, 46, 17, 2, 3, 6, 31, 23, 13, 33, 22, 41, 26, 27, 30, 7) (29, 12, 38, 34) (5, 36, 14, 10) (35, 21, 39, 0) (11, 45, 15, 24) "
"OP(8,8,18,4,3,3,3,3)",0,Solved,"0,1230"," (4t+2)","0,1281","(\infty, 6, 0, 12, \infty, 36, 24, 30) (34, 11, 38, 25, 10, 35, 14, 1) (5, 43, 40, 45, 44, 27, 8, 47, 31, 29, 19, 16, 21, 20, 3, 32, 23, 7) (41, 37, 17, 13) (39, 9, 46) (15, 33, 22) (4, 18, 26) (28, 42, 2) "
"OP(6,8,6,6,6,18)",0,Solved,"0,0440"," (4t+2)","0,0483","(\infty, 16, 44, \infty, 20, 40) (41, 19, 9, 1, 17, 43, 33, 25) (3, 12, 5, 0, 6, 4) (27, 36, 29, 24, 30, 28) (15, 46, 21, 39, 22, 45) (7, 10, 23, 8, 42, 13, 2, 14, 35, 31, 34, 47, 32, 18, 37, 26, 38, 11) "
"OP(6,8,6,6,18,3,3)",0,Solved,"0,0550"," (4t+2)","0,0598","(\infty, 20, 46, \infty, 22, 44) (43, 16, 1, 6, 19, 40, 25, 30) (5, 14, 34, 11, 45, 13) (29, 38, 10, 35, 21, 37) (42, 23, 12, 2, 9, 3, 15, 17, 0, 18, 47, 36, 26, 33, 27, 39, 41, 24) (8, 7, 4) (32, 31, 28) "
"OP(4,8,6,6,4,4,18)",0,Solved,"0,0480"," (4t+2)","0,0529","(\infty, 1, \infty, 25) (2, 3, 9, 36, 26, 27, 33, 12) (10, 45, 13, 44, 16, 46) (34, 21, 37, 20, 40, 22) (7, 0, 8, 11) (31, 24, 32, 35) (47, 4, 6, 15, 29, 18, 41, 19, 38, 23, 28, 30, 39, 5, 42, 17, 43, 14) "
"OP(4,8,6,5,5,4,18)",0,Solved,"0,0630"," (4t+2)","0,0672","(\infty, 1, \infty, 25) (2, 6, 11, 42, 26, 30, 35, 18) (12, 4, 7, 36, 28, 31) (3, 5, 14, 21, 9) (27, 29, 38, 45, 33) (16, 15, 40, 39) (8, 22, 44, 23, 41, 13, 0, 10, 43, 32, 46, 20, 47, 17, 37, 24, 34, 19) "
"OP(6,8,6,18,4,4,4)",0,Solved,"0,1060"," (4t+2)","0,1102","(\infty, 41, 9, \infty, 33, 17) (11, 3, 10, 12, 35, 27, 34, 36) (6, 15, 2, 30, 39, 26) (13, 40, 45, 23, 19, 22, 5, 20, 8, 37, 16, 21, 47, 43, 46, 29, 44, 32) (0, 1, 7, 18) (24, 25, 31, 42) (14, 28, 38, 4) "
"OP(6,8,6,18,3,3,3,3)",0,Solved,"0,2250"," (4t+2)","0,2290","(\infty, 29, 35, \infty, 11, 5) (44, 8, 39, 12, 20, 32, 15, 36) (47, 1, 46, 23, 25, 22) (33, 14, 40, 6, 17, 7, 27, 45, 2, 9, 38, 16, 30, 41, 31, 3, 21, 26) (13, 4, 0) (37, 28, 24) (42, 10, 43) (18, 34, 19) "
"OP(4,8,6,4,4,18,3,3)",0,Solved,"0,0710"," (4t+2)","0,0743","(\infty, 30, \infty, 6) (3, 0, 8, 17, 27, 24, 32, 41) (10, 11, 46, 34, 35, 22) (37, 12, 39, 21) (13, 36, 15, 45) (5, 1, 7, 18, 44, 16, 47, 14, 43, 29, 25, 31, 42, 20, 40, 23, 38, 19) (4, 2, 9) (28, 26, 33) "
"OP(4,8,5,5,5,5,18)",0,Solved,"0,0460"," (4t+2)","0,0516","(\infty, 21, \infty, 45) (43, 14, 5, 3, 19, 38, 29, 27) (15, 32, 11, 4, 0) (39, 8, 35, 28, 24) (20, 9, 6, 1, 7) (44, 33, 30, 25, 31) (42, 22, 10, 2, 12, 13, 47, 17, 40, 18, 46, 34, 26, 36, 37, 23, 41, 16) "
"OP(6,8,18,5,5,4,4)",0,Solved,"0,0520"," (4t+2)","0,0581","(\infty, 46, 44, \infty, 20, 22) (28, 41, 16, 43, 4, 17, 40, 19) (13, 31, 24, 10, 9, 45, 1, 6, 26, 37, 7, 0, 34, 33, 21, 25, 30, 2) (36, 14, 29, 23, 39) (12, 38, 5, 47, 15) (18, 8, 27, 35) (42, 32, 3, 11) "
"OP(4,8,5,5,4,18,3,3)",0,Solved,"0,0820"," (4t+2)","0,0854","(\infty, 13, \infty, 37) (4, 18, 20, 5, 28, 42, 44, 29) (22, 23, 1, 10, 41) (46, 47, 25, 34, 17) (15, 9, 39, 33) (6, 19, 7, 14, 3, 11, 8, 12, 2, 30, 43, 31, 38, 27, 35, 32, 36, 26) (21, 0, 16) (45, 24, 40) "
"OP(6,8,18,4,4,4,3,3)",0,Solved,"0,0650"," (4t+2)","0,0698","(\infty, 9, 7, \infty, 31, 33) (20, 19, 1, 16, 44, 43, 25, 40) (0, 21, 4, 11, 34, 42, 38, 22, 12, 24, 45, 28, 35, 10, 18, 14, 46, 36) (2, 5, 47, 13) (26, 29, 23, 37) (27, 8, 3, 32) (6, 15, 41) (30, 39, 17) "
"OP(6,8,18,3,3,3,3,3,3)",0,Solved,"0,2220"," (4t+2)","0,2289","(\infty, 2, 18, \infty, 42, 26) (13, 40, 0, 11, 37, 16, 24, 35) (14, 23, 3, 21, 6, 12, 7, 5, 15, 38, 47, 27, 45, 30, 36, 31, 29, 39) (9, 43, 44) (33, 19, 20) (10, 41, 22) (34, 17, 46) (4, 8, 1) (28, 32, 25) "
"OP(4,8,4,4,4,4,4,18)",0,Solved,"0,1230"," (4t+2)","0,1276","(\infty, 25, \infty, 1) (35, 47, 41, 3, 11, 23, 17, 27) (39, 44, 40, 37) (15, 20, 16, 13) (36, 4, 26, 6) (12, 28, 2, 30) (33, 46, 9, 22) (0, 31, 8, 42, 43, 34, 5, 38, 45, 24, 7, 32, 18, 19, 10, 29, 14, 21) "
"OP(4,8,4,4,18,3,3,3,3)",0,Solved,"0,0440"," (4t+2)","0,0495","(\infty, 47, \infty, 23) (9, 43, 37, 15, 33, 19, 13, 39) (35, 4, 29, 24) (11, 28, 5, 0) (46, 25, 17, 30, 45, 16, 44, 3, 12, 22, 1, 41, 6, 21, 40, 20, 27, 36) (38, 26, 42) (14, 2, 18) (7, 8, 10) (31, 32, 34) "
"OP(4,7,7,7,7,18)",0,Solved,"0,0370"," (4t+2)","0,0414","(\infty, 21, \infty, 45) (46, 13, 3, 38, 20, 36, 15) (22, 37, 27, 14, 44, 12, 39) (4, 7, 32, 18, 10, 1, 2) (28, 31, 8, 42, 34, 25, 26) (19, 47, 35, 16, 9, 5, 0, 6, 17, 43, 23, 11, 40, 33, 29, 24, 30, 41) "
"OP(8,18,7,7,6,4)",0,Solved,"0,1690"," (4t+2)","0,1725","(\infty, 19, 8, 35, \infty, 11, 32, 43) (41, 22, 12, 4, 16, 31, 44, 14, 42, 17, 46, 36, 28, 40, 7, 20, 38, 18) (0, 1, 6, 15, 9, 5, 2) (24, 25, 30, 39, 33, 29, 26) (21, 47, 13, 45, 23, 37) (10, 3, 34, 27) "
"OP(8,18,7,7,5,5)",0,Solved,"0,0530"," (4t+2)","0,0591","(\infty, 13, 44, 21, \infty, 45, 20, 37) (16, 4, 17, 47, 32, 6, 43, 22, 12, 40, 28, 41, 23, 8, 30, 19, 46, 36) (7, 1, 2, 11, 18, 34, 15) (31, 25, 26, 35, 42, 10, 39) (9, 14, 0, 3, 5) (33, 38, 24, 27, 29) "
"OP(8,18,7,7,4,3,3)",0,Solved,"0,0860"," (4t+2)","0,0899","(\infty, 36, 5, 34, \infty, 10, 29, 12) (38, 28, 39, 6, 27, 45, 47, 33, 46, 14, 4, 15, 30, 3, 21, 23, 9, 22) (26, 0, 41, 44, 32, 40, 1) (2, 24, 17, 20, 8, 16, 25) (31, 35, 7, 11) (37, 42, 43) (13, 18, 19) "
"OP(6,7,7,6,6,18)",0,Solved,"0,0640"," (4t+2)","0,0681","(\infty, 4, 12, \infty, 36, 28) (5, 14, 21, 9, 22, 32, 16) (29, 38, 45, 33, 46, 8, 40) (0, 2, 3, 6, 10, 15) (24, 26, 27, 30, 34, 39) (37, 19, 41, 18, 35, 7, 1, 20, 47, 13, 43, 17, 42, 11, 31, 25, 44, 23) "
"OP(6,7,7,6,18,3,3)",0,Solved,"0,1350"," (4t+2)","0,1396","(\infty, 7, 23, \infty, 47, 31) (44, 4, 0, 12, 18, 11, 6) (20, 28, 24, 36, 42, 35, 30) (1, 10, 45, 25, 34, 21) (15, 37, 22, 8, 19, 38, 17, 40, 9, 39, 13, 46, 32, 43, 14, 41, 16, 33) (5, 2, 3) (29, 26, 27) "
"OP(4,7,7,6,4,4,18)",0,Solved,"0,0480"," (4t+2)","0,0515","(\infty, 42, \infty, 18) (12, 13, 21, 24, 47, 30, 2) (36, 37, 45, 0, 23, 6, 26) (22, 17, 39, 46, 41, 15) (29, 38, 3, 35) (5, 14, 27, 11) (33, 44, 25, 40, 10, 8, 4, 31, 43, 9, 20, 1, 16, 34, 32, 28, 7, 19) "
"OP(4,7,7,5,5,4,18)",0,Solved,"0,0750"," (4t+2)","0,0801","(\infty, 1, \infty, 25) (2, 3, 5, 8, 46, 37, 16) (26, 27, 29, 32, 22, 13, 40) (15, 20, 4, 0, 7) (39, 44, 28, 24, 31) (35, 17, 11, 41) (19, 36, 21, 47, 34, 9, 38, 18, 6, 43, 12, 45, 23, 10, 33, 14, 42, 30) "
"OP(6,7,7,18,4,4,4)",0,Solved,"0,2650"," (4t+2)","0,2694","(\infty, 9, 5, \infty, 29, 33) (21, 6, 3, 1, 32, 40, 26) (45, 30, 27, 25, 8, 16, 2) (0, 18, 43, 7, 46, 17, 11, 37, 44, 24, 42, 19, 31, 22, 41, 35, 13, 20) (38, 39, 12, 28) (14, 15, 36, 4) (10, 23, 34, 47) "
"OP(6,7,7,18,3,3,3,3)",0,Solved,"0,1210"," (4t+2)","0,1249","(\infty, 7, 11, \infty, 35, 31) (19, 5, 0, 15, 33, 2, 42) (43, 29, 24, 39, 9, 26, 18) (8, 6, 13, 3, 4, 17, 45, 16, 38, 32, 30, 37, 27, 28, 41, 21, 40, 14) (46, 1, 10) (22, 25, 34) (23, 44, 12) (47, 20, 36) "
"OP(4,7,7,4,4,18,3,3)",0,Solved,"0,0610"," (4t+2)","0,0649","(\infty, 9, \infty, 33) (2, 18, 41, 10, 23, 4, 5) (26, 42, 17, 34, 47, 28, 29) (21, 3, 1, 13) (45, 27, 25, 37) (8, 15, 6, 12, 40, 19, 14, 0, 22, 32, 39, 30, 36, 16, 43, 38, 24, 46) (7, 44, 11) (31, 20, 35) "
"OP(8,18,6,6,6,6)",0,Solved,"0,1150"," (4t+2)","0,1193","(\infty, 39, 6, 17, \infty, 41, 30, 15) (19, 37, 9, 45, 20, 42, 7, 38, 11, 43, 13, 33, 21, 44, 18, 31, 14, 35) (4, 1, 5, 10, 16, 23) (28, 25, 29, 34, 40, 47) (3, 2, 0, 8, 22, 12) (27, 26, 24, 32, 46, 36) "
"OP(8,18,6,6,6,3,3)",0,Solved,"0,0770"," (4t+2)","0,0812","(\infty, 30, 8, 40, \infty, 16, 32, 6) (7, 37, 10, 46, 47, 2, 9, 18, 3, 31, 13, 34, 22, 23, 26, 33, 42, 27) (45, 5, 39, 28, 41, 35) (21, 29, 15, 4, 17, 11) (1, 24, 20, 25, 0, 44) (43, 12, 14) (19, 36, 38) "
"OP(19,7,6,6,5,4,3)",,Infeasible,,Table config is not valid,,
"OP(8,18,6,6,4,4,4)",0,Solved,"0,2070"," (4t+2)","0,2111","(\infty, 14, 44, 12, \infty, 36, 20, 38) (2, 0, 1, 4, 8, 13, 21, 6, 15, 26, 24, 25, 28, 32, 37, 45, 30, 39) (47, 18, 35, 10, 46, 19) (23, 42, 11, 34, 22, 43) (16, 9, 3, 29) (40, 33, 27, 5) (17, 7, 41, 31) "
"OP(8,18,6,6,3,3,3,3)",0,Solved,"0,0750"," (4t+2)","0,0789","(\infty, 45, 20, 19, \infty, 43, 44, 21) (18, 2, 39, 12, 8, 5, 14, 6, 4, 42, 26, 15, 36, 32, 29, 38, 30, 28) (7, 1, 23, 40, 11, 41) (31, 25, 47, 16, 35, 17) (33, 0, 13) (9, 24, 37) (10, 46, 3) (34, 22, 27) "
"OP(19,7,6,5,5,5,3)",,Infeasible,,Table config is not valid,,
"OP(8,18,6,5,5,4,4)",0,Solved,"0,0840"," (4t+2)","0,0887","(\infty, 12, 17, 24, \infty, 0, 41, 36) (21, 2, 5, 32, 4, 13, 27, 10, 35, 45, 26, 29, 8, 28, 37, 3, 34, 11) (14, 22, 40, 38, 46, 16) (44, 7, 6, 42, 9) (20, 31, 30, 18, 33) (25, 47, 15, 19) (1, 23, 39, 43) "
"OP(19,7,6,5,4,3,3,3)",,Infeasible,,Table config is not valid,,
"OP(8,18,6,4,4,4,3,3)",0,Solved,"0,1060"," (4t+2)","0,1104","(\infty, 16, 6, 2, \infty, 26, 30, 40) (0, 43, 13, 4, 21, 47, 12, 20, 1, 24, 19, 37, 28, 45, 23, 36, 44, 25) (5, 11, 9, 29, 35, 33) (46, 10, 3, 14) (22, 34, 27, 38) (18, 15, 42, 39) (8, 41, 7) (32, 17, 31) "
"OP(8,18,6,3,3,3,3,3,3)",0,Solved,"0,0880"," (4t+2)","0,0931","(\infty, 21, 38, 13, \infty, 37, 14, 45) (15, 7, 11, 32, 22, 9, 42, 23, 5, 39, 31, 35, 8, 46, 33, 18, 47, 29) (43, 17, 10, 19, 41, 34) (4, 40, 20) (28, 16, 44) (1, 12, 6) (25, 36, 30) (2, 3, 0) (26, 27, 24) "
"OP(8,18,5,5,5,5,4)",0,Solved,"0,0960"," (4t+2)","0,0999","(\infty, 37, 40, 31, \infty, 7, 16, 13) (42, 30, 43, 35, 29, 2, 32, 10, 41, 18, 6, 19, 11, 5, 26, 8, 34, 17) (46, 47, 45, 1, 39) (22, 23, 21, 25, 15) (3, 36, 20, 0, 14) (27, 12, 44, 24, 38) (4, 33, 28, 9) "
"OP(19,7,5,5,5,3,3,3)",,Infeasible,,Table config is not valid,,
"OP(8,18,5,5,4,4,3,3)",0,Solved,"0,0860"," (4t+2)","0,0906","(\infty, 13, 31, 15, \infty, 39, 7, 37) (44, 17, 42, 22, 10, 0, 2, 3, 9, 20, 41, 18, 46, 34, 24, 26, 27, 33) (43, 8, 23, 40, 14) (19, 32, 47, 16, 38) (5, 1, 4, 12) (29, 25, 28, 36) (45, 11, 6) (21, 35, 30) "
"OP(19,7,5,4,4,4,4,3)",,Infeasible,,Table config is not valid,,
"OP(19,7,5,4,3,3,3,3,3)",,Infeasible,,Table config is not valid,,
"OP(8,18,4,4,4,4,4,4)",0,Solved,"0,0760"," (4t+2)","0,0799","(\infty, 11, 44, 21, \infty, 45, 20, 35) (17, 8, 0, 5, 9, 16, 30, 14, 3, 41, 32, 24, 29, 33, 40, 6, 38, 27) (23, 10, 22, 42) (47, 34, 46, 18) (4, 2, 1, 7) (28, 26, 25, 31) (12, 43, 13, 39) (36, 19, 37, 15) "
"OP(8,18,4,4,4,3,3,3,3)",0,Solved,"0,1810"," (4t+2)","0,1853","(\infty, 5, 15, 3, \infty, 27, 39, 29) (24, 40, 19, 1, 23, 46, 18, 20, 14, 0, 16, 43, 25, 47, 22, 42, 44, 38) (32, 21, 4, 17) (8, 45, 28, 41) (7, 12, 31, 36) (9, 13, 6) (33, 37, 30) (10, 2, 11) (34, 26, 35) "
"OP(8,18,3,3,3,3,3,3,3,3)",0,Solved,"0,0440"," (4t+2)","0,0482","(\infty, 16, 47, 22, \infty, 46, 23, 40) (11, 39, 18, 33, 14, 13, 0, 10, 5, 35, 15, 42, 9, 38, 37, 24, 34, 29) (4, 1, 41) (28, 25, 17) (44, 12, 3) (20, 36, 27) (45, 19, 31) (21, 43, 7) (2, 8, 6) (26, 32, 30) "
"OP(4,6,6,6,6,4,18)",0,Solved,"0,0470"," (4t+2)","0,0507","(\infty, \infty, 23, 47) (40, 14, 5, 3, 6, 11) (16, 38, 29, 27, 30, 35) (15, 4, 0, 12, 13, 46) (39, 28, 24, 36, 37, 22) (1, 7, 25, 31) (44, 19, 9, 2, 10, 42, 8, 21, 41, 20, 43, 33, 26, 34, 18, 32, 45, 17) "
"OP(4,6,6,6,5,5,18)",0,Solved,"0,0540"," (4t+2)","0,0581","(\infty, 4, \infty, 28) (5, 6, 2, 15, 13, 19) (29, 30, 26, 39, 37, 43) (8, 3, 10, 32, 27, 34) (31, 41, 11, 0, 12) (7, 17, 35, 24, 36) (22, 47, 44, 16, 1, 9, 18, 45, 14, 46, 23, 20, 40, 25, 33, 42, 21, 38) "
"OP(6,6,6,6,18,4,4)",0,Solved,"0,0970"," (4t+2)","0,1013","(\infty, 1, 23, \infty, 47, 25) (43, 2, 40, 0, 18, 15) (19, 26, 16, 24, 42, 39) (6, 10, 11, 30, 34, 35) (5, 7, 20, 8, 13, 46, 12, 21, 4, 29, 31, 44, 32, 37, 22, 36, 45, 28) (41, 14, 3, 9) (17, 38, 27, 33) "
"OP(4,6,6,6,4,18,3,3)",0,Solved,"0,1050"," (4t+2)","0,1091","(\infty, 14, \infty, 38) (21, 4, 34, 35, 37, 8) (45, 28, 10, 11, 13, 32) (25, 18, 6, 1, 42, 30) (46, 19, 22, 43) (2, 44, 12, 23, 9, 5, 27, 7, 17, 26, 20, 36, 47, 33, 29, 3, 31, 41) (0, 40, 15) (24, 16, 39) "
"OP(6,6,6,18,5,5,4)",0,Solved,"0,1320"," (4t+2)","0,1379","(\infty, 41, 11, \infty, 35, 17) (8, 1, 2, 4, 7, 16) (32, 25, 26, 28, 31, 40) (19, 36, 23, 13, 9, 3, 14, 30, 15, 43, 12, 47, 37, 33, 27, 38, 6, 39) (44, 10, 22, 45, 18) (20, 34, 46, 21, 42) (0, 5, 24, 29) "
"OP(4,6,6,5,5,18,3,3)",0,Solved,"0,0590"," (4t+2)","0,0654","(\infty, 0, \infty, 24) (12, 7, 4, 2, 1, 5) (36, 31, 28, 26, 25, 29) (42, 21, 37, 11, 22) (18, 45, 13, 35, 46) (23, 38, 19, 44, 32, 15, 6, 16, 34, 47, 14, 43, 20, 8, 39, 30, 40, 10) (9, 3, 17) (33, 27, 41) "
"OP(6,6,6,18,4,4,3,3)",0,Solved,"0,0540"," (4t+2)","0,0583","(\infty, 7, 15, \infty, 39, 31) (8, 17, 37, 20, 43, 21) (32, 41, 13, 44, 19, 45) (0, 18, 2, 6, 16, 22, 10, 5, 3, 24, 42, 26, 30, 40, 46, 34, 29, 27) (1, 4, 11, 12) (25, 28, 35, 36) (9, 23, 38) (33, 47, 14) "
"OP(4,6,6,4,4,4,4,18)",0,Solved,"0,0440"," (4t+2)","0,0489","(\infty, 9, \infty, 33) (23, 11, 39, 20, 42, 10) (47, 35, 15, 44, 18, 34) (14, 21, 3, 8) (38, 45, 27, 32) (1, 5, 2, 0) (25, 29, 26, 24) (7, 22, 12, 4, 13, 30, 19, 40, 17, 31, 46, 36, 28, 37, 6, 43, 16, 41) "
"OP(4,6,6,4,18,3,3,3,3)",0,Solved,"0,1880"," (4t+2)","0,1922","(\infty, 21, \infty, 45) (6, 22, 7, 15, 8, 2) (30, 46, 31, 39, 32, 26) (10, 20, 34, 44) (0, 13, 41, 18, 47, 16, 4, 1, 19, 24, 37, 17, 42, 23, 40, 28, 25, 43) (9, 36, 35) (33, 12, 11) (3, 14, 5) (27, 38, 29) "
"OP(6,6,18,5,5,5,5)",0,Solved,"0,0740"," (4t+2)","0,0786","(\infty, 3, 43, \infty, 19, 27) (5, 8, 9, 29, 32, 33) (12, 0, 23, 14, 10, 45, 4, 22, 7, 36, 24, 47, 38, 34, 21, 28, 46, 31) (44, 2, 18, 40, 13) (20, 26, 42, 16, 37) (1, 15, 17, 6, 11) (25, 39, 41, 30, 35) "
"OP(6,6,18,5,5,4,3,3)",0,Solved,"0,2330"," (4t+2)","0,2383","(\infty, 2, 4, \infty, 28, 26) (34, 6, 9, 10, 30, 33) (14, 22, 41, 15, 3, 18, 43, 13, 47, 38, 46, 17, 39, 27, 42, 19, 37, 23) (16, 20, 7, 1, 11) (40, 44, 31, 25, 35) (29, 12, 5, 36) (21, 0, 32) (45, 24, 8) "
"OP(4,6,5,5,4,4,4,18)",0,Solved,"0,0610"," (4t+2)","0,0652","(\infty, 36, \infty, 12) (20, 42, 2, 44, 18, 26) (37, 5, 43, 40, 6) (13, 29, 19, 16, 30) (33, 34, 38, 31) (9, 10, 14, 7) (32, 41, 8, 17) (39, 4, 47, 35, 46, 27, 0, 25, 45, 15, 28, 23, 11, 22, 3, 24, 1, 21) "
"OP(4,6,5,5,18,3,3,3,3)",0,Solved,"0,0890"," (4t+2)","0,0936","(\infty, 3, \infty, 27) (38, 23, 39, 14, 47, 15) (4, 2, 11, 41, 7) (28, 26, 35, 17, 31) (16, 42, 1, 30, 43, 37, 10, 5, 9, 40, 18, 25, 6, 19, 13, 34, 29, 33) (8, 46, 45) (32, 22, 21) (0, 20, 12) (24, 44, 36) "
"OP(6,6,18,4,4,4,4,4)",0,Solved,"0,2160"," (4t+2)","0,2200","(\infty, 26, 0, \infty, 24, 2) (30, 5, 25, 6, 29, 1) (40, 46, 37, 45, 47, 36, 33, 15, 32, 16, 22, 13, 21, 23, 12, 9, 39, 8) (7, 3, 38, 43) (31, 27, 14, 19) (10, 17, 44, 11) (34, 41, 20, 35) (42, 4, 18, 28) "
"OP(6,6,18,4,4,3,3,3,3)",0,Solved,"0,0900"," (4t+2)","0,0934","(\infty, 18, 36, \infty, 12, 42) (40, 34, 5, 16, 10, 29) (0, 27, 20, 30, 4, 43, 8, 31, 39, 24, 3, 44, 6, 28, 19, 32, 7, 15) (9, 14, 45, 11) (33, 38, 21, 35) (2, 46, 47) (26, 22, 23) (37, 1, 17) (13, 25, 41) "
"OP(4,6,4,4,4,4,18,3,3)",0,Solved,"0,1250"," (4t+2)","0,1287","(\infty, 34, \infty, 10) (11, 25, 15, 35, 1, 39) (0, 37, 2, 7) (24, 13, 26, 31) (6, 28, 46, 29) (30, 4, 22, 5) (14, 23, 21, 33, 12, 41, 44, 40, 32, 38, 47, 45, 9, 36, 17, 20, 16, 8) (42, 43, 27) (18, 19, 3) "
"OP(4,6,4,18,3,3,3,3,3,3)",0,Solved,"0,0580"," (4t+2)","0,0618","(\infty, 5, \infty, 29) (41, 9, 40, 17, 33, 16) (0, 42, 24, 18) (12, 19, 4, 15, 7, 3, 23, 44, 46, 36, 43, 28, 39, 31, 27, 47, 20, 22) (11, 6, 45) (35, 30, 21) (2, 1, 14) (26, 25, 38) (32, 13, 10) (8, 37, 34) "
"OP(6,18,5,5,5,5,3,3)",0,Solved,"0,0930"," (4t+2)","0,0972","(\infty, 24, 42, \infty, 18, 0) (22, 10, 9, 4, 7, 14, 47, 1, 30, 46, 34, 33, 28, 31, 38, 23, 25, 6) (8, 45, 11, 3, 12) (32, 21, 35, 27, 36) (5, 40, 13, 41, 15) (29, 16, 37, 17, 39) (19, 2, 44) (43, 26, 20) "
"OP(4,5,5,5,5,4,4,18)",0,Solved,"0,0470"," (4t+2)","0,0506","(\infty, 20, \infty, 44) (34, 13, 5, 3, 9) (10, 37, 29, 27, 33) (19, 7, 4, 0, 18) (43, 31, 28, 24, 42) (17, 6, 1, 8) (41, 30, 25, 32) (11, 40, 12, 2, 15, 46, 14, 47, 21, 35, 16, 36, 26, 39, 22, 38, 23, 45) "
"OP(6,18,5,5,4,4,4,4)",0,Solved,"0,0430"," (4t+2)","0,0472","(\infty, 20, 46, \infty, 22, 44) (42, 28, 3, 19, 21, 17, 36, 0, 39, 18, 4, 27, 43, 45, 41, 12, 24, 15) (26, 9, 1, 31, 32) (2, 33, 25, 7, 8) (47, 37, 30, 10) (23, 13, 6, 34) (38, 35, 40, 5) (14, 11, 16, 29) "
"OP(6,18,5,5,4,3,3,3,3)",0,Solved,"0,2210"," (4t+2)","0,2259","(\infty, 21, 5, \infty, 29, 45) (12, 11, 4, 8, 18, 38, 9, 3, 6, 36, 35, 28, 32, 42, 14, 33, 27, 30) (17, 19, 7, 22, 44) (41, 43, 31, 46, 20) (2, 13, 26, 37) (10, 1, 15) (34, 25, 39) (0, 40, 23) (24, 16, 47) "
"OP(4,5,5,4,4,4,18,3,3)",0,Solved,"0,0480"," (4t+2)","0,0526","(\infty, 2, \infty, 26) (3, 6, 14, 7, 1) (27, 30, 38, 31, 25) (5, 10, 32, 15) (29, 34, 8, 39) (9, 20, 33, 44) (11, 12, 21, 37, 22, 41, 16, 43, 23, 35, 36, 45, 13, 46, 17, 40, 19, 47) (18, 0, 4) (42, 24, 28) "
"OP(4,5,5,18,3,3,3,3,3,3)",0,Solved,"0,0440"," (4t+2)","0,0487","(\infty, 2, \infty, 26) (4, 5, 7, 10, 17) (28, 29, 31, 34, 41) (22, 16, 27, 37, 11, 43, 23, 38, 21, 46, 40, 3, 13, 35, 19, 47, 14, 45) (15, 33, 42) (39, 9, 18) (0, 12, 8) (24, 36, 32) (1, 20, 6) (25, 44, 30) "
"OP(6,18,4,4,4,4,4,3,3)",0,Solved,"0,1770"," (4t+2)","0,1818","(\infty, 9, 39, \infty, 15, 33) (30, 36, 5, 0, 22, 7, 18, 27, 14, 6, 12, 29, 24, 46, 31, 42, 3, 38) (8, 28, 16, 35) (32, 4, 40, 11) (45, 43, 47, 13) (21, 19, 23, 37) (2, 1, 26, 25) (20, 17, 10) (44, 41, 34) "
"OP(6,18,4,4,3,3,3,3,3,3)",0,Solved,"0,1250"," (4t+2)","0,1300","(\infty, 2, 38, \infty, 14, 26) (46, 23, 32, 36, 42, 35, 13, 34, 3, 22, 47, 8, 12, 18, 11, 37, 10, 27) (43, 9, 25, 28) (19, 33, 1, 4) (7, 6, 44) (31, 30, 20) (15, 17, 45) (39, 41, 21) (5, 0, 40) (29, 24, 16) "
"OP(4,4,4,4,4,4,4,4,18)",0,Solved,"0,0580"," (4t+2)","0,0653","(\infty, 4, \infty, 28) (5, 6, 2, 15) (29, 30, 26, 39) (8, 19, 10, 3) (32, 43, 34, 27) (7, 21, 41, 22) (31, 45, 17, 46) (0, 18, 24, 42) (47, 20, 36, 13, 1, 9, 11, 14, 40, 23, 44, 12, 37, 25, 33, 35, 38, 16) "
"OP(4,4,4,4,4,18,3,3,3,3)",0,Solved,"0,1600"," (4t+2)","0,1645","(\infty, 33, \infty, 9) (2, 11, 30, 12) (26, 35, 6, 36) (32, 0, 31, 10) (8, 24, 7, 34) (14, 1, 3, 40, 39, 5, 41, 47, 43, 38, 25, 27, 16, 15, 29, 17, 23, 19) (37, 44, 4) (13, 20, 28) (21, 18, 46) (45, 42, 22) "
"OP(4,4,18,3,3,3,3,3,3,3,3)",0,Solved,"0,1360"," (4t+2)","0,1401","(\infty, 17, \infty, 41) (4, 8, 28, 32) (46, 23, 44, 10, 40, 18, 35, 19, 9, 22, 47, 20, 34, 16, 42, 11, 43, 33) (3, 15, 0) (27, 39, 24) (12, 14, 5) (36, 38, 29) (6, 7, 1) (30, 31, 25) (2, 21, 13) (26, 45, 37) "
"OP(18,18,14)",0,Solved,"0,0550"," (4t+2)","0,0590","(\infty, 5, 10, 18, 7, 17, 33, 19, 39, \infty, 15, 43, 9, 41, 31, 42, 34, 29) (4, 0, 2, 3, 6, 12, 21, 47, 16, 28, 24, 26, 27, 30, 36, 45, 23, 40) (37, 22, 35, 8, 1, 20, 38, 13, 46, 11, 32, 25, 44, 14) "
"OP(4,10)",0,Solved,"0,0530"," (4t+2)","0,0571","(\infty, 17, \infty, 41) (10, 0, 12, 5, 2, 34, 24, 36, 29, 26) "
"OP(18,18,10,4)",0,Solved,"0,0510"," (4t+2)","0,0548","(\infty, 2, 4, 5, 11, 19, 14, 33, 16, \infty, 40, 9, 38, 43, 35, 29, 28, 26) (27, 13, 45, 18, 46, 23, 41, 15, 6, 3, 37, 21, 42, 22, 47, 17, 39, 30) (10, 0, 12, 8, 1, 34, 24, 36, 32, 25) (20, 7, 44, 31) "
"OP(6,8)",0,Solved,"0,0550"," (4t+2)","0,0600","(\infty, 2, 4, \infty, 28, 26) (5, 6, 11, 14, 29, 30, 35, 38) "
"OP(18,18,8,6)",0,Solved,"0,0940"," (4t+2)","0,0982","(\infty, 0, 1, 3, 6, 2, 7, 13, 4, \infty, 28, 37, 31, 26, 30, 27, 25, 24) (11, 18, 5, 15, 23, 8, 19, 36, 14, 35, 42, 29, 39, 47, 32, 43, 12, 38) (21, 46, 17, 33, 45, 22, 41, 9) (10, 40, 20, 34, 16, 44) "
"OP(18,18,8,3,3)",0,Solved,"0,1540"," (4t+2)","0,1581","(\infty, 45, 26, 3, 29, 34, 47, 20, 9, \infty, 33, 44, 23, 10, 5, 27, 2, 21) (13, 4, 6, 0, 36, 16, 1, 41, 7, 37, 28, 30, 24, 12, 40, 25, 17, 31) (42, 38, 35, 19, 18, 14, 11, 43) (46, 8, 39) (22, 32, 15) "
"OP(18,18,7,7)",0,Solved,"0,0270"," (4t+2)","0,0317","(\infty, 40, 15, 2, 9, 11, 1, 4, 12, \infty, 36, 28, 25, 35, 33, 26, 39, 16) (10, 43, 17, 44, 7, 8, 3, 23, 5, 34, 19, 41, 20, 31, 32, 27, 47, 29) (38, 21, 37, 46, 42, 30, 24) (14, 45, 13, 22, 18, 6, 0) "
"OP(4,6,4)",0,Solved,"0,0640"," (4t+2)","0,0675","(\infty, 12, \infty, 36) (8, 47, 0, 32, 23, 24) (6, 40, 30, 16) "
"OP(4,5,5)",0,Solved,"0,0860"," (4t+2)","0,0898","(\infty, 44, \infty, 20) (39, 8, 24, 35, 21) (15, 32, 0, 11, 45) "
"OP(18,18,6,4,4)",0,Solved,"0,0480"," (4t+2)","0,0540","(\infty, 1, 4, 10, 3, 2, 0, 5, 9, \infty, 33, 29, 24, 26, 27, 34, 28, 25) (8, 19, 7, 20, 41, 23, 14, 6, 16, 32, 43, 31, 44, 17, 47, 38, 30, 40) (36, 11, 45, 12, 35, 21) (39, 22, 42, 13) (15, 46, 18, 37) "
"OP(18,18,5,5,4)",0,Solved,"0,0560"," (4t+2)","0,0606","(\infty, 7, 19, 46, 16, 45, 10, 47, 15, \infty, 39, 23, 34, 21, 40, 22, 43, 31) (4, 0, 2, 3, 6, 12, 17, 37, 14, 28, 24, 26, 27, 30, 36, 41, 13, 38) (8, 18, 35, 9, 1) (32, 42, 11, 33, 25) (20, 5, 44, 29) "
"OP(4,4,3,3)",0,Solved,"0,1180"," (4t+2)","0,1226","(\infty, 12, \infty, 36) (41, 35, 17, 11) (21, 47, 19) (45, 23, 43) "
"OP(18,18,4,4,3,3)",0,Solved,"0,0420"," (4t+2)","0,0457","(\infty, 14, 30, 42, 39, 31, 33, 26, 4, \infty, 28, 2, 9, 7, 15, 18, 6, 38) (24, 10, 21, 22, 13, 40, 23, 17, 35, 0, 34, 45, 46, 37, 16, 47, 41, 11) (43, 20, 25, 5) (19, 44, 1, 29) (8, 12, 27) (32, 36, 3) "
OP(16),0,Solved,"0,0400"," (4t+2)","0,0436","(\infty, 14, 42, 1, 22, 4, 15, 40, \infty, 16, 39, 28, 46, 25, 18, 38) "
"OP(4,12)",0,Solved,"0,0530"," (4t+2)","0,0572","(\infty, 1, \infty, 25) (2, 3, 9, 5, 13, 11, 26, 27, 33, 29, 37, 35) "
"OP(12,4)",0,Solved,"0,0470"," (4t+2)","0,0512","(\infty, 0, 13, 47, 42, 10, \infty, 34, 18, 23, 37, 24) (41, 11, 17, 35) "
"OP(6,10)",0,Solved,"0,0460"," (4t+2)","0,0502","(\infty, 20, 46, \infty, 22, 44) (13, 5, 3, 9, 21, 37, 29, 27, 33, 45) "
"OP(10,6)",0,Solved,"0,0400"," (4t+2)","0,0433","(\infty, 4, 13, 23, 12, \infty, 36, 47, 37, 28) (38, 11, 45, 14, 35, 21) "
"OP(10,3,3)",0,Solved,"0,1210"," (4t+2)","0,1251","(\infty, 22, 6, 41, 10, \infty, 34, 17, 30, 46) (16, 2, 23) (40, 26, 47) "
"OP(8,8)",0,Solved,"0,0500"," (4t+2)","0,0536","(\infty, 22, 38, 20, \infty, 44, 14, 46) (5, 3, 9, 10, 29, 27, 33, 34) "
"OP(4,8,4)",0,Solved,"0,0620"," (4t+2)","0,0667","(\infty, 46, \infty, 22) (1, 34, 37, 2, 25, 10, 13, 26) (45, 31, 21, 7) "
"OP(18,17,7,5,3)",,Infeasible,,Table config is not valid,,
"OP(8,4,4)",0,Solved,"0,0720"," (4t+2)","0,0776","(\infty, 7, 40, 13, \infty, 37, 16, 31) (2, 21, 15, 8) (26, 45, 39, 32) "
"OP(4,6,6)",0,Solved,"0,0660"," (4t+2)","0,0700","(\infty, 4, \infty, 28) (5, 6, 2, 36, 17, 7) (29, 30, 26, 12, 41, 31) "
"OP(6,6,4)",0,Solved,"0,0520"," (4t+2)","0,0562","(\infty, \infty, 23, 5, 29, 47) (11, 0, 6, 35, 24, 30) (42, 9, 18, 33) "
"OP(4,6,3,3)",0,Solved,"0,0480"," (4t+2)","0,0537","(\infty, 4, \infty, 28) (6, 16, 41, 30, 40, 17) (21, 38, 20) (45, 14, 44) "
"OP(6,5,5)",0,Solved,"0,0980"," (4t+2)","0,1022","(\infty, 0, 2, \infty, 26, 24) (3, 6, 5, 9, 15) (27, 30, 29, 33, 39) "
"OP(6,4,3,3)",0,Solved,"0,0410"," (4t+2)","0,0451","(\infty, 4, 14, \infty, 38, 28) (23, 45, 47, 21) (13, 36, 16) (37, 12, 40) "
"OP(4,4,4,4)",0,Solved,"0,0500"," (4t+2)","0,0544","(\infty, 1, \infty, 25) (2, 3, 9, 13) (26, 27, 33, 37) (5, 21, 29, 45) "
"OP(4,3,3,3,3)",0,Solved,"0,1120"," (4t+2)","0,1160","(\infty, 9, \infty, 33) (42, 40, 45) (18, 16, 21) (0, 15, 25) (24, 39, 1) "
"OP(18,16,16)",0,Solved,"0,0460"," (4t+2)","0,0501","(\infty, 38, 10, 40, 19, 44, 15, 46, 12, \infty, 36, 22, 39, 20, 43, 16, 34, 14) (9, 17, 28, 13, 8, 1, 2, 11, 21, 47, 31, 18, 6, 0, 3, 5) (33, 41, 4, 37, 32, 25, 26, 35, 45, 23, 7, 42, 30, 24, 27, 29) "
"OP(4,16,12,18)",0,Solved,"0,0450"," (4t+2)","0,0489","(\infty, 20, \infty, 44) (45, 9, 41, 19, 47, 32, 14, 4, 21, 33, 17, 43, 23, 8, 38, 28) (39, 18, 10, 6, 1, 2, 15, 42, 34, 30, 25, 26) (40, 11, 36, 22, 13, 7, 0, 3, 5, 16, 35, 12, 46, 37, 31, 24, 27, 29) "
"OP(18,16,12,4)",0,Solved,"0,0510"," (4t+2)","0,0544","(\infty, 2, 3, 5, 8, 12, 1, 7, 14, \infty, 38, 31, 25, 36, 32, 29, 27, 26) (4, 16, 6, 19, 11, 34, 15, 46, 28, 40, 30, 43, 35, 10, 39, 22) (20, 41, 21, 37, 23, 18, 44, 17, 45, 13, 47, 42) (0, 9, 24, 33) "
"OP(6,16,10,18)",0,Solved,"0,0460"," (4t+2)","0,0502","(\infty, 18, 46, \infty, 22, 42) (13, 5, 3, 9, 19, 7, 4, 0, 37, 29, 27, 33, 43, 31, 28, 24) (14, 15, 6, 1, 8, 38, 39, 30, 25, 32) (12, 35, 16, 2, 17, 34, 21, 47, 20, 36, 11, 40, 26, 41, 10, 45, 23, 44) "
"OP(18,16,10,6)",0,Solved,"0,0650"," (4t+2)","0,0707","(\infty, 14, 5, 17, 32, 9, 23, 45, 16, \infty, 40, 21, 47, 33, 8, 41, 29, 38) (10, 4, 0, 1, 3, 6, 11, 18, 34, 28, 24, 25, 27, 30, 35, 42) (7, 20, 12, 2, 13, 31, 44, 36, 26, 37) (22, 43, 15, 46, 19, 39) "
"OP(18,16,10,3,3)",0,Solved,"0,0460"," (4t+2)","0,0524","(\infty, 5, 10, 18, 7, 22, 9, 23, 41, \infty, 17, 47, 33, 46, 31, 42, 34, 29) (4, 0, 2, 3, 6, 12, 21, 38, 28, 24, 26, 27, 30, 36, 45, 14) (15, 40, 13, 35, 19, 39, 16, 37, 11, 43) (1, 20, 8) (25, 44, 32) "
"OP(8,16,8,18)",0,Solved,"0,0920"," (4t+2)","0,0957","(\infty, 17, 2, 3, \infty, 27, 26, 41) (1, 6, 8, 11, 18, 36, 13, 47, 25, 30, 32, 35, 42, 12, 37, 23) (14, 5, 45, 7, 38, 29, 21, 31) (40, 19, 39, 20, 9, 22, 10, 4, 0, 16, 43, 15, 44, 33, 46, 34, 28, 24) "
"OP(4,16,8,4,18)",0,Solved,"0,0570"," (4t+2)","0,0610","(\infty, 5, \infty, 29) (14, 36, 22, 40, 11, 2, 47, 34, 38, 12, 46, 16, 35, 26, 23, 10) (19, 24, 30, 45, 43, 0, 6, 21) (8, 9, 32, 33) (25, 4, 20, 13, 41, 3, 15, 7, 18, 1, 28, 44, 37, 17, 27, 39, 31, 42) "
"OP(18,16,8,8)",0,Solved,"0,0550"," (4t+2)","0,0597","(\infty, 36, 15, 4, 20, 46, 16, 45, 14, \infty, 38, 21, 40, 22, 44, 28, 39, 12) (10, 43, 23, 13, 8, 1, 2, 11, 34, 19, 47, 37, 32, 25, 26, 35) (9, 17, 31, 18, 6, 0, 3, 5) (33, 41, 7, 42, 30, 24, 27, 29) "
"OP(4,16,8,4,18)",0,Solved,"0,0580"," (4t+2)","0,0622","(\infty, 5, \infty, 29) (14, 36, 22, 40, 11, 2, 47, 34, 38, 12, 46, 16, 35, 26, 23, 10) (19, 24, 30, 45, 43, 0, 6, 21) (8, 9, 32, 33) (25, 4, 20, 13, 41, 3, 15, 7, 18, 1, 28, 44, 37, 17, 27, 39, 31, 42) "
"OP(18,16,8,4,4)",0,Solved,"0,0860"," (4t+2)","0,0920","(\infty, 6, 37, 5, 42, 4, 3, 12, 10, \infty, 34, 36, 27, 28, 18, 29, 13, 30) (2, 15, 22, 7, 1, 20, 0, 8, 26, 39, 46, 31, 25, 44, 24, 32) (43, 21, 17, 40, 19, 45, 41, 16) (11, 14, 9, 23) (35, 38, 33, 47) "
"OP(4,16,6,6,18)",0,Solved,"0,0210"," (4t+2)","0,0243","(\infty, 4, \infty, 28) (11, 6, 12, 15, 13, 5, 21, 7, 35, 30, 36, 39, 37, 29, 45, 31) (8, 38, 2, 40, 41, 19) (32, 14, 26, 16, 17, 43) (9, 18, 22, 1, 20, 3, 10, 23, 0, 33, 42, 46, 25, 44, 27, 34, 47, 24) "
"OP(6,16,6,18,4)",0,Solved,"0,2400"," (4t+2)","0,2443","(\infty, 43, 35, \infty, 11, 19) (10, 31, 2, 38, 3, 47, 25, 36, 34, 7, 26, 14, 27, 23, 1, 12) (46, 4, 29, 22, 28, 5) (45, 42, 9, 37, 32, 41, 24, 40, 39, 21, 18, 33, 13, 8, 17, 0, 16, 15) (30, 44, 6, 20) "
"OP(4,16,6,18,3,3)",0,Solved,"0,0420"," (4t+2)","0,0457","(\infty, 22, \infty, 46) (14, 4, 15, 32, 18, 9, 34, 16, 38, 28, 39, 8, 42, 33, 10, 40) (11, 43, 23, 35, 19, 47) (7, 1, 2, 6, 13, 21, 36, 17, 44, 31, 25, 26, 30, 37, 45, 12, 41, 20) (0, 5, 3) (24, 29, 27) "
"OP(18,16,6,6,4)",0,Solved,"0,0510"," (4t+2)","0,0557","(\infty, 2, 4, 7, 6, 21, 12, 33, 16, \infty, 40, 9, 36, 45, 30, 31, 28, 26) (27, 46, 14, 42, 19, 41, 23, 15, 3, 22, 38, 18, 43, 17, 47, 39) (5, 11, 0, 13, 8, 1) (29, 35, 24, 37, 32, 25) (20, 10, 44, 34) "
"OP(18,16,6,5,5)",0,Solved,"0,0410"," (4t+2)","0,0452","(\infty, 0, 27, 18, 41, 11, 33, 26, 22, \infty, 46, 2, 9, 35, 17, 42, 3, 24) (13, 10, 29, 30, 43, 45, 8, 23, 37, 34, 5, 6, 19, 21, 32, 47) (28, 36, 16, 4, 12, 40) (31, 14, 20, 25, 15) (7, 38, 44, 1, 39) "
"OP(18,16,6,4,3,3)",0,Solved,"0,0540"," (4t+2)","0,0582","(\infty, 2, 4, 7, 6, 11, 22, 36, 16, \infty, 40, 12, 46, 35, 30, 31, 28, 26) (27, 10, 23, 13, 45, 19, 42, 15, 3, 34, 47, 37, 21, 43, 18, 39) (17, 9, 0, 41, 33, 24) (14, 8, 38, 32) (1, 20, 5) (25, 44, 29) "
"OP(18,16,5,5,3,3)",0,Solved,"0,0540"," (4t+2)","0,0577","(\infty, 5, 10, 18, 7, 17, 40, 23, 37, \infty, 13, 47, 16, 41, 31, 42, 34, 29) (4, 0, 2, 3, 6, 12, 21, 43, 28, 24, 26, 27, 30, 36, 45, 19) (33, 46, 14, 35, 15) (9, 22, 38, 11, 39) (1, 20, 8) (25, 44, 32) "
"OP(4,16,4,4,4,18)",0,Solved,"0,0390"," (4t+2)","0,0436","(\infty, 17, \infty, 41) (9, 5, 6, 3, 12, 22, 11, 4, 33, 29, 30, 27, 36, 46, 35, 28) (0, 14, 45, 15) (24, 38, 21, 39) (1, 23, 25, 47) (40, 13, 7, 2, 10, 42, 19, 32, 44, 16, 37, 31, 26, 34, 18, 43, 8, 20) "
"OP(18,16,4,4,4,4)",0,Solved,"0,1030"," (4t+2)","0,1064","(\infty, 18, 6, 17, 46, 8, 9, 4, 2, \infty, 26, 28, 33, 32, 22, 41, 30, 42) (38, 20, 37, 16, 19, 10, 3, 36, 14, 44, 13, 40, 43, 34, 27, 12) (1, 5, 21, 7) (25, 29, 45, 31) (35, 0, 23, 15) (11, 24, 47, 39) "
"OP(18,16,4,3,3,3,3)",0,Solved,"0,0980"," (4t+2)","0,1020","(\infty, 12, 47, 16, 38, 19, 39, 21, 46, \infty, 22, 45, 15, 43, 14, 40, 23, 36) (32, 17, 9, 2, 0, 6, 11, 20, 8, 41, 33, 26, 24, 30, 35, 44) (3, 13, 27, 37) (4, 1, 5) (28, 25, 29) (7, 34, 18) (31, 10, 42) "
"OP(4,14,14,18)",0,Solved,"0,0500"," (4t+2)","0,0542","(\infty, 1, \infty, 25) (2, 3, 9, 18, 36, 19, 46, 32, 20, 10, 7, 0, 11, 15) (26, 27, 33, 42, 12, 43, 22, 8, 44, 34, 31, 24, 35, 39) (47, 4, 6, 14, 29, 13, 41, 16, 45, 23, 28, 30, 38, 5, 37, 17, 40, 21) "
"OP(14,14,18,4)",0,Solved,"0,2180"," (4t+2)","0,2225","(\infty, 40, 35, 15, 42, 20, 2, \infty, 26, 44, 18, 39, 11, 16) (19, 3, 22, 47, 6, 7, 9, 43, 27, 46, 23, 30, 31, 33) (14, 8, 0, 10, 13, 4, 21, 17, 5, 38, 32, 24, 34, 37, 28, 45, 41, 29) (1, 12, 25, 36) "
"OP(6,14,12,18)",0,Solved,"0,1550"," (4t+2)","0,1590","(\infty, 32, 22, \infty, 46, 8) (6, 4, 7, 43, 1, 18, 45, 30, 28, 31, 19, 25, 42, 21) (2, 10, 36, 23, 41, 27, 26, 34, 12, 47, 17, 3) (37, 44, 16, 11, 0, 39, 14, 33, 29, 13, 20, 40, 35, 24, 15, 38, 9, 5) "
"OP(12,14,18,6)",0,Solved,"0,0850"," (4t+2)","0,0901","(\infty, 46, 12, 18, 47, 20, \infty, 44, 23, 42, 36, 22) (5, 0, 15, 11, 2, 14, 45, 29, 24, 39, 35, 26, 38, 21) (3, 13, 41, 19, 8, 1, 9, 10, 40, 27, 37, 17, 43, 32, 25, 33, 34, 16) (6, 4, 7, 30, 28, 31) "
"OP(12,14,18,3,3)",0,Solved,"0,0570"," (4t+2)","0,0611","(\infty, 2, 3, 5, 8, 14, \infty, 38, 32, 29, 27, 26) (1, 6, 10, 17, 9, 20, 11, 25, 30, 34, 41, 33, 44, 35) (12, 31, 19, 40, 15, 46, 13, 45, 23, 36, 7, 43, 16, 39, 22, 37, 21, 47) (18, 0, 28) (42, 24, 4) "
"OP(8,14,10,18)",0,Solved,"0,1730"," (4t+2)","0,1772","(\infty, 22, 45, 16, \infty, 40, 21, 46) (6, 3, 4, 15, 17, 38, 12, 30, 27, 28, 39, 41, 14, 36) (13, 44, 31, 11, 47, 37, 20, 7, 35, 23) (43, 0, 9, 42, 10, 2, 8, 1, 5, 19, 24, 33, 18, 34, 26, 32, 25, 29) "
"OP(4,14,10,4,18)",0,Solved,"0,0450"," (4t+2)","0,0485","(\infty, 12, \infty, 36) (19, 8, 18, 47, 34, 16, 7, 43, 32, 42, 23, 10, 40, 31) (17, 45, 11, 37, 20, 41, 21, 35, 13, 44) (1, 2, 25, 26) (14, 6, 22, 15, 9, 4, 0, 3, 5, 38, 30, 46, 39, 33, 28, 24, 27, 29) "
"OP(10,14,18,8)",0,Solved,"0,0790"," (4t+2)","0,0834","(\infty, 12, 46, 19, 42, \infty, 18, 43, 22, 36) (20, 38, 23, 13, 7, 0, 8, 44, 14, 47, 37, 31, 24, 32) (34, 15, 4, 2, 11, 16, 33, 17, 45, 10, 39, 28, 26, 35, 40, 9, 41, 21) (3, 6, 5, 1, 27, 30, 29, 25) "
"OP(18,15,9,5,3)",,Infeasible,,Table config is not valid,,
"OP(10,14,18,4,4)",0,Solved,"0,0530"," (4t+2)","0,0563","(\infty, 5, 6, 18, 45, \infty, 21, 42, 30, 29) (13, 46, 32, 16, 10, 0, 2, 37, 22, 8, 40, 34, 24, 26) (3, 7, 14, 23, 41, 15, 43, 12, 35, 27, 31, 38, 47, 17, 39, 19, 36, 11) (4, 1, 20, 9) (28, 25, 44, 33) "
"OP(4,14,8,6,18)",0,Solved,"0,0660"," (4t+2)","0,0696","(\infty, 12, \infty, 36) (9, 42, 10, 17, 39, 11, 45, 33, 18, 34, 41, 15, 35, 21) (7, 3, 0, 13, 31, 27, 24, 37) (44, 6, 1, 20, 30, 25) (19, 8, 2, 4, 5, 14, 22, 47, 16, 43, 32, 26, 28, 29, 38, 46, 23, 40) "
"OP(6,14,8,18,4)",0,Solved,"0,1640"," (4t+2)","0,1690","(\infty, 12, 42, \infty, 18, 36) (1, 9, 2, 11, 13, 7, 39, 25, 33, 26, 35, 37, 31, 15) (20, 19, 0, 17, 44, 43, 24, 41) (14, 4, 8, 3, 6, 34, 22, 45, 23, 38, 28, 32, 27, 30, 10, 46, 21, 47) (16, 29, 40, 5) "
"OP(4,14,8,18,3,3)",0,Solved,"0,0420"," (4t+2)","0,0457","(\infty, 5, \infty, 29) (7, 10, 16, 8, 15, 33, 18, 31, 34, 40, 32, 39, 9, 42) (4, 0, 2, 3, 28, 24, 26, 27) (12, 22, 13, 41, 14, 45, 19, 35, 47, 36, 46, 37, 17, 38, 21, 43, 11, 23) (1, 20, 6) (25, 44, 30) "
"OP(4,14,7,7,18)",0,Solved,"0,0440"," (4t+2)","0,0481","(\infty, 1, \infty, 25) (2, 3, 9, 5, 19, 39, 13, 26, 27, 33, 29, 43, 15, 37) (36, 46, 10, 7, 0, 11, 20) (12, 22, 34, 31, 24, 35, 44) (47, 4, 6, 14, 32, 17, 42, 21, 40, 23, 28, 30, 38, 8, 41, 18, 45, 16) "
"OP(8,14,18,6,4)",0,Solved,"0,0630"," (4t+2)","0,0664","(\infty, 13, 39, 21, \infty, 45, 15, 37) (41, 22, 14, 9, 6, 4, 0, 17, 46, 38, 33, 30, 28, 24) (2, 3, 10, 16, 32, 18, 31, 19, 47, 26, 27, 34, 40, 8, 42, 7, 43, 23) (35, 12, 1, 11, 36, 25) (20, 5, 44, 29) "
"OP(8,14,18,5,5)",0,Solved,"0,1120"," (4t+2)","0,1171","(\infty, 33, 13, 35, \infty, 11, 37, 9) (14, 4, 0, 3, 40, 39, 22, 38, 28, 24, 27, 16, 15, 46) (45, 18, 43, 10, 5, 7, 47, 41, 2, 21, 42, 19, 34, 29, 31, 23, 17, 26) (1, 36, 6, 20, 8) (25, 12, 30, 44, 32) "
"OP(8,14,18,4,3,3)",0,Solved,"0,1300"," (4t+2)","0,1355","(\infty, 3, 0, 31, \infty, 7, 24, 27) (16, 20, 39, 1, 19, 6, 12, 40, 44, 15, 25, 43, 30, 36) (11, 4, 2, 10, 5, 17, 18, 45, 13, 35, 28, 26, 34, 29, 41, 42, 21, 37) (47, 38, 23, 14) (33, 22, 8) (9, 46, 32) "
"OP(6,14,6,6,18)",0,Solved,"0,1850"," (4t+2)","0,1923","(\infty, 31, 29, \infty, 5, 7) (4, 33, 3, 39, 22, 37, 21, 28, 9, 27, 15, 46, 13, 45) (0, 40, 18, 8, 35, 1) (24, 16, 42, 32, 11, 25) (12, 23, 10, 14, 19, 44, 41, 2, 30, 36, 47, 34, 38, 43, 20, 17, 26, 6) "
"OP(6,14,6,18,3,3)",0,Solved,"0,0610"," (4t+2)","0,0656","(\infty, 12, 20, \infty, 44, 36) (16, 3, 15, 43, 10, 42, 13, 40, 27, 39, 19, 34, 18, 37) (7, 0, 9, 31, 24, 33) (45, 22, 8, 14, 4, 41, 11, 6, 23, 21, 46, 32, 38, 28, 17, 35, 30, 47) (5, 1, 2) (29, 25, 26) "
"OP(4,14,6,4,4,18)",0,Solved,"0,0560"," (4t+2)","0,0606","(\infty, 16, \infty, 40) (44, 15, 13, 43, 18, 8, 41, 20, 39, 37, 19, 42, 32, 17) (45, 0, 7, 21, 24, 31) (10, 23, 3, 4) (34, 47, 27, 28) (14, 2, 11, 6, 22, 5, 9, 1, 12, 38, 26, 35, 30, 46, 29, 33, 25, 36) "
"OP(4,14,5,5,4,18)",0,Solved,"0,1310"," (4t+2)","0,1348","(\infty, 15, \infty, 39) (11, 18, 37, 9, 45, 8, 17, 35, 42, 13, 33, 21, 32, 41) (0, 4, 1, 16, 10) (24, 28, 25, 40, 34) (22, 6, 46, 30) (47, 12, 38, 7, 2, 3, 5, 19, 44, 23, 36, 14, 31, 26, 27, 29, 43, 20) "
"OP(6,14,18,4,4,4)",0,Solved,"0,1140"," (4t+2)","0,1192","(\infty, 36, 2, \infty, 26, 12) (22, 13, 10, 23, 7, 6, 16, 46, 37, 34, 47, 31, 30, 40) (1, 3, 18, 41, 19, 11, 39, 8, 4, 25, 27, 42, 17, 43, 35, 15, 32, 28) (14, 21, 9, 20) (38, 45, 33, 44) (5, 0, 29, 24) "
"OP(6,14,18,3,3,3,3)",0,Solved,"0,2280"," (4t+2)","0,2332","(\infty, 15, 43, \infty, 19, 39) (2, 3, 9, 13, 18, 4, 14, 26, 27, 33, 37, 42, 28, 38) (7, 5, 36, 23, 44, 22, 40, 21, 6, 31, 29, 12, 47, 20, 46, 16, 45, 30) (10, 1, 17) (34, 25, 41) (11, 8, 0) (35, 32, 24) "
"OP(4,14,4,4,18,3,3)",0,Solved,"0,0390"," (4t+2)","0,0440","(\infty, \infty, 23, 47) (14, 4, 15, 32, 44, 9, 18, 38, 28, 39, 8, 20, 33, 42) (40, 17, 36, 10) (16, 41, 12, 34) (7, 1, 2, 6, 13, 21, 35, 19, 46, 31, 25, 26, 30, 37, 45, 11, 43, 22) (0, 5, 3) (24, 29, 27) "
"OP(18,14,14,4)",0,Solved,"0,0450"," (4t+2)","0,0487","(\infty, 22, 43, 13, 35, 7, 36, 23, 40, \infty, 16, 47, 12, 31, 11, 37, 19, 46) (3, 8, 14, 21, 5, 1, 2, 4, 15, 30, 42, 17, 9, 0) (27, 32, 38, 45, 29, 25, 26, 28, 39, 6, 18, 41, 33, 24) (20, 10, 44, 34) "
"OP(6,13,13,18)",0,Solved,"0,0530"," (4t+2)","0,0569","(\infty, 5, 13, \infty, 37, 29) (17, 32, 43, 22, 12, 7, 4, 0, 2, 3, 9, 16, 30) (41, 8, 19, 46, 36, 31, 28, 24, 26, 27, 33, 40, 6) (38, 21, 39, 23, 35, 10, 1, 20, 42, 14, 45, 15, 47, 11, 34, 25, 44, 18) "
"OP(18,14,12,6)",0,Solved,"0,0620"," (4t+2)","0,0654","(\infty, 16, 5, 0, 3, 12, 20, 8, 22, \infty, 46, 32, 44, 36, 27, 24, 29, 40) (37, 9, 38, 15, 47, 17, 34, 13, 33, 14, 39, 23, 41, 10) (18, 11, 7, 1, 2, 4, 42, 35, 31, 25, 26, 28) (6, 19, 45, 30, 43, 21) "
"OP(18,14,12,3,3)",0,Solved,"0,1330"," (4t+2)","0,1367","(\infty, 14, 37, 7, 4, 0, 15, 34, 22, \infty, 46, 10, 39, 24, 28, 31, 13, 38) (12, 1, 6, 16, 47, 21, 8, 36, 25, 30, 40, 23, 45, 32) (20, 19, 5, 3, 9, 17, 44, 43, 29, 27, 33, 41) (18, 2, 11) (42, 26, 35) "
"OP(8,14,10,18)",0,Solved,"0,1730"," (4t+2)","0,1774","(\infty, 22, 45, 16, \infty, 40, 21, 46) (6, 3, 4, 15, 17, 38, 12, 30, 27, 28, 39, 41, 14, 36) (13, 44, 31, 11, 47, 37, 20, 7, 35, 23) (43, 0, 9, 42, 10, 2, 8, 1, 5, 19, 24, 33, 18, 34, 26, 32, 25, 29) "
"OP(4,14,10,4,18)",0,Solved,"0,0440"," (4t+2)","0,0482","(\infty, 12, \infty, 36) (19, 8, 18, 47, 34, 16, 7, 43, 32, 42, 23, 10, 40, 31) (17, 45, 11, 37, 20, 41, 21, 35, 13, 44) (1, 2, 25, 26) (14, 6, 22, 15, 9, 4, 0, 3, 5, 38, 30, 46, 39, 33, 28, 24, 27, 29) "
"OP(18,14,10,8)",0,Solved,"0,0490"," (4t+2)","0,0532","(\infty, 20, 39, 19, 46, 23, 9, 3, 6, \infty, 30, 27, 33, 47, 22, 43, 15, 44) (4, 2, 11, 18, 17, 7, 40, 28, 26, 35, 42, 41, 31, 16) (14, 45, 13, 0, 8, 38, 21, 37, 24, 32) (1, 5, 10, 36, 25, 29, 34, 12) "
"OP(4,14,10,4,18)",0,Solved,"0,0450"," (4t+2)","0,0496","(\infty, 12, \infty, 36) (19, 8, 18, 47, 34, 16, 7, 43, 32, 42, 23, 10, 40, 31) (17, 45, 11, 37, 20, 41, 21, 35, 13, 44) (1, 2, 25, 26) (14, 6, 22, 15, 9, 4, 0, 3, 5, 38, 30, 46, 39, 33, 28, 24, 27, 29) "
"OP(18,14,10,4,4)",0,Solved,"0,0440"," (4t+2)","0,0480","(\infty, 16, 35, 10, 41, 13, 47, 21, 42, \infty, 18, 45, 23, 37, 17, 34, 11, 40) (44, 32, 19, 12, 6, 1, 2, 20, 8, 43, 36, 30, 25, 26) (15, 4, 14, 22, 7, 39, 28, 38, 46, 31) (9, 0, 3, 5) (33, 24, 27, 29) "
"OP(18,14,9,9)",0,Solved,"0,0550"," (4t+2)","0,0595","(\infty, 1, 2, 4, 9, 12, 29, 16, 41, \infty, 17, 40, 5, 36, 33, 28, 26, 25) (45, 31, 13, 6, 0, 10, 43, 21, 7, 37, 30, 24, 34, 19) (47, 3, 11, 22, 38, 18, 39, 20, 8) (23, 27, 35, 46, 14, 42, 15, 44, 32) "
"OP(4,14,8,6,18)",0,Solved,"0,0630"," (4t+2)","0,0669","(\infty, 12, \infty, 36) (9, 42, 10, 17, 39, 11, 45, 33, 18, 34, 41, 15, 35, 21) (7, 3, 0, 13, 31, 27, 24, 37) (44, 6, 1, 20, 30, 25) (19, 8, 2, 4, 5, 14, 22, 47, 16, 43, 32, 26, 28, 29, 38, 46, 23, 40) "
"OP(6,14,8,18,4)",0,Solved,"0,1490"," (4t+2)","0,1539","(\infty, 12, 42, \infty, 18, 36) (1, 9, 2, 11, 13, 7, 39, 25, 33, 26, 35, 37, 31, 15) (20, 19, 0, 17, 44, 43, 24, 41) (14, 4, 8, 3, 6, 34, 22, 45, 23, 38, 28, 32, 27, 30, 10, 46, 21, 47) (16, 29, 40, 5) "
"OP(4,14,8,18,3,3)",0,Solved,"0,0420"," (4t+2)","0,0460","(\infty, 5, \infty, 29) (7, 10, 16, 8, 15, 33, 18, 31, 34, 40, 32, 39, 9, 42) (4, 0, 2, 3, 28, 24, 26, 27) (12, 22, 13, 41, 14, 45, 19, 35, 47, 36, 46, 37, 17, 38, 21, 43, 11, 23) (1, 20, 6) (25, 44, 30) "
"OP(4,14,7,7,18)",0,Solved,"0,0430"," (4t+2)","0,0477","(\infty, 1, \infty, 25) (2, 3, 9, 5, 19, 39, 13, 26, 27, 33, 29, 43, 15, 37) (36, 46, 10, 7, 0, 11, 20) (12, 22, 34, 31, 24, 35, 44) (47, 4, 6, 14, 32, 17, 42, 21, 40, 23, 28, 30, 38, 8, 41, 18, 45, 16) "
"OP(18,14,8,6,4)",0,Solved,"0,1500"," (4t+2)","0,1543","(\infty, 45, 4, 2, 7, 8, 19, 44, 15, \infty, 39, 20, 43, 32, 31, 26, 28, 21) (33, 46, 18, 40, 23, 11, 41, 9, 22, 42, 16, 47, 35, 17) (34, 13, 5, 1, 10, 37, 29, 25) (12, 6, 3, 36, 30, 27) (0, 14, 24, 38) "
"OP(18,14,8,5,5)",0,Solved,"0,2360"," (4t+2)","0,2416","(\infty, 1, 20, 22, 8, 13, 43, 6, 21, \infty, 45, 30, 19, 37, 32, 46, 44, 25) (14, 4, 3, 9, 41, 15, 18, 38, 28, 27, 33, 17, 39, 42) (7, 11, 2, 10, 31, 35, 26, 34) (12, 5, 40, 23, 0) (36, 29, 16, 47, 24) "
"OP(18,14,8,4,3,3)",0,Solved,"0,2300"," (4t+2)","0,2344","(\infty, 21, 47, 44, 3, 14, 4, 8, 9, \infty, 33, 32, 28, 38, 27, 20, 23, 45) (46, 18, 34, 0, 43, 16, 39, 22, 42, 10, 24, 19, 40, 15) (1, 13, 5, 7, 25, 37, 29, 31) (11, 2, 35, 26) (17, 36, 30) (41, 12, 6) "
"OP(18,14,7,7,4)",0,Solved,"0,1410"," (4t+2)","0,1446","(\infty, 45, 4, 2, 7, 8, 20, 34, 19, \infty, 43, 10, 44, 32, 31, 26, 28, 21) (33, 12, 47, 16, 39, 13, 41, 9, 36, 23, 40, 15, 37, 17) (6, 14, 5, 1, 11, 22, 3) (30, 38, 29, 25, 35, 46, 27) (0, 18, 24, 42) "
"OP(6,14,6,6,18)",0,Solved,"0,1820"," (4t+2)","0,1856","(\infty, 31, 29, \infty, 5, 7) (4, 33, 3, 39, 22, 37, 21, 28, 9, 27, 15, 46, 13, 45) (0, 40, 18, 8, 35, 1) (24, 16, 42, 32, 11, 25) (12, 23, 10, 14, 19, 44, 41, 2, 30, 36, 47, 34, 38, 43, 20, 17, 26, 6) "
"OP(6,14,6,18,3,3)",0,Solved,"0,0600"," (4t+2)","0,0635","(\infty, 12, 20, \infty, 44, 36) (16, 3, 15, 43, 10, 42, 13, 40, 27, 39, 19, 34, 18, 37) (7, 0, 9, 31, 24, 33) (45, 22, 8, 14, 4, 41, 11, 6, 23, 21, 46, 32, 38, 28, 17, 35, 30, 47) (5, 1, 2) (29, 25, 26) "
"OP(4,14,6,4,4,18)",0,Solved,"0,0600"," (4t+2)","0,0639","(\infty, 16, \infty, 40) (44, 15, 13, 43, 18, 8, 41, 20, 39, 37, 19, 42, 32, 17) (45, 0, 7, 21, 24, 31) (10, 23, 3, 4) (34, 47, 27, 28) (14, 2, 11, 6, 22, 5, 9, 1, 12, 38, 26, 35, 30, 46, 29, 33, 25, 36) "
"OP(18,14,6,6,6)",0,Solved,"0,0900"," (4t+2)","0,0941","(\infty, 0, 2, 3, 8, 5, 9, 15, 4, \infty, 28, 39, 33, 29, 32, 27, 26, 24) (6, 13, 21, 7, 16, 34, 14, 30, 37, 45, 31, 40, 10, 38) (12, 22, 41, 19, 42, 25) (36, 46, 17, 43, 18, 1) (11, 44, 23, 35, 20, 47) "
"OP(18,14,6,6,3,3)",0,Solved,"0,0470"," (4t+2)","0,0511","(\infty, 10, 46, 17, 37, 20, 9, 39, 16, \infty, 40, 15, 33, 44, 13, 41, 22, 34) (47, 32, 18, 11, 7, 1, 2, 23, 8, 42, 35, 31, 25, 26) (12, 4, 14, 30, 43, 21) (36, 28, 38, 6, 19, 45) (0, 5, 3) (24, 29, 27) "
"OP(4,14,5,5,4,18)",0,Solved,"0,1320"," (4t+2)","0,1368","(\infty, 15, \infty, 39) (11, 18, 37, 9, 45, 8, 17, 35, 42, 13, 33, 21, 32, 41) (0, 4, 1, 16, 10) (24, 28, 25, 40, 34) (22, 6, 46, 30) (47, 12, 38, 7, 2, 3, 5, 19, 44, 23, 36, 14, 31, 26, 27, 29, 43, 20) "
"OP(18,14,6,4,4,4)",0,Solved,"0,0610"," (4t+2)","0,0656","(\infty, 18, 47, 20, 7, 21, 41, 10, 22, \infty, 46, 34, 17, 45, 31, 44, 23, 42) (11, 37, 19, 12, 6, 1, 2, 35, 13, 43, 36, 30, 25, 26) (15, 4, 14, 39, 28, 38) (3, 5, 9, 0) (27, 29, 33, 24) (16, 8, 40, 32) "
"OP(18,14,6,3,3,3,3)",0,Solved,"0,0400"," (4t+2)","0,0445","(\infty, 1, 42, 3, 45, 37, 20, 15, 19, \infty, 43, 39, 44, 13, 21, 27, 18, 25) (17, 2, 31, 33, 12, 22, 38, 41, 26, 7, 9, 36, 46, 14) (28, 8, 34, 4, 32, 10) (5, 40, 6) (29, 16, 30) (0, 23, 11) (24, 47, 35) "
"OP(4,14,4,5,5,18)",0,Solved,"0,0570"," (4t+2)","0,0628","(\infty, 1, \infty, 25) (4, 3, 6, 2, 0, 5, 11, 28, 27, 30, 26, 24, 29, 35) (8, 17, 32, 41) (37, 19, 9, 21, 10) (13, 43, 33, 45, 34) (7, 14, 22, 36, 23, 42, 20, 40, 15, 31, 38, 46, 12, 47, 18, 44, 16, 39) "
"OP(18,14,5,5,4,4)",0,Solved,"0,0430"," (4t+2)","0,0482","(\infty, 1, 4, 10, 3, 2, 0, 5, 9, \infty, 33, 29, 24, 26, 27, 34, 28, 25) (18, 7, 20, 36, 13, 41, 8, 42, 31, 44, 12, 37, 17, 32) (6, 16, 35, 23, 14) (30, 40, 11, 47, 38) (46, 15, 45, 19) (22, 39, 21, 43) "
"OP(4,14,4,4,18,3,3)",0,Solved,"0,0400"," (4t+2)","0,0447","(\infty, \infty, 23, 47) (14, 4, 15, 32, 44, 9, 18, 38, 28, 39, 8, 20, 33, 42) (40, 17, 36, 10) (16, 41, 12, 34) (7, 1, 2, 6, 13, 21, 35, 19, 46, 31, 25, 26, 30, 37, 45, 11, 43, 22) (0, 5, 3) (24, 29, 27) "
"OP(18,14,4,4,4,3,3)",0,Solved,"0,2190"," (4t+2)","0,2233","(\infty, 7, 4, 14, 34, 47, 20, 46, 21, \infty, 45, 22, 44, 23, 10, 38, 28, 31) (3, 8, 19, 0, 12, 11, 41, 27, 32, 43, 24, 36, 35, 17) (15, 6, 2, 9) (39, 30, 26, 33) (13, 5, 37, 29) (16, 18, 1) (40, 42, 25) "
"OP(18,14,3,3,3,3,3,3)",0,Solved,"0,2090"," (4t+2)","0,2124","(\infty, 1, 6, 9, 43, 10, 18, 38, 37, \infty, 13, 14, 42, 34, 19, 33, 30, 25) (44, 46, 17, 8, 29, 12, 2, 20, 22, 41, 32, 5, 36, 26) (15, 21, 47) (39, 45, 23) (7, 11, 0) (31, 35, 24) (3, 28, 16) (27, 4, 40) "
"OP(18,13,13,6)",0,Solved,"0,0430"," (4t+2)","0,0468","(\infty, 4, 13, 23, 36, 22, 11, 39, 18, \infty, 42, 15, 35, 46, 12, 47, 37, 28) (45, 33, 17, 10, 6, 1, 2, 8, 16, 31, 14, 44, 19) (21, 9, 41, 34, 30, 25, 26, 32, 40, 7, 38, 20, 43) (0, 3, 5, 24, 27, 29) "
"OP(18,13,13,3,3)",0,Solved,"0,0600"," (4t+2)","0,0638","(\infty, 40, 19, 3, 13, 1, 8, 10, 2, \infty, 26, 34, 32, 25, 37, 27, 43, 16) (6, 23, 9, 42, 22, 11, 17, 14, 36, 7, 20, 45, 15) (30, 47, 33, 18, 46, 35, 41, 38, 12, 31, 44, 21, 39) (0, 4, 5) (24, 28, 29) "
"OP(8,12,12,18)",0,Solved,"0,0470"," (4t+2)","0,0510","(\infty, 26, 41, 22, \infty, 46, 17, 2) (21, 7, 1, 12, 15, 3, 38, 13, 29, 11, 42, 43) (45, 31, 25, 36, 39, 27, 14, 37, 5, 35, 18, 19) (0, 10, 6, 4, 9, 16, 44, 23, 32, 24, 34, 30, 28, 33, 40, 20, 47, 8) "
"OP(4,12,12,4,18)",0,Solved,"0,0630"," (4t+2)","0,0667","(\infty, 4, \infty, 28) (5, 6, 2, 36, 17, 14, 8, 3, 10, 19, 40, 7) (29, 30, 26, 12, 41, 38, 32, 27, 34, 43, 16, 31) (0, 11, 24, 35) (46, 18, 44, 13, 1, 9, 47, 15, 45, 22, 42, 20, 37, 25, 33, 23, 39, 21) "
"OP(12,12,18,8)",0,Solved,"0,0460"," (4t+2)","0,0499","(\infty, 2, 3, 5, 8, 4, \infty, 28, 32, 29, 27, 26) (1, 9, 19, 7, 16, 36, 25, 33, 43, 31, 40, 12) (10, 35, 22, 37, 21, 38, 17, 39, 20, 34, 11, 46, 13, 45, 14, 41, 15, 44) (23, 18, 0, 6, 47, 42, 24, 30) "
"OP(18,13,11,5,3)",,Infeasible,,Table config is not valid,,
"OP(12,12,18,4,4)",0,Solved,"0,1130"," (4t+2)","0,1179","(\infty, 39, 3, 4, 6, 9, \infty, 33, 30, 28, 27, 15) (31, 42, 16, 46, 23, 38, 7, 18, 40, 22, 47, 14) (12, 8, 1, 10, 20, 41, 21, 37, 2, 36, 32, 25, 34, 44, 17, 45, 13, 26) (0, 5, 11, 19) (24, 29, 35, 43) "
"OP(10,12,10,18)",0,Solved,"0,0460"," (4t+2)","0,0512","(\infty, 27, 34, 38, 11, \infty, 35, 14, 10, 3) (39, 5, 37, 20, 12, 25, 15, 29, 13, 44, 36, 1) (6, 28, 9, 0, 18, 30, 4, 33, 24, 42) (46, 23, 21, 41, 40, 7, 2, 8, 19, 22, 47, 45, 17, 16, 31, 26, 32, 43) "
"OP(4,12,10,6,18)",0,Solved,"0,0590"," (4t+2)","0,0630","(\infty, 3, \infty, 27) (4, 5, 7, 10, 39, 11, 28, 29, 31, 34, 15, 35) (9, 1, 14, 26, 40, 33, 25, 38, 2, 16) (8, 13, 23, 32, 37, 47) (46, 20, 36, 21, 17, 6, 0, 18, 43, 22, 44, 12, 45, 41, 30, 24, 42, 19) "
"OP(6,12,10,18,4)",0,Solved,"0,1910"," (4t+2)","0,1940","(\infty, 39, 29, \infty, 5, 15) (31, 30, 46, 38, 9, 44, 7, 6, 22, 14, 33, 20) (40, 17, 43, 2, 36, 16, 41, 19, 26, 12) (4, 0, 42, 47, 45, 27, 10, 1, 13, 28, 24, 18, 23, 21, 3, 34, 25, 37) (8, 35, 32, 11) "
"OP(4,12,10,18,3,3)",0,Solved,"0,0350"," (4t+2)","0,0395","(\infty, \infty, 23, 47) (21, 14, 0, 12, 42, 10, 45, 38, 24, 36, 18, 34) (44, 33, 13, 4, 1, 20, 9, 37, 28, 25) (43, 22, 39, 16, 6, 2, 7, 8, 41, 19, 46, 15, 40, 30, 26, 31, 32, 17) (5, 11, 3) (29, 35, 27) "
"OP(18,13,9,7,3)",,Infeasible,,Table config is not valid,,
"OP(10,12,18,6,4)",0,Solved,"0,0770"," (4t+2)","0,0802","(\infty, 6, 4, 7, 2, \infty, 26, 31, 28, 30) (14, 5, 1, 8, 16, 15, 38, 29, 25, 32, 40, 39) (13, 44, 18, 46, 17, 35, 19, 9, 3, 37, 20, 42, 22, 41, 11, 43, 33, 27) (45, 12, 0, 21, 36, 24) (23, 10, 47, 34) "
"OP(10,12,18,5,5)",0,Solved,"0,0430"," (4t+2)","0,0498","(\infty, 44, 15, 41, 18, \infty, 42, 17, 39, 20) (3, 5, 19, 11, 4, 0, 27, 29, 43, 35, 28, 24) (37, 9, 6, 1, 7, 8, 21, 12, 2, 13, 33, 30, 25, 31, 32, 45, 36, 26) (23, 40, 10, 22, 38) (47, 16, 34, 46, 14) "
"OP(10,12,18,4,3,3)",0,Solved,"0,0820"," (4t+2)","0,0855","(\infty, 11, 2, 8, 43, \infty, 19, 32, 26, 35) (4, 40, 12, 46, 9, 6, 28, 16, 36, 22, 33, 30) (41, 3, 1, 0, 7, 39, 18, 14, 47, 17, 27, 25, 24, 31, 15, 42, 38, 23) (5, 10, 29, 34) (44, 21, 13) (20, 45, 37) "
"OP(4,12,8,8,18)",0,Solved,"0,0460"," (4t+2)","0,0499","(\infty, \infty, 23, 47) (39, 13, 3, 38, 11, 44, 15, 37, 27, 14, 35, 20) (4, 7, 19, 36, 18, 10, 1, 2) (28, 31, 43, 12, 42, 34, 25, 26) (21, 46, 32, 16, 9, 5, 0, 6, 17, 45, 22, 8, 40, 33, 29, 24, 30, 41) "
"OP(8,12,8,18,4)",0,Solved,"0,1900"," (4t+2)","0,1937","(\infty, \infty, 23, 37, 21, 45, 13, 47) (2, 6, 11, 10, 17, 36, 26, 30, 35, 34, 41, 12) (20, 8, 0, 9, 44, 32, 24, 33) (4, 1, 7, 18, 38, 15, 46, 16, 43, 28, 25, 31, 42, 14, 39, 22, 40, 19) (3, 5, 27, 29) "
"OP(6,12,8,6,18)",0,Solved,"0,0470"," (4t+2)","0,0512","(\infty, 2, 4, \infty, 28, 26) (5, 9, 17, 34, 46, 16, 29, 33, 41, 10, 22, 40) (27, 12, 7, 6, 3, 36, 31, 30) (18, 43, 21, 42, 19, 45) (15, 47, 37, 0, 14, 8, 1, 20, 11, 39, 23, 13, 24, 38, 32, 25, 44, 35) "
"OP(6,12,8,18,3,3)",0,Solved,"0,1540"," (4t+2)","0,1598","(\infty, 15, 37, \infty, 13, 39) (19, 0, 4, 10, 18, 36, 43, 24, 28, 34, 42, 12) (32, 16, 33, 21, 8, 40, 9, 45) (22, 2, 7, 41, 20, 11, 1, 38, 23, 46, 26, 31, 17, 44, 35, 25, 14, 47) (5, 3, 6) (29, 27, 30) "
"OP(4,12,8,4,4,18)",0,Solved,"0,0380"," (4t+2)","0,0424","(\infty, 21, \infty, 45) (47, 13, 5, 3, 9, 10, 23, 37, 29, 27, 33, 34) (7, 4, 0, 15, 31, 28, 24, 39) (17, 6, 1, 8) (41, 30, 25, 32) (18, 35, 12, 2, 14, 43, 22, 40, 20, 42, 11, 36, 26, 38, 19, 46, 16, 44) "
"OP(6,12,7,7,18)",0,Solved,"0,0780"," (4t+2)","0,0831","(\infty, 3, 41, \infty, 17, 27) (0, 6, 10, 15, 16, 37, 24, 30, 34, 39, 40, 13) (42, 23, 11, 2, 9, 1, 12) (18, 47, 35, 26, 33, 25, 36) (7, 5, 8, 28, 43, 20, 46, 14, 45, 31, 29, 32, 4, 19, 44, 22, 38, 21) "
"OP(8,12,18,6,6)",0,Solved,"0,0550"," (4t+2)","0,0597","(\infty, 4, 9, 18, \infty, 42, 33, 28) (5, 13, 39, 16, 46, 19, 29, 37, 15, 40, 22, 43) (0, 2, 3, 6, 10, 17, 32, 21, 38, 24, 26, 27, 30, 34, 41, 8, 45, 14) (23, 35, 7, 1, 20, 36) (47, 11, 31, 25, 44, 12) "
"OP(8,12,18,6,3,3)",0,Solved,"0,0720"," (4t+2)","0,0765","(\infty, 1, 10, 21, \infty, 45, 34, 25) (13, 9, 6, 4, 3, 11, 37, 33, 30, 28, 27, 35) (17, 40, 22, 39, 19, 12, 2, 8, 20, 41, 16, 46, 15, 43, 36, 26, 32, 44) (0, 5, 38, 24, 29, 14) (42, 23, 7) (18, 47, 31) "
"OP(18,13,7,5,4,3)",,Infeasible,,Table config is not valid,,
"OP(8,12,18,4,4,4)",0,Solved,"0,0860"," (4t+2)","0,0896","(\infty, 43, 32, 3, \infty, 27, 8, 19) (47, 7, 41, 38, 15, 33, 23, 31, 17, 14, 39, 9) (28, 22, 5, 0, 13, 1, 40, 18, 45, 4, 46, 29, 24, 37, 25, 16, 42, 21) (11, 10, 12, 44) (35, 34, 36, 20) (6, 2, 30, 26) "
"OP(8,12,18,3,3,3,3)",0,Solved,"0,2770"," (4t+2)","0,2804","(\infty, 13, 10, 3, \infty, 27, 34, 37) (4, 6, 19, 20, 12, 7, 28, 30, 43, 44, 36, 31) (1, 15, 41, 2, 21, 46, 35, 23, 5, 25, 39, 17, 26, 45, 22, 11, 47, 29) (14, 18, 8) (38, 42, 32) (16, 0, 33) (40, 24, 9) "
"OP(4,12,6,6,4,18)",0,Solved,"0,0430"," (4t+2)","0,0470","(\infty, 16, \infty, 40) (45, 14, 5, 3, 6, 11, 21, 38, 29, 27, 30, 35) (15, 4, 0, 12, 13, 42) (39, 28, 24, 36, 37, 18) (1, 7, 25, 31) (8, 41, 9, 2, 10, 23, 43, 20, 46, 32, 17, 33, 26, 34, 47, 19, 44, 22) "
"OP(4,12,6,5,5,18)",0,Solved,"0,0490"," (4t+2)","0,0528","(\infty, 20, \infty, 44) (46, 13, 5, 3, 9, 10, 22, 37, 29, 27, 33, 34) (7, 4, 0, 31, 28, 24) (38, 17, 6, 1, 8) (14, 41, 30, 25, 32) (16, 45, 11, 2, 12, 47, 15, 43, 18, 40, 21, 35, 26, 36, 23, 39, 19, 42) "
"OP(6,12,6,18,4,4)",0,Solved,"0,0570"," (4t+2)","0,0604","(\infty, 3, 5, \infty, 29, 27) (6, 14, 34, 20, 42, 17, 30, 38, 10, 44, 18, 41) (1, 7, 26, 25, 31, 2) (11, 8, 13, 23, 39, 21, 36, 19, 46, 35, 32, 37, 47, 15, 45, 12, 43, 22) (4, 0, 9, 16) (28, 24, 33, 40) "
"OP(4,12,6,4,18,3,3)",0,Solved,"0,0490"," (4t+2)","0,0530","(\infty, 5, \infty, 29) (8, 13, 10, 17, 9, 18, 32, 37, 34, 41, 33, 42) (6, 4, 0, 30, 28, 24) (2, 3, 26, 27) (12, 45, 14, 40, 19, 39, 23, 35, 46, 36, 21, 38, 16, 43, 15, 47, 11, 22) (1, 20, 7) (25, 44, 31) "
"OP(6,12,18,5,5,4)",0,Solved,"0,1650"," (4t+2)","0,1684","(\infty, 42, 28, \infty, 4, 18) (7, 14, 25, 20, 21, 37, 31, 38, 1, 44, 45, 13) (3, 26, 41, 32, 40, 22, 24, 34, 5, 27, 2, 17, 8, 16, 46, 0, 10, 29) (11, 47, 30, 43, 39) (35, 23, 6, 19, 15) (9, 36, 33, 12) "
"OP(4,12,5,5,18,3,3)",0,Solved,"0,0770"," (4t+2)","0,0810","(\infty, 30, \infty, 6) (3, 0, 8, 17, 16, 37, 27, 24, 32, 41, 40, 13) (47, 34, 12, 45, 11) (23, 10, 36, 21, 35) (5, 1, 7, 18, 43, 15, 44, 14, 46, 29, 25, 31, 42, 19, 39, 20, 38, 22) (4, 2, 9) (28, 26, 33) "
"OP(6,12,18,4,4,3,3)",0,Solved,"0,0470"," (4t+2)","0,0527","(\infty, 29, 3, \infty, 27, 5) (44, 14, 0, 37, 28, 23, 20, 38, 24, 13, 4, 47) (19, 11, 17, 46, 39, 16, 33, 34, 7, 43, 35, 41, 22, 15, 40, 9, 10, 31) (30, 26, 42, 32) (6, 2, 18, 8) (36, 1, 21) (12, 25, 45) "
"OP(4,12,4,4,4,4,18)",0,Solved,"0,0470"," (4t+2)","0,0506","(\infty, 4, \infty, 28) (6, 17, 16, 39, 22, 43, 30, 41, 40, 15, 46, 19) (5, 9, 0, 2) (29, 33, 24, 26) (3, 8, 18, 10) (27, 32, 42, 34) (36, 21, 37, 23, 35, 7, 1, 20, 38, 12, 45, 13, 47, 11, 31, 25, 44, 14) "
"OP(4,12,4,18,3,3,3,3)",0,Solved,"0,0620"," (4t+2)","0,0653","(\infty, 3, \infty, 27) (1, 21, 9, 47, 16, 14, 25, 45, 33, 23, 40, 38) (11, 8, 35, 32) (42, 13, 17, 4, 22, 0, 15, 7, 2, 18, 37, 41, 28, 46, 24, 39, 31, 26) (6, 5, 12) (30, 29, 36) (19, 10, 44) (43, 34, 20) "
"OP(18,12,12,8)",0,Solved,"0,0440"," (4t+2)","0,0487","(\infty, 22, 11, 23, 42, 15, 43, 12, 38, \infty, 14, 36, 19, 39, 18, 47, 35, 46) (34, 20, 33, 17, 8, 1, 2, 7, 13, 21, 6, 16) (10, 44, 9, 41, 32, 25, 26, 31, 37, 45, 30, 40) (4, 0, 3, 5, 28, 24, 27, 29) "
"OP(4,12,12,4,18)",0,Solved,"0,0650"," (4t+2)","0,0697","(\infty, 4, \infty, 28) (5, 6, 2, 36, 17, 14, 8, 3, 10, 19, 40, 7) (29, 30, 26, 12, 41, 38, 32, 27, 34, 43, 16, 31) (0, 11, 24, 35) (46, 18, 44, 13, 1, 9, 47, 15, 45, 22, 42, 20, 37, 25, 33, 23, 39, 21) "
"OP(18,12,12,4,4)",0,Solved,"0,0480"," (4t+2)","0,0526","(\infty, \infty, 23, 8, 38, 18, 45, 19, 44, 13, 37, 20, 43, 21, 42, 14, 32, 47) (16, 35, 22, 12, 6, 1, 2, 10, 17, 31, 15, 4) (40, 11, 46, 36, 30, 25, 26, 34, 41, 7, 39, 28) (9, 0, 3, 5) (33, 24, 27, 29) "
"OP(10,11,11,18)",0,Solved,"0,0450"," (4t+2)","0,0487","(\infty, 13, 38, 23, 3, \infty, 27, 47, 14, 37) (4, 7, 19, 36, 46, 20, 39, 18, 10, 1, 2) (28, 31, 43, 12, 22, 44, 15, 42, 34, 25, 26) (11, 45, 32, 16, 9, 5, 0, 6, 17, 35, 21, 8, 40, 33, 29, 24, 30, 41) "
"OP(4,11,11,6,18)",0,Solved,"0,0570"," (4t+2)","0,0621","(\infty, \infty, 23, 47) (43, 13, 5, 3, 9, 18, 7, 4, 0, 15, 16) (19, 37, 29, 27, 33, 42, 31, 28, 24, 39, 40) (6, 1, 8, 30, 25, 32) (10, 44, 12, 2, 14, 45, 17, 46, 11, 34, 20, 36, 26, 38, 21, 41, 22, 35) "
"OP(6,11,11,18,4)",0,Solved,"0,0560"," (4t+2)","0,0608","(\infty, 6, 22, \infty, 46, 30) (17, 34, 47, 19, 12, 7, 4, 0, 2, 3, 9) (41, 10, 23, 43, 36, 31, 28, 24, 26, 27, 33) (14, 32, 18, 39, 16, 45, 35, 13, 1, 38, 8, 42, 15, 40, 21, 11, 37, 25) (20, 5, 44, 29) "
"OP(4,11,11,18,3,3)",0,Solved,"0,0490"," (4t+2)","0,0535","(\infty, 17, \infty, 41) (14, 4, 15, 32, 9, 35, 20, 36, 22, 42, 23) (38, 28, 39, 8, 33, 11, 44, 12, 46, 18, 47) (7, 1, 2, 6, 13, 21, 34, 16, 43, 31, 25, 26, 30, 37, 45, 10, 40, 19) (0, 5, 3) (24, 29, 27) "
"OP(18,12,10,10)",0,Solved,"0,0500"," (4t+2)","0,0543","(\infty, 12, 3, 8, 21, 39, 19, 46, 20, \infty, 44, 22, 43, 15, 45, 32, 27, 36) (41, 18, 33, 14, 11, 1, 17, 42, 9, 38, 35, 25) (2, 13, 47, 16, 4, 5, 7, 0, 6, 10) (26, 37, 23, 40, 28, 29, 31, 24, 30, 34) "
"OP(4,12,10,6,18)",0,Solved,"0,0580"," (4t+2)","0,0640","(\infty, 3, \infty, 27) (4, 5, 7, 10, 39, 11, 28, 29, 31, 34, 15, 35) (9, 1, 14, 26, 40, 33, 25, 38, 2, 16) (8, 13, 23, 32, 37, 47) (46, 20, 36, 21, 17, 6, 0, 18, 43, 22, 44, 12, 45, 41, 30, 24, 42, 19) "
"OP(18,12,10,6,4)",0,Solved,"0,0600"," (4t+2)","0,0647","(\infty, 21, 36, 11, 46, 20, 40, 23, 41, \infty, 17, 47, 16, 44, 22, 35, 12, 45) (0, 4, 7, 8, 19, 38, 24, 28, 31, 32, 43, 14) (39, 18, 9, 3, 5, 15, 42, 33, 27, 29) (13, 6, 1, 37, 30, 25) (2, 10, 26, 34) "
"OP(18,12,10,5,5)",0,Solved,"0,0610"," (4t+2)","0,0645","(\infty, 37, 8, 40, 23, 44, 22, 7, 19, \infty, 43, 31, 46, 20, 47, 16, 32, 13) (42, 17, 10, 2, 3, 5, 18, 41, 34, 26, 27, 29) (1, 12, 21, 39, 11, 25, 36, 45, 15, 35) (4, 14, 9, 6, 0) (28, 38, 33, 30, 24) "
"OP(18,12,10,4,3,3)",0,Solved,"0,0640"," (4t+2)","0,0681","(\infty, 5, 10, 18, 7, 16, 33, 46, 19, \infty, 43, 22, 9, 40, 31, 42, 34, 29) (4, 0, 2, 3, 6, 12, 28, 24, 26, 27, 30, 36) (13, 39, 14, 47, 17, 37, 15, 38, 23, 41) (35, 21, 11, 45) (1, 20, 8) (25, 44, 32) "
"OP(4,12,8,8,18)",0,Solved,"0,0470"," (4t+2)","0,0518","(\infty, \infty, 23, 47) (39, 13, 3, 38, 11, 44, 15, 37, 27, 14, 35, 20) (4, 7, 19, 36, 18, 10, 1, 2) (28, 31, 43, 12, 42, 34, 25, 26) (21, 46, 32, 16, 9, 5, 0, 6, 17, 45, 22, 8, 40, 33, 29, 24, 30, 41) "
"OP(8,12,8,18,4)",0,Solved,"0,2050"," (4t+2)","0,2096","(\infty, \infty, 23, 37, 21, 45, 13, 47) (2, 6, 11, 10, 17, 36, 26, 30, 35, 34, 41, 12) (20, 8, 0, 9, 44, 32, 24, 33) (4, 1, 7, 18, 38, 15, 46, 16, 43, 28, 25, 31, 42, 14, 39, 22, 40, 19) (3, 5, 27, 29) "
"OP(6,12,8,6,18)",0,Solved,"0,0470"," (4t+2)","0,0519","(\infty, 2, 4, \infty, 28, 26) (5, 9, 17, 34, 46, 16, 29, 33, 41, 10, 22, 40) (27, 12, 7, 6, 3, 36, 31, 30) (18, 43, 21, 42, 19, 45) (15, 47, 37, 0, 14, 8, 1, 20, 11, 39, 23, 13, 24, 38, 32, 25, 44, 35) "
"OP(6,12,8,18,3,3)",0,Solved,"0,1630"," (4t+2)","0,1668","(\infty, 15, 37, \infty, 13, 39) (19, 0, 4, 10, 18, 36, 43, 24, 28, 34, 42, 12) (32, 16, 33, 21, 8, 40, 9, 45) (22, 2, 7, 41, 20, 11, 1, 38, 23, 46, 26, 31, 17, 44, 35, 25, 14, 47) (5, 3, 6) (29, 27, 30) "
"OP(4,12,8,4,4,18)",0,Solved,"0,0370"," (4t+2)","0,0416","(\infty, 21, \infty, 45) (47, 13, 5, 3, 9, 10, 23, 37, 29, 27, 33, 34) (7, 4, 0, 15, 31, 28, 24, 39) (17, 6, 1, 8) (41, 30, 25, 32) (18, 35, 12, 2, 14, 43, 22, 40, 20, 42, 11, 36, 26, 38, 19, 46, 16, 44) "
"OP(18,12,8,8,4)",0,Solved,"0,0640"," (4t+2)","0,0680","(\infty, 7, 19, 38, 18, 39, 22, 40, 17, \infty, 41, 16, 46, 15, 42, 14, 43, 31) (4, 0, 2, 3, 6, 12, 28, 24, 26, 27, 30, 36) (8, 13, 23, 10, 21, 35, 9, 1) (32, 37, 47, 34, 45, 11, 33, 25) (20, 5, 44, 29) "
"OP(6,12,7,7,18)",0,Solved,"0,0750"," (4t+2)","0,0793","(\infty, 3, 41, \infty, 17, 27) (0, 6, 10, 15, 16, 37, 24, 30, 34, 39, 40, 13) (42, 23, 11, 2, 9, 1, 12) (18, 47, 35, 26, 33, 25, 36) (7, 5, 8, 28, 43, 20, 46, 14, 45, 31, 29, 32, 4, 19, 44, 22, 38, 21) "
"OP(18,12,8,6,6)",0,Solved,"0,0530"," (4t+2)","0,0572","(\infty, 1, 4, 10, 3, 2, 0, 5, 9, \infty, 33, 29, 24, 26, 27, 34, 28, 25) (32, 18, 7, 19, 39, 21, 8, 42, 31, 43, 15, 45) (14, 6, 16, 47, 38, 30, 40, 23) (20, 41, 22, 37, 11, 36) (44, 17, 46, 13, 35, 12) "
"OP(18,12,8,6,3,3)",0,Solved,"0,0470"," (4t+2)","0,0518","(\infty, 14, 3, 13, 16, 36, 21, 47, 20, \infty, 44, 23, 45, 12, 40, 37, 27, 38) (39, 22, 35, 17, 10, 1, 15, 46, 11, 41, 34, 25) (2, 7, 19, 42, 26, 31, 43, 18) (4, 5, 9, 28, 29, 33) (0, 8, 6) (24, 32, 30) "
"OP(4,12,8,4,4,18)",0,Solved,"0,0380"," (4t+2)","0,0415","(\infty, 21, \infty, 45) (47, 13, 5, 3, 9, 10, 23, 37, 29, 27, 33, 34) (7, 4, 0, 15, 31, 28, 24, 39) (17, 6, 1, 8) (41, 30, 25, 32) (18, 35, 12, 2, 14, 43, 22, 40, 20, 42, 11, 36, 26, 38, 19, 46, 16, 44) "
"OP(18,12,8,4,4,4)",0,Solved,"0,2110"," (4t+2)","0,2155","(\infty, 8, 9, 1, 6, 34, 3, 17, 20, \infty, 44, 41, 27, 10, 30, 25, 33, 32) (40, 36, 7, 18, 0, 39, 16, 12, 31, 42, 24, 15) (43, 11, 5, 46, 19, 35, 29, 22) (37, 2, 14, 4) (13, 26, 38, 28) (21, 47, 45, 23) "
"OP(18,12,8,3,3,3,3)",0,Solved,"0,0470"," (4t+2)","0,0513","(\infty, 11, 3, 16, 32, 15, 44, 21, 43, \infty, 19, 45, 20, 39, 8, 40, 27, 35) (46, 13, 47, 17, 12, 1, 22, 37, 23, 41, 36, 25) (2, 9, 18, 38, 26, 33, 42, 14) (4, 5, 7) (28, 29, 31) (0, 10, 6) (24, 34, 30) "
"OP(18,12,7,7,6)",0,Solved,"0,0460"," (4t+2)","0,0515","(\infty, 11, 3, 10, 21, 42, 20, 43, 15, \infty, 39, 19, 44, 18, 45, 34, 27, 35) (38, 22, 40, 23, 13, 1, 14, 46, 16, 47, 37, 25) (2, 36, 17, 8, 4, 5, 7) (26, 12, 41, 32, 28, 29, 31) (0, 6, 9, 24, 30, 33) "
"OP(18,12,7,7,3,3)",0,Solved,"0,0480"," (4t+2)","0,0526","(\infty, 14, 3, 13, 45, 17, 36, 11, 44, \infty, 20, 35, 12, 41, 21, 37, 27, 38) (39, 18, 40, 23, 10, 1, 15, 42, 16, 47, 34, 25) (2, 7, 19, 22, 4, 5, 9) (26, 31, 43, 46, 28, 29, 33) (0, 8, 6) (24, 32, 30) "
"OP(4,12,6,6,4,18)",0,Solved,"0,0450"," (4t+2)","0,0495","(\infty, 16, \infty, 40) (45, 14, 5, 3, 6, 11, 21, 38, 29, 27, 30, 35) (15, 4, 0, 12, 13, 42) (39, 28, 24, 36, 37, 18) (1, 7, 25, 31) (8, 41, 9, 2, 10, 23, 43, 20, 46, 32, 17, 33, 26, 34, 47, 19, 44, 22) "
"OP(4,12,6,5,5,18)",0,Solved,"0,0490"," (4t+2)","0,0527","(\infty, 20, \infty, 44) (46, 13, 5, 3, 9, 10, 22, 37, 29, 27, 33, 34) (7, 4, 0, 31, 28, 24) (38, 17, 6, 1, 8) (14, 41, 30, 25, 32) (16, 45, 11, 2, 12, 47, 15, 43, 18, 40, 21, 35, 26, 36, 23, 39, 19, 42) "
"OP(6,12,6,18,4,4)",0,Solved,"0,0600"," (4t+2)","0,0636","(\infty, 3, 5, \infty, 29, 27) (6, 14, 34, 20, 42, 17, 30, 38, 10, 44, 18, 41) (1, 7, 26, 25, 31, 2) (11, 8, 13, 23, 39, 21, 36, 19, 46, 35, 32, 37, 47, 15, 45, 12, 43, 22) (4, 0, 9, 16) (28, 24, 33, 40) "
"OP(4,12,6,4,18,3,3)",0,Solved,"0,0470"," (4t+2)","0,0514","(\infty, 5, \infty, 29) (8, 13, 10, 17, 9, 18, 32, 37, 34, 41, 33, 42) (6, 4, 0, 30, 28, 24) (2, 3, 26, 27) (12, 45, 14, 40, 19, 39, 23, 35, 46, 36, 21, 38, 16, 43, 15, 47, 11, 22) (1, 20, 7) (25, 44, 31) "
"OP(4,12,5,5,6,18)",0,Solved,"0,0460"," (4t+2)","0,0511","(\infty, 4, \infty, 28) (5, 12, 17, 8, 16, 42, 29, 36, 41, 32, 40, 18) (6, 10, 0, 2, 3) (30, 34, 24, 26, 27) (9, 43, 22, 33, 19, 46) (45, 15, 38, 23, 35, 7, 1, 20, 37, 21, 39, 14, 47, 11, 31, 25, 44, 13) "
"OP(18,12,6,6,4,4)",0,Solved,"0,0560"," (4t+2)","0,0603","(\infty, 40, 0, 38, 35, 39, 44, 31, 4, \infty, 28, 7, 20, 15, 11, 14, 24, 16) (46, 45, 36, 6, 47, 41, 22, 21, 12, 30, 23, 17) (9, 34, 32, 43, 26, 42) (33, 10, 8, 19, 2, 18) (37, 1, 29, 3) (13, 25, 5, 27) "
"OP(18,12,6,5,5,4)",0,Solved,"0,0470"," (4t+2)","0,0504","(\infty, 8, 9, 20, 39, 17, 45, 22, 36, \infty, 12, 46, 21, 41, 15, 44, 33, 32) (0, 18, 2, 6, 16, 37, 24, 42, 26, 30, 40, 13) (10, 5, 3, 34, 29, 27) (1, 4, 11, 19, 7) (25, 28, 35, 43, 31) (14, 23, 38, 47) "
"OP(4,12,5,5,18,3,3)",0,Solved,"0,0800"," (4t+2)","0,0838","(\infty, 30, \infty, 6) (3, 0, 8, 17, 16, 37, 27, 24, 32, 41, 40, 13) (47, 34, 12, 45, 11) (23, 10, 36, 21, 35) (5, 1, 7, 18, 43, 15, 44, 14, 46, 29, 25, 31, 42, 19, 39, 20, 38, 22) (4, 2, 9) (28, 26, 33) "
"OP(18,12,6,4,4,3,3)",0,Solved,"0,0630"," (4t+2)","0,0690","(\infty, 22, 3, 7, 2, 12, 42, 10, 4, \infty, 28, 34, 18, 36, 26, 31, 27, 46) (5, 8, 21, 19, 44, 17, 29, 32, 45, 43, 20, 41) (35, 15, 0, 11, 39, 24) (40, 9, 23, 1) (16, 33, 47, 25) (6, 13, 14) (30, 37, 38) "
"OP(18,12,5,5,5,5)",0,Solved,"0,0620"," (4t+2)","0,0665","(\infty, 37, 14, 34, 18, 7, 17, 32, 19, \infty, 43, 8, 41, 31, 42, 10, 38, 13) (40, 21, 12, 5, 1, 4, 16, 45, 36, 29, 25, 28) (2, 0, 6, 11, 3) (26, 24, 30, 35, 27) (22, 39, 9, 23, 44) (46, 15, 33, 47, 20) "
"OP(18,12,5,5,4,3,3)",0,Solved,"0,0570"," (4t+2)","0,0615","(\infty, 34, 1, 20, 30, 12, 40, 17, 24, \infty, 0, 41, 16, 36, 6, 44, 25, 10) (38, 46, 15, 29, 27, 11, 14, 22, 39, 5, 3, 35) (33, 42, 43, 31, 37) (9, 18, 19, 7, 13) (45, 32, 21, 8) (47, 4, 26) (23, 28, 2) "
"OP(4,12,4,4,4,4,18)",0,Solved,"0,0470"," (4t+2)","0,0534","(\infty, 4, \infty, 28) (6, 17, 16, 39, 22, 43, 30, 41, 40, 15, 46, 19) (5, 9, 0, 2) (29, 33, 24, 26) (3, 8, 18, 10) (27, 32, 42, 34) (36, 21, 37, 23, 35, 7, 1, 20, 38, 12, 45, 13, 47, 11, 31, 25, 44, 14) "
"OP(4,12,4,18,3,3,3,3)",0,Solved,"0,0650"," (4t+2)","0,0690","(\infty, 3, \infty, 27) (1, 21, 9, 47, 16, 14, 25, 45, 33, 23, 40, 38) (11, 8, 35, 32) (42, 13, 17, 4, 22, 0, 15, 7, 2, 18, 37, 41, 28, 46, 24, 39, 31, 26) (6, 5, 12) (30, 29, 36) (19, 10, 44) (43, 34, 20) "
"OP(18,12,4,4,4,4,4)",0,Solved,"0,1790"," (4t+2)","0,1829","(\infty, 20, 8, 45, 3, 0, 47, 30, 38, \infty, 14, 6, 23, 24, 27, 21, 32, 44) (43, 34, 7, 36, 16, 41, 19, 10, 31, 12, 40, 17) (5, 9, 42, 37) (29, 33, 18, 13) (28, 46, 39, 26) (4, 22, 15, 2) (35, 25, 11, 1) "
"OP(18,12,4,4,3,3,3,3)",0,Solved,"0,0540"," (4t+2)","0,0579","(\infty, \infty, 23, 40, 20, 42, 21, 34, 15, 3, 27, 39, 10, 45, 18, 44, 16, 47) (4, 14, 19, 35, 12, 46, 28, 38, 43, 11, 36, 22) (7, 1, 9, 0) (31, 25, 33, 24) (8, 6, 5) (32, 30, 29) (13, 2, 17) (37, 26, 41) "
"OP(18,11,11,10)",0,Solved,"0,0490"," (4t+2)","0,0537","(\infty, 37, 20, 12, 7, 4, 0, 1, 3, \infty, 27, 25, 24, 28, 31, 36, 44, 13) (47, 34, 16, 5, 14, 33, 19, 41, 18, 45, 35) (23, 10, 40, 29, 38, 9, 43, 17, 42, 21, 11) (2, 8, 15, 30, 46, 26, 32, 39, 6, 22) "
"OP(4,11,11,6,18)",0,Solved,"0,0580"," (4t+2)","0,0626","(\infty, \infty, 23, 47) (43, 13, 5, 3, 9, 18, 7, 4, 0, 15, 16) (19, 37, 29, 27, 33, 42, 31, 28, 24, 39, 40) (6, 1, 8, 30, 25, 32) (10, 44, 12, 2, 14, 45, 17, 46, 11, 34, 20, 36, 26, 38, 21, 41, 22, 35) "
"OP(18,11,11,6,4)",0,Solved,"0,0450"," (4t+2)","0,0506","(\infty, 10, 45, 13, 42, 16, 46, 15, 38, \infty, 14, 39, 22, 40, 18, 37, 21, 34) (4, 0, 2, 3, 6, 12, 23, 43, 31, 17, 9) (28, 24, 26, 27, 30, 36, 47, 19, 7, 41, 33) (35, 8, 1, 11, 32, 25) (20, 5, 44, 29) "
"OP(18,11,11,5,5)",0,Solved,"0,0450"," (4t+2)","0,0489","(\infty, 5, 16, 44, 13, 43, 10, 35, 21, \infty, 45, 11, 34, 19, 37, 20, 40, 29) (0, 3, 15, 36, 23, 42, 4, 2, 46, 6, 1) (24, 27, 39, 12, 47, 18, 28, 26, 22, 30, 25) (7, 14, 8, 17, 33) (31, 38, 32, 41, 9) "
"OP(18,11,11,4,3,3)",0,Solved,"0,0730"," (4t+2)","0,0787","(\infty, 5, 4, 33, 21, 7, 1, 8, 47, \infty, 23, 32, 25, 31, 45, 9, 28, 29) (40, 13, 15, 12, 38, 0, 43, 18, 22, 2, 10) (16, 37, 39, 36, 14, 24, 19, 42, 46, 26, 34) (41, 30, 17, 6) (20, 3, 35) (44, 27, 11) "
"OP(4,10,10,8,18)",0,Solved,"0,0510"," (4t+2)","0,0547","(\infty, 1, \infty, 25) (4, 3, 6, 2, 0, 5, 13, 31, 17, 10) (28, 27, 30, 26, 24, 29, 37, 7, 41, 34) (23, 35, 18, 8, 47, 11, 42, 32) (22, 9, 20, 36, 21, 40, 14, 39, 19, 46, 33, 44, 12, 45, 16, 38, 15, 43) "
"OP(8,10,10,18,4)",0,Solved,"0,0550"," (4t+2)","0,0589","(\infty, 6, 16, 32, \infty, 8, 40, 30) (17, 38, 19, 12, 7, 4, 0, 2, 3, 9) (41, 14, 43, 36, 31, 28, 24, 26, 27, 33) (39, 21, 10, 23, 46, 18, 35, 13, 1, 15, 45, 34, 47, 22, 42, 11, 37, 25) (20, 5, 44, 29) "
"OP(6,10,10,6,18)",0,Solved,"0,0930"," (4t+2)","0,0965","(\infty, 18, 6, \infty, 30, 42) (4, 0, 15, 9, 2, 3, 5, 8, 13, 21) (28, 24, 39, 33, 26, 27, 29, 32, 37, 45) (1, 10, 35, 25, 34, 11) (31, 17, 43, 14, 46, 16, 36, 47, 20, 7, 41, 19, 38, 22, 40, 12, 23, 44) "
"OP(6,10,10,18,3,3)",0,Solved,"0,0480"," (4t+2)","0,0519","(\infty, 16, 46, \infty, 22, 40) (4, 14, 23, 9, 35, 20, 41, 12, 32, 15) (28, 38, 47, 33, 11, 44, 17, 36, 8, 39) (7, 1, 2, 6, 13, 21, 34, 18, 43, 31, 25, 26, 30, 37, 45, 10, 42, 19) (0, 5, 3) (24, 29, 27) "
"OP(4,10,10,4,4,18)",0,Solved,"0,0430"," (4t+2)","0,0475","(\infty, 19, \infty, 43) (3, 13, 34, 21, 46, 15, 35, 20, 36, 14) (27, 37, 10, 45, 22, 39, 11, 44, 12, 38) (4, 7, 1, 2) (28, 31, 25, 26) (23, 42, 30, 16, 9, 5, 0, 8, 17, 47, 18, 6, 40, 33, 29, 24, 32, 41) "
"OP(4,10,9,9,18)",0,Solved,"0,0480"," (4t+2)","0,0528","(\infty, 11, \infty, 35) (20, 37, 3, 38, 15, 44, 13, 27, 14, 39) (4, 7, 19, 46, 36, 18, 10, 1, 2) (28, 31, 43, 22, 12, 42, 34, 25, 26) (21, 47, 32, 16, 9, 5, 0, 6, 17, 45, 23, 8, 40, 33, 29, 24, 30, 41) "
"OP(10,10,18,8,4)",0,Solved,"0,1090"," (4t+2)","0,1128","(\infty, 21, 0, 1, 11, \infty, 35, 25, 24, 45) (12, 10, 2, 15, 6, 36, 34, 26, 39, 30) (8, 41, 16, 19, 7, 13, 42, 20, 4, 32, 17, 40, 43, 31, 37, 18, 44, 28) (47, 3, 14, 9, 23, 27, 38, 33) (5, 22, 29, 46) "
"OP(18,11,9,7,5)",,Infeasible,,Table config is not valid,,
"OP(10,10,18,6,6)",0,Solved,"0,0470"," (4t+2)","0,0508","(\infty, 27, 7, 23, 21, \infty, 45, 47, 31, 3) (41, 42, 32, 10, 28, 17, 18, 8, 34, 4) (2, 38, 33, 0, 44, 30, 11, 19, 13, 26, 14, 9, 24, 20, 6, 35, 43, 37) (1, 22, 5, 12, 15, 40) (25, 46, 29, 36, 39, 16) "
"OP(10,10,18,6,3,3)",0,Solved,"0,3210"," (4t+2)","0,3245","(\infty, 34, 14, 6, 44, \infty, 20, 30, 38, 10) (3, 5, 37, 22, 39, 27, 29, 13, 46, 15) (4, 1, 8, 9, 43, 18, 36, 23, 17, 28, 25, 32, 33, 19, 42, 12, 47, 41) (26, 0, 21, 2, 24, 45) (40, 35, 31) (16, 11, 7) "
"OP(18,11,9,5,4,3)",,Infeasible,,Table config is not valid,,
"OP(10,10,18,4,4,4)",0,Solved,"0,0660"," (4t+2)","0,0705","(\infty, \infty, 23, 39, 41, 35, 11, 17, 15, 47) (19, 6, 28, 29, 34, 43, 30, 4, 5, 10) (31, 20, 13, 36, 0, 45, 14, 32, 3, 7, 44, 37, 12, 24, 21, 38, 8, 27) (42, 22, 1, 9) (18, 46, 25, 33) (26, 16, 2, 40) "
"OP(10,10,18,3,3,3,3)",0,Solved,"0,1050"," (4t+2)","0,1093","(\infty, 41, 20, 19, 3, \infty, 27, 43, 44, 17) (5, 7, 21, 9, 14, 29, 31, 45, 33, 38) (2, 13, 0, 6, 15, 40, 23, 42, 22, 26, 37, 24, 30, 39, 16, 47, 18, 46) (12, 34, 4) (36, 10, 28) (8, 11, 1) (32, 35, 25) "
"OP(6,10,8,8,18)",0,Solved,"0,0480"," (4t+2)","0,0518","(\infty, 8, 30, \infty, 6, 32) (9, 1, 24, 4, 42, 33, 25, 0, 28, 18) (2, 39, 37, 44, 12, 17, 35, 14) (26, 15, 13, 20, 36, 41, 11, 38) (27, 31, 45, 16, 29, 23, 22, 19, 34, 3, 7, 21, 40, 5, 47, 46, 43, 10) "
"OP(8,10,8,18,6)",0,Solved,"0,1280"," (4t+2)","0,1319","(\infty, 21, 37, 15, \infty, 39, 13, 45) (46, 18, 10, 7, 11, 22, 42, 34, 31, 35) (3, 28, 47, 6, 27, 4, 23, 30) (2, 32, 17, 19, 29, 20, 14, 9, 40, 26, 8, 41, 43, 5, 44, 38, 33, 16) (0, 1, 36, 24, 25, 12) "
"OP(8,10,8,18,3,3)",0,Solved,"0,1010"," (4t+2)","0,1059","(\infty, 46, 26, 16, \infty, 40, 2, 22) (6, 37, 33, 4, 29, 30, 13, 9, 28, 5) (0, 34, 12, 45, 24, 10, 36, 21) (25, 43, 41, 44, 35, 3, 39, 32, 38, 1, 19, 17, 20, 11, 27, 15, 8, 14) (42, 47, 7) (18, 23, 31) "
"OP(4,10,8,6,4,18)",0,Solved,"0,0770"," (4t+2)","0,0811","(\infty, 35, \infty, 11) (0, 1, 3, 6, 14, 24, 25, 27, 30, 38) (4, 13, 7, 21, 28, 37, 31, 45) (5, 10, 40, 29, 34, 16) (46, 2, 22, 26) (20, 33, 12, 43, 18, 47, 15, 41, 8, 44, 9, 36, 19, 42, 23, 39, 17, 32) "
"OP(4,10,8,5,5,18)",0,Solved,"0,0820"," (4t+2)","0,0879","(\infty, 30, \infty, 6) (3, 0, 8, 19, 39, 27, 24, 32, 43, 15) (14, 46, 45, 12, 38, 22, 21, 36) (20, 10, 5, 1, 7) (44, 34, 29, 25, 31) (47, 17, 42, 11, 40, 13, 4, 2, 9, 23, 41, 18, 35, 16, 37, 28, 26, 33) "
"OP(6,10,8,18,4,4)",0,Solved,"0,2850"," (4t+2)","0,2884","(\infty, 33, 1, \infty, 25, 9) (35, 39, 21, 14, 5, 11, 15, 45, 38, 29) (30, 22, 0, 20, 6, 46, 24, 44) (34, 3, 4, 40, 43, 18, 7, 17, 12, 10, 27, 28, 16, 19, 42, 31, 41, 36) (47, 32, 13, 26) (23, 8, 37, 2) "
"OP(4,10,8,4,18,3,3)",0,Solved,"0,1370"," (4t+2)","0,1408","(\infty, 2, \infty, 26) (37, 3, 4, 6, 9, 13, 27, 28, 30, 33) (11, 21, 42, 22, 35, 45, 18, 46) (8, 1, 32, 25) (41, 19, 38, 20, 12, 0, 15, 31, 40, 17, 43, 14, 44, 36, 24, 39, 7, 16) (5, 47, 10) (29, 23, 34) "
"OP(8,10,18,7,7)",0,Solved,"0,0480"," (4t+2)","0,0525","(\infty, 19, 42, 15, \infty, 39, 18, 43) (10, 23, 11, 44, 16, 34, 47, 35, 20, 40) (21, 38, 22, 13, 8, 1, 2, 12, 31, 45, 14, 46, 37, 32, 25, 26, 36, 7) (9, 17, 28, 6, 0, 3, 5) (33, 41, 4, 30, 24, 27, 29) "
"OP(4,10,7,7,4,18)",0,Solved,"0,0490"," (4t+2)","0,0527","(\infty, 20, \infty, 44) (42, 10, 5, 3, 6, 18, 34, 29, 27, 30) (39, 12, 4, 0, 13, 23, 8) (15, 36, 28, 24, 37, 47, 32) (1, 7, 25, 31) (14, 43, 9, 2, 11, 22, 21, 41, 16, 38, 19, 33, 26, 35, 46, 45, 17, 40) "
"OP(18,11,7,6,5,3)",,Infeasible,,Table config is not valid,,
"OP(8,10,18,6,4,4)",0,Solved,"0,0600"," (4t+2)","0,0649","(\infty, 47, 34, 19, \infty, 43, 10, 23) (33, 11, 0, 12, 41, 9, 35, 24, 36, 17) (22, 42, 21, 44, 14, 4, 7, 16, 15, 46, 18, 45, 20, 38, 28, 31, 40, 39) (13, 5, 3, 37, 29, 27) (6, 2, 8, 1) (30, 26, 32, 25) "
"OP(8,10,18,5,5,4)",0,Solved,"0,2120"," (4t+2)","0,2162","(\infty, 15, 2, 5, \infty, 29, 26, 39) (14, 41, 1, 34, 33, 38, 17, 25, 10, 9) (8, 47, 6, 31, 3, 13, 42, 44, 28, 32, 23, 30, 7, 27, 37, 18, 20, 4) (19, 36, 0, 11, 45) (43, 12, 24, 35, 21) (40, 22, 16, 46) "
"OP(18,11,7,5,3,3,3)",,Infeasible,,Table config is not valid,,
"OP(8,10,18,4,4,3,3)",0,Solved,"0,2220"," (4t+2)","0,2263","(\infty, 8, 9, 38, \infty, 14, 33, 32) (18, 46, 20, 15, 40, 42, 22, 44, 39, 16) (4, 17, 2, 10, 6, 37, 23, 7, 19, 28, 41, 26, 34, 30, 13, 47, 31, 43) (12, 1, 11, 5) (36, 25, 35, 29) (3, 21, 24) (27, 45, 0) "
"OP(4,10,6,6,6,18)",0,Solved,"0,0570"," (4t+2)","0,0601","(\infty, 14, \infty, 38) (44, 19, 12, 15, 4, 20, 43, 36, 39, 28) (22, 0, 21, 16, 17, 3) (46, 24, 45, 40, 41, 27) (42, 6, 8, 18, 30, 32) (35, 2, 33, 37, 29, 23, 10, 1, 31, 11, 26, 9, 13, 5, 47, 34, 25, 7) "
"OP(6,10,6,6,18,4)",0,Solved,"0,0470"," (4t+2)","0,0512","(\infty, 19, 41, \infty, 17, 43) (47, 20, 4, 37, 3, 23, 44, 28, 13, 27) (5, 46, 33, 21, 31, 2) (29, 22, 9, 45, 7, 26) (1, 38, 42, 0, 40, 10, 8, 39, 30, 25, 14, 18, 24, 16, 34, 32, 15, 6) (35, 36, 11, 12) "
"OP(4,10,6,6,18,3,3)",0,Solved,"0,0480"," (4t+2)","0,0521","(\infty, 16, \infty, 40) (14, 4, 15, 32, 10, 38, 28, 39, 8, 34) (9, 43, 11, 23, 36, 18) (33, 19, 35, 47, 12, 42) (7, 1, 2, 6, 13, 21, 44, 17, 46, 31, 25, 26, 30, 37, 45, 20, 41, 22) (0, 5, 3) (24, 29, 27) "
"OP(6,10,6,18,5,5)",0,Solved,"0,1420"," (4t+2)","0,1465","(\infty, 16, 6, \infty, 30, 40) (10, 7, 20, 2, 17, 34, 31, 44, 26, 41) (1, 12, 0, 25, 36, 24) (47, 18, 11, 38, 22, 21, 43, 15, 9, 23, 42, 35, 14, 46, 45, 19, 39, 33) (13, 4, 8, 3, 5) (37, 28, 32, 27, 29) "
"OP(6,10,6,18,4,3,3)",0,Solved,"0,0610"," (4t+2)","0,0648","(\infty, 24, 30, \infty, 6, 0) (2, 13, 45, 16, 14, 26, 37, 21, 40, 38) (3, 11, 12, 27, 35, 36) (39, 19, 32, 1, 5, 46, 7, 33, 10, 15, 43, 8, 25, 29, 22, 31, 9, 34) (42, 4, 18, 28) (17, 47, 20) (41, 23, 44) "
"OP(4,10,6,4,4,4,18)",0,Solved,"0,0820"," (4t+2)","0,0856","(\infty, 35, \infty, 11) (0, 1, 3, 6, 14, 24, 25, 27, 30, 38) (4, 13, 7, 28, 37, 31) (5, 10, 23, 16) (29, 34, 47, 40) (46, 2, 22, 26) (8, 41, 12, 44, 18, 43, 9, 45, 15, 32, 17, 36, 20, 42, 19, 33, 21, 39) "
"OP(4,10,6,18,3,3,3,3)",0,Solved,"0,0430"," (4t+2)","0,0472","(\infty, 41, \infty, 17) (15, 37, 19, 28, 3, 39, 13, 43, 4, 27) (26, 11, 40, 2, 35, 16) (14, 25, 21, 29, 36, 31, 0, 42, 22, 38, 1, 45, 5, 12, 7, 24, 18, 46) (10, 44, 23) (34, 20, 47) (30, 33, 32) (6, 9, 8) "
"OP(6,10,18,5,5,3,3)",0,Solved,"0,0930"," (4t+2)","0,0982","(\infty, 45, 15, \infty, 39, 21) (22, 7, 41, 13, 1, 46, 31, 17, 37, 25) (3, 19, 44, 23, 6, 8, 2, 12, 38, 27, 43, 20, 47, 30, 32, 26, 36, 14) (5, 0, 4, 11, 40) (29, 24, 28, 35, 16) (10, 9, 18) (34, 33, 42) "
"OP(4,10,5,5,4,4,18)",0,Solved,"0,0520"," (4t+2)","0,0559","(\infty, 1, \infty, 25) (2, 4, 0, 5, 23, 26, 28, 24, 29, 47) (3, 9, 8, 19, 12) (27, 33, 32, 43, 36) (31, 17, 38, 16) (7, 41, 14, 40) (18, 10, 20, 39, 11, 46, 21, 37, 6, 42, 34, 44, 15, 35, 22, 45, 13, 30) "
"OP(6,10,18,4,4,4,4)",0,Solved,"0,0760"," (4t+2)","0,0797","(\infty, 12, 38, \infty, 14, 36) (2, 4, 11, 22, 40, 26, 28, 35, 46, 16) (23, 44, 21, 37, 17, 34, 19, 6, 18, 47, 20, 45, 13, 41, 10, 43, 30, 42) (1, 7, 15, 5) (25, 31, 39, 29) (3, 0, 9, 8) (27, 24, 33, 32) "
"OP(6,10,18,4,3,3,3,3)",0,Solved,"0,1610"," (4t+2)","0,1649","(\infty, 18, 44, \infty, 20, 42) (6, 46, 0, 31, 11, 30, 22, 24, 7, 35) (10, 9, 5, 43, 1, 17, 14, 32, 27, 34, 33, 29, 19, 25, 41, 38, 8, 3) (36, 21, 12, 45) (4, 15, 40) (28, 39, 16) (13, 26, 47) (37, 2, 23) "
"OP(4,10,4,4,4,18,3,3)",0,Solved,"0,0960"," (4t+2)","0,1000","(\infty, 21, \infty, 45) (4, 5, 7, 0, 6, 28, 29, 31, 24, 30) (17, 46, 16, 32) (41, 22, 40, 8) (2, 13, 26, 37) (47, 9, 1, 44, 10, 14, 35, 18, 43, 23, 33, 25, 20, 34, 38, 11, 42, 19) (12, 15, 3) (36, 39, 27) "
"OP(4,10,18,3,3,3,3,3,3)",0,Solved,"0,0620"," (4t+2)","0,0674","(\infty, 4, \infty, 28) (5, 6, 2, 15, 13, 29, 30, 26, 39, 37) (14, 8, 3, 10, 20, 41, 11, 0, 12, 38, 32, 27, 34, 44, 17, 35, 24, 36) (7, 21, 40) (31, 45, 16) (18, 1, 9) (42, 25, 33) (19, 22, 47) (43, 46, 23) "
"OP(4,9,9,10,18)",0,Solved,"0,0480"," (4t+2)","0,0513","(\infty, 1, \infty, 25) (2, 3, 9, 5, 39, 18, 37, 21, 12) (26, 27, 33, 29, 15, 42, 13, 45, 36) (10, 7, 0, 11, 46, 34, 31, 24, 35, 22) (47, 4, 6, 14, 32, 17, 43, 20, 40, 23, 28, 30, 38, 8, 41, 19, 44, 16) "
"OP(18,10,10,8,4)",0,Solved,"0,0650"," (4t+2)","0,0686","(\infty, 4, 5, 7, 2, 18, 43, 17, 46, \infty, 22, 41, 19, 42, 26, 31, 29, 28) (3, 12, 47, 13, 6, 0, 10, 14, 45, 15) (27, 36, 23, 37, 30, 24, 34, 38, 21, 39) (16, 1, 9, 20, 40, 25, 33, 44) (8, 11, 32, 35) "
"OP(6,10,10,6,18)",0,Solved,"0,0890"," (4t+2)","0,0932","(\infty, 18, 6, \infty, 30, 42) (4, 0, 15, 9, 2, 3, 5, 8, 13, 21) (28, 24, 39, 33, 26, 27, 29, 32, 37, 45) (1, 10, 35, 25, 34, 11) (31, 17, 43, 14, 46, 16, 36, 47, 20, 7, 41, 19, 38, 22, 40, 12, 23, 44) "
"OP(18,10,10,6,6)",0,Solved,"0,0410"," (4t+2)","0,0450","(\infty, 36, 16, 4, 17, 39, 22, 47, 20, \infty, 44, 23, 46, 15, 41, 28, 40, 12) (37, 18, 34, 19, 8, 1, 2, 11, 21, 7) (13, 42, 10, 43, 32, 25, 26, 35, 45, 31) (9, 14, 6, 0, 3, 5) (33, 38, 30, 24, 27, 29) "
"OP(18,10,10,6,3,3)",0,Solved,"0,0770"," (4t+2)","0,0832","(\infty, 2, 46, 13, 6, 43, 40, 38, 12, \infty, 36, 14, 16, 19, 30, 37, 22, 26) (35, 8, 7, 1, 24, 44, 15, 27, 18, 4) (11, 32, 31, 25, 0, 20, 39, 3, 42, 28) (47, 9, 41, 23, 33, 17) (10, 5, 45) (34, 29, 21) "
"OP(4,10,10,4,4,18)",0,Solved,"0,0450"," (4t+2)","0,0507","(\infty, 19, \infty, 43) (3, 13, 34, 21, 46, 15, 35, 20, 36, 14) (27, 37, 10, 45, 22, 39, 11, 44, 12, 38) (4, 7, 1, 2) (28, 31, 25, 26) (23, 42, 30, 16, 9, 5, 0, 8, 17, 47, 18, 6, 40, 33, 29, 24, 32, 41) "
"OP(18,10,10,4,4,4)",0,Solved,"0,1060"," (4t+2)","0,1100","(\infty, 47, 42, 4, 32, 39, 27, 38, 37, \infty, 13, 14, 3, 15, 8, 28, 18, 23) (34, 25, 44, 40, 9, 24, 2, 36, 6, 31) (10, 1, 20, 16, 33, 0, 26, 12, 30, 7) (35, 41, 43, 22) (11, 17, 19, 46) (5, 45, 29, 21) "
"OP(18,10,10,3,3,3,3)",0,Solved,"0,0630"," (4t+2)","0,0682","(\infty, 5, 15, 38, 18, 40, 7, 37, 23, \infty, 47, 13, 31, 16, 42, 14, 39, 29) (4, 0, 2, 3, 6, 12, 21, 34, 17, 9) (28, 24, 26, 27, 30, 36, 45, 10, 41, 33) (19, 35, 46) (43, 11, 22) (1, 20, 8) (25, 44, 32) "
"OP(18,10,9,9,4)",0,Solved,"0,0510"," (4t+2)","0,0568","(\infty, 2, 3, 5, 8, 12, 1, 7, 14, \infty, 38, 31, 25, 36, 32, 29, 27, 26) (4, 16, 6, 19, 11, 28, 40, 30, 43, 35) (34, 15, 45, 22, 44, 17, 37, 23, 18) (10, 39, 21, 46, 20, 41, 13, 47, 42) (0, 9, 24, 33) "
"OP(6,9,9,8,18)",0,Solved,"0,1280"," (4t+2)","0,1322","(\infty, 17, 45, \infty, 21, 41) (8, 14, 22, 12, 5, 0, 23, 1, 4) (32, 38, 46, 36, 29, 24, 47, 25, 28) (35, 16, 15, 2, 11, 40, 39, 26) (3, 33, 31, 43, 6, 20, 37, 10, 42, 27, 9, 7, 19, 30, 44, 13, 34, 18) "
"OP(8,9,9,18,6)",0,Solved,"0,1520"," (4t+2)","0,1571","(\infty, 19, 41, 31, \infty, 7, 17, 43) (15, 12, 45, 37, 8, 29, 30, 42, 47) (39, 36, 21, 13, 32, 5, 6, 18, 23) (4, 35, 1, 38, 40, 34, 27, 2, 46, 28, 11, 25, 14, 16, 10, 3, 26, 22) (0, 20, 33, 24, 44, 9) "
"OP(8,9,9,18,3,3)",0,Solved,"0,0570"," (4t+2)","0,0601","(\infty, 15, 41, 11, \infty, 35, 17, 39) (10, 16, 2, 14, 22, 9, 0, 5, 7) (34, 40, 26, 38, 46, 33, 24, 29, 31) (44, 19, 47, 18, 45, 30, 13, 3, 4, 20, 43, 23, 42, 21, 6, 37, 27, 28) (1, 12, 8) (25, 36, 32) "
"OP(4,9,9,6,4,18)",0,Solved,"0,0510"," (4t+2)","0,0548","(\infty, 17, \infty, 41) (3, 6, 21, 14, 22, 39, 20, 7, 8) (27, 30, 45, 38, 46, 15, 44, 31, 32) (2, 4, 10, 26, 28, 34) (1, 5, 25, 29) (18, 40, 19, 9, 0, 11, 23, 37, 12, 42, 16, 43, 33, 24, 35, 47, 13, 36) "
"OP(4,9,9,5,5,18)",0,Solved,"0,0490"," (4t+2)","0,0536","(\infty, 19, \infty, 43) (4, 6, 9, 14, 29, 40, 15, 7, 0) (28, 30, 33, 38, 5, 16, 39, 31, 24) (2, 3, 12, 22, 8) (26, 27, 36, 46, 32) (41, 21, 34, 18, 35, 13, 1, 20, 47, 17, 45, 10, 42, 11, 37, 25, 44, 23) "
"OP(6,9,9,18,4,4)",0,Solved,"0,0480"," (4t+2)","0,0540","(\infty, 16, 44, \infty, 20, 40) (31, 14, 4, 15, 42, 23, 45, 13, 43) (7, 38, 28, 39, 18, 47, 21, 37, 19) (12, 6, 1, 2, 10, 17, 32, 46, 11, 36, 30, 25, 26, 34, 41, 8, 22, 35) (9, 0, 3, 5) (33, 24, 27, 29) "
"OP(4,9,9,4,18,3,3)",0,Solved,"0,0510"," (4t+2)","0,0544","(\infty, 31, \infty, 7) (35, 18, 5, 8, 3, 21, 13, 1, 12) (11, 42, 29, 32, 27, 45, 37, 25, 36) (4, 19, 28, 43) (0, 38, 6, 10, 9, 23, 16, 22, 2, 24, 14, 30, 34, 33, 47, 40, 46, 26) (15, 44, 17) (39, 20, 41) "
"OP(18,10,8,8,6)",0,Solved,"0,0530"," (4t+2)","0,0569","(\infty, 1, 4, 10, 3, 2, 0, 5, 9, \infty, 33, 29, 24, 26, 27, 34, 28, 25) (19, 8, 20, 37, 11, 43, 32, 44, 13, 35) (23, 14, 6, 16, 31, 45, 15, 36) (47, 38, 30, 40, 7, 21, 39, 12) (17, 42, 22, 41, 18, 46) "
"OP(18,10,8,8,3,3)",0,Solved,"0,0450"," (4t+2)","0,0500","(\infty, 4, 14, 30, 47, 20, 40, 17, 36, \infty, 12, 41, 16, 44, 23, 6, 38, 28) (37, 22, 10, 21, 39, 13, 46, 34, 45, 15) (1, 2, 9, 18, 32, 19, 11, 7) (25, 26, 33, 42, 8, 43, 35, 31) (0, 5, 3) (24, 29, 27) "
"OP(18,10,8,7,7)",0,Solved,"0,0580"," (4t+2)","0,0618","(\infty, 2, 4, 5, 19, 42, 21, 34, 16, \infty, 40, 10, 45, 18, 43, 29, 28, 26) (27, 37, 17, 11, 6, 3, 13, 41, 35, 30) (38, 23, 15, 46, 14, 47, 39, 22) (9, 0, 12, 8, 1, 20, 31) (33, 24, 36, 32, 25, 44, 7) "
"OP(4,10,7,7,4,18)",0,Solved,"0,0530"," (4t+2)","0,0571","(\infty, 20, \infty, 44) (42, 10, 5, 3, 6, 18, 34, 29, 27, 30) (39, 12, 4, 0, 13, 23, 8) (15, 36, 28, 24, 37, 47, 32) (1, 7, 25, 31) (14, 43, 9, 2, 11, 22, 21, 41, 16, 38, 19, 33, 26, 35, 46, 45, 17, 40) "
"OP(4,10,8,5,5,18)",0,Solved,"0,0850"," (4t+2)","0,0892","(\infty, 30, \infty, 6) (3, 0, 8, 19, 39, 27, 24, 32, 43, 15) (14, 46, 45, 12, 38, 22, 21, 36) (20, 10, 5, 1, 7) (44, 34, 29, 25, 31) (47, 17, 42, 11, 40, 13, 4, 2, 9, 23, 41, 18, 35, 16, 37, 28, 26, 33) "
"OP(18,10,8,6,4,4)",0,Solved,"0,0740"," (4t+2)","0,0782","(\infty, 0, 6, 4, 20, 5, 41, 15, 40, \infty, 16, 39, 17, 29, 44, 28, 30, 24) (9, 8, 3, 42, 13, 33, 32, 27, 18, 37) (12, 1, 19, 46, 36, 25, 43, 22) (2, 10, 23, 26, 34, 47) (7, 11, 45, 14) (31, 35, 21, 38) "
"OP(18,10,8,5,5,4)",0,Solved,"0,3400"," (4t+2)","0,3448","(\infty, 43, 23, 10, 1, 6, 5, 13, 35, \infty, 11, 37, 29, 30, 25, 34, 47, 19) (46, 2, 4, 14, 41, 22, 26, 28, 38, 17) (0, 12, 9, 40, 24, 36, 33, 16) (3, 44, 7, 32, 18) (27, 20, 31, 8, 42) (21, 15, 45, 39) "
"OP(4,10,8,4,18,3,3)",0,Solved,"0,1410"," (4t+2)","0,1450","(\infty, 2, \infty, 26) (37, 3, 4, 6, 9, 13, 27, 28, 30, 33) (11, 21, 42, 22, 35, 45, 18, 46) (8, 1, 32, 25) (41, 19, 38, 20, 12, 0, 15, 31, 40, 17, 43, 14, 44, 36, 24, 39, 7, 16) (5, 47, 10) (29, 23, 34) "
"OP(18,10,8,4,4,3,3)",0,Solved,"0,1590"," (4t+2)","0,1628","(\infty, 42, 20, 35, 14, 5, 1, 7, 2, \infty, 26, 31, 25, 29, 38, 11, 44, 18) (43, 23, 41, 16, 0, 19, 47, 17, 40, 24) (9, 8, 10, 45, 33, 32, 34, 21) (12, 4, 15, 46) (36, 28, 39, 22) (6, 3, 13) (30, 27, 37) "
"OP(4,10,7,7,4,18)",0,Solved,"0,0470"," (4t+2)","0,0511","(\infty, 20, \infty, 44) (42, 10, 5, 3, 6, 18, 34, 29, 27, 30) (39, 12, 4, 0, 13, 23, 8) (15, 36, 28, 24, 37, 47, 32) (1, 7, 25, 31) (14, 43, 9, 2, 11, 22, 21, 41, 16, 38, 19, 33, 26, 35, 46, 45, 17, 40) "
"OP(18,10,7,7,4,4)",0,Solved,"0,0400"," (4t+2)","0,0442","(\infty, 1, 4, 10, 3, 2, 0, 5, 9, \infty, 33, 29, 24, 26, 27, 34, 28, 25) (19, 8, 20, 37, 11, 43, 32, 44, 13, 35) (23, 14, 6, 16, 31, 17, 36) (47, 38, 30, 40, 7, 41, 12) (45, 15, 42, 22) (21, 39, 18, 46) "
"OP(4,10,6,6,6,18)",0,Solved,"0,0540"," (4t+2)","0,0577","(\infty, 14, \infty, 38) (44, 19, 12, 15, 4, 20, 43, 36, 39, 28) (22, 0, 21, 16, 17, 3) (46, 24, 45, 40, 41, 27) (42, 6, 8, 18, 30, 32) (35, 2, 33, 37, 29, 23, 10, 1, 31, 11, 26, 9, 13, 5, 47, 34, 25, 7) "
"OP(6,10,6,6,18,4)",0,Solved,"0,0470"," (4t+2)","0,0518","(\infty, 19, 41, \infty, 17, 43) (47, 20, 4, 37, 3, 23, 44, 28, 13, 27) (5, 46, 33, 21, 31, 2) (29, 22, 9, 45, 7, 26) (1, 38, 42, 0, 40, 10, 8, 39, 30, 25, 14, 18, 24, 16, 34, 32, 15, 6) (35, 36, 11, 12) "
"OP(4,10,6,6,18,3,3)",0,Solved,"0,0500"," (4t+2)","0,0541","(\infty, 16, \infty, 40) (14, 4, 15, 32, 10, 38, 28, 39, 8, 34) (9, 43, 11, 23, 36, 18) (33, 19, 35, 47, 12, 42) (7, 1, 2, 6, 13, 21, 44, 17, 46, 31, 25, 26, 30, 37, 45, 20, 41, 22) (0, 5, 3) (24, 29, 27) "
"OP(6,10,6,18,5,5)",0,Solved,"0,1500"," (4t+2)","0,1542","(\infty, 16, 6, \infty, 30, 40) (10, 7, 20, 2, 17, 34, 31, 44, 26, 41) (1, 12, 0, 25, 36, 24) (47, 18, 11, 38, 22, 21, 43, 15, 9, 23, 42, 35, 14, 46, 45, 19, 39, 33) (13, 4, 8, 3, 5) (37, 28, 32, 27, 29) "
"OP(6,10,6,18,4,3,3)",0,Solved,"0,0600"," (4t+2)","0,0650","(\infty, 24, 30, \infty, 6, 0) (2, 13, 45, 16, 14, 26, 37, 21, 40, 38) (3, 11, 12, 27, 35, 36) (39, 19, 32, 1, 5, 46, 7, 33, 10, 15, 43, 8, 25, 29, 22, 31, 9, 34) (42, 4, 18, 28) (17, 47, 20) (41, 23, 44) "
"OP(4,10,6,4,4,4,18)",0,Solved,"0,0780"," (4t+2)","0,0826","(\infty, 35, \infty, 11) (0, 1, 3, 6, 14, 24, 25, 27, 30, 38) (4, 13, 7, 28, 37, 31) (5, 10, 23, 16) (29, 34, 47, 40) (46, 2, 22, 26) (8, 41, 12, 44, 18, 43, 9, 45, 15, 32, 17, 36, 20, 42, 19, 33, 21, 39) "
"OP(4,10,6,18,3,3,3,3)",0,Solved,"0,0450"," (4t+2)","0,0486","(\infty, 41, \infty, 17) (15, 37, 19, 28, 3, 39, 13, 43, 4, 27) (26, 11, 40, 2, 35, 16) (14, 25, 21, 29, 36, 31, 0, 42, 22, 38, 1, 45, 5, 12, 7, 24, 18, 46) (10, 44, 23) (34, 20, 47) (30, 33, 32) (6, 9, 8) "
"OP(18,10,6,6,6,4)",0,Solved,"0,1700"," (4t+2)","0,1735","(\infty, \infty, 23, 2, 4, 1, 20, 3, 33, 39, 15, 9, 27, 44, 25, 28, 26, 47) (32, 6, 40, 7, 19, 8, 30, 16, 31, 43) (10, 0, 35, 12, 5, 14) (34, 24, 11, 36, 29, 38) (42, 41, 46, 18, 17, 22) (21, 13, 45, 37) "
"OP(18,10,6,6,5,5)",0,Solved,"0,0460"," (4t+2)","0,0503","(\infty, 46, 11, 42, 10, 39, 9, 23, 44, \infty, 20, 47, 33, 15, 34, 18, 35, 22) (3, 0, 5, 13, 36, 27, 24, 29, 37, 12) (1, 21, 14, 8, 4, 2) (25, 45, 38, 32, 28, 26) (6, 17, 43, 31, 16) (30, 41, 19, 7, 40) "
"OP(18,10,6,6,4,3,3)",0,Solved,"0,1080"," (4t+2)","0,1124","(\infty, 17, 23, 37, 12, 22, 7, 39, 11, \infty, 35, 15, 31, 46, 36, 13, 47, 41) (3, 14, 43, 2, 10, 27, 38, 19, 26, 34) (1, 40, 4, 5, 9, 44) (25, 16, 28, 29, 33, 20) (8, 6, 32, 30) (18, 45, 0) (42, 21, 24) "
"OP(18,10,6,5,5,3,3)",0,Solved,"0,0360"," (4t+2)","0,0408","(\infty, 43, 13, 2, 10, 20, 41, 18, 47, \infty, 23, 42, 17, 44, 34, 26, 37, 19) (5, 12, 21, 6, 1, 29, 36, 45, 30, 25) (14, 0, 16, 38, 24, 40) (9, 3, 15, 46, 11) (33, 27, 39, 22, 35) (4, 7, 8) (28, 31, 32) "
"OP(4,10,5,5,4,4,18)",0,Solved,"0,0490"," (4t+2)","0,0527","(\infty, 1, \infty, 25) (2, 4, 0, 5, 23, 26, 28, 24, 29, 47) (3, 9, 8, 19, 12) (27, 33, 32, 43, 36) (31, 17, 38, 16) (7, 41, 14, 40) (18, 10, 20, 39, 11, 46, 21, 37, 6, 42, 34, 44, 15, 35, 22, 45, 13, 30) "
"OP(18,10,6,4,4,4,4)",0,Solved,"0,0490"," (4t+2)","0,0525","(\infty, 10, 9, 13, 20, 14, 1, 6, 26, \infty, 2, 30, 25, 38, 44, 37, 33, 34) (12, 21, 0, 22, 4, 36, 45, 24, 46, 28) (16, 31, 17, 40, 7, 41) (47, 11, 42, 39) (23, 35, 18, 15) (32, 3, 5, 43) (8, 27, 29, 19) "
"OP(18,10,6,4,3,3,3,3)",0,Solved,"0,1640"," (4t+2)","0,1683","(\infty, 46, 39, 0, 27, 10, 43, 35, 30, \infty, 6, 11, 19, 34, 3, 24, 15, 22) (14, 8, 42, 29, 13, 38, 32, 18, 5, 37) (1, 4, 26, 25, 28, 2) (40, 20, 16, 44) (7, 9, 45) (31, 33, 21) (36, 47, 17) (12, 23, 41) "
"OP(4,10,4,4,5,5,18)",0,Solved,"0,0540"," (4t+2)","0,0587","(\infty, \infty, 23, 47) (46, 13, 5, 3, 9, 22, 37, 29, 27, 33) (16, 7, 4, 0) (40, 31, 28, 24) (19, 20, 6, 1, 8) (43, 44, 30, 25, 32) (15, 34, 12, 2, 14, 45, 18, 41, 11, 39, 10, 36, 26, 38, 21, 42, 17, 35) "
"OP(18,10,5,5,4,4,4)",0,Solved,"0,0540"," (4t+2)","0,0580","(\infty, 4, 12, 21, 42, 23, 43, 30, 16, \infty, 40, 6, 19, 47, 18, 45, 36, 28) (27, 37, 14, 9, 5, 3, 13, 38, 33, 29) (46, 31, 15, 41, 10) (22, 7, 39, 17, 34) (0, 11, 8, 1) (24, 35, 32, 25) (20, 2, 44, 26) "
"OP(18,10,5,5,3,3,3,3)",0,Solved,"0,0820"," (4t+2)","0,0870","(\infty, 16, 29, 13, 3, 0, 39, 20, 34, \infty, 10, 44, 15, 24, 27, 37, 5, 40) (45, 17, 42, 12, 43, 21, 41, 18, 36, 19) (46, 6, 2, 4, 9) (22, 30, 26, 28, 33) (8, 1, 7) (32, 25, 31) (35, 14, 47) (11, 38, 23) "
"OP(4,10,4,4,4,18,3,3)",0,Solved,"0,1060"," (4t+2)","0,1101","(\infty, 21, \infty, 45) (4, 5, 7, 0, 6, 28, 29, 31, 24, 30) (17, 46, 16, 32) (41, 22, 40, 8) (2, 13, 26, 37) (47, 9, 1, 44, 10, 14, 35, 18, 43, 23, 33, 25, 20, 34, 38, 11, 42, 19) (12, 15, 3) (36, 39, 27) "
"OP(18,10,4,4,4,4,3,3)",0,Solved,"0,0790"," (4t+2)","0,0832","(\infty, 17, 2, 3, 1, 10, 20, 7, 19, \infty, 43, 31, 44, 34, 25, 27, 26, 41) (9, 36, 18, 47, 13, 33, 12, 42, 23, 37) (45, 4, 8, 5) (21, 28, 32, 29) (14, 40, 15, 46) (38, 16, 39, 22) (6, 11, 0) (30, 35, 24) "
"OP(18,10,4,3,3,3,3,3,3)",0,Solved,"0,3510"," (4t+2)","0,3563","(\infty, 36, 40, 39, 44, 11, 38, 1, 10, \infty, 34, 25, 14, 35, 20, 15, 16, 12) (42, 6, 32, 2, 43, 18, 30, 8, 26, 19) (13, 23, 37, 47) (31, 0, 28) (7, 24, 4) (5, 45, 3) (29, 21, 27) (9, 22, 41) (33, 46, 17) "
"OP(6,8,9,9,18)",0,Solved,"0,0590"," (4t+2)","0,0633","(\infty, 6, 38, \infty, 14, 30) (43, 18, 4, 25, 19, 42, 28, 1) (7, 29, 37, 32, 22, 10, 41, 39, 26) (31, 5, 13, 8, 46, 34, 17, 15, 2) (33, 36, 40, 47, 27, 45, 44, 35, 24, 9, 12, 16, 23, 3, 21, 20, 11, 0) "
"OP(18,9,9,8,6)",0,Solved,"0,0970"," (4t+2)","0,1009","(\infty, 9, 29, 41, 26, 1, 36, 42, 35, \infty, 11, 18, 12, 25, 2, 17, 5, 33) (43, 6, 32, 46, 3, 13, 45, 0, 44) (19, 30, 8, 22, 27, 37, 21, 24, 20) (4, 31, 39, 10, 28, 7, 15, 34) (14, 16, 47, 38, 40, 23) "
"OP(18,9,9,8,3,3)",0,Solved,"0,0420"," (4t+2)","0,0464","(\infty, 4, 14, 30, 12, 47, 16, 37, 22, \infty, 46, 13, 40, 23, 36, 6, 38, 28) (32, 44, 19, 11, 7, 1, 2, 9, 18) (8, 20, 43, 35, 31, 25, 26, 33, 42) (17, 39, 10, 21, 41, 15, 34, 45) (0, 5, 3) (24, 29, 27) "
"OP(18,9,9,7,7)",0,Solved,"0,0470"," (4t+2)","0,0509","(\infty, 43, 11, 23, 10, 44, 14, 42, 21, \infty, 45, 18, 38, 20, 34, 47, 35, 19) (16, 39, 22, 13, 8, 1, 2, 12, 31) (40, 15, 46, 37, 32, 25, 26, 36, 7) (9, 17, 28, 6, 0, 3, 5) (33, 41, 4, 30, 24, 27, 29) "
"OP(4,9,9,6,4,18)",0,Solved,"0,0550"," (4t+2)","0,0596","(\infty, 17, \infty, 41) (3, 6, 21, 14, 22, 39, 20, 7, 8) (27, 30, 45, 38, 46, 15, 44, 31, 32) (2, 4, 10, 26, 28, 34) (1, 5, 25, 29) (18, 40, 19, 9, 0, 11, 23, 37, 12, 42, 16, 43, 33, 24, 35, 47, 13, 36) "
"OP(4,9,9,5,5,18)",0,Solved,"0,0480"," (4t+2)","0,0519","(\infty, 19, \infty, 43) (4, 6, 9, 14, 29, 40, 15, 7, 0) (28, 30, 33, 38, 5, 16, 39, 31, 24) (2, 3, 12, 22, 8) (26, 27, 36, 46, 32) (41, 21, 34, 18, 35, 13, 1, 20, 47, 17, 45, 10, 42, 11, 37, 25, 44, 23) "
"OP(18,9,9,6,4,4)",0,Solved,"0,0480"," (4t+2)","0,0530","(\infty, 35, 8, 23, 42, 14, 45, 13, 43, \infty, 19, 37, 21, 38, 18, 47, 32, 11) (31, 44, 22, 12, 6, 1, 2, 10, 17) (7, 20, 46, 36, 30, 25, 26, 34, 41) (40, 15, 4, 16, 39, 28) (9, 0, 3, 5) (33, 24, 27, 29) "
"OP(18,9,9,5,5,4)",0,Solved,"0,0700"," (4t+2)","0,0736","(\infty, 7, 21, 34, 22, 40, 23, 42, 15, \infty, 39, 18, 47, 16, 46, 10, 45, 31) (4, 0, 2, 3, 6, 12, 17, 37, 14) (28, 24, 26, 27, 30, 36, 41, 13, 38) (8, 19, 35, 9, 1) (32, 43, 11, 33, 25) (20, 5, 44, 29) "
"OP(4,9,9,4,18,3,3)",0,Solved,"0,0540"," (4t+2)","0,0586","(\infty, 31, \infty, 7) (35, 18, 5, 8, 3, 21, 13, 1, 12) (11, 42, 29, 32, 27, 45, 37, 25, 36) (4, 19, 28, 43) (0, 38, 6, 10, 9, 23, 16, 22, 2, 24, 14, 30, 34, 33, 47, 40, 46, 26) (15, 44, 17) (39, 20, 41) "
"OP(18,9,9,4,4,3,3)",0,Solved,"0,0390"," (4t+2)","0,0435","(\infty, 4, 14, 30, 12, 39, 17, 37, 22, \infty, 46, 13, 41, 15, 36, 6, 38, 28) (32, 44, 19, 11, 7, 1, 2, 9, 18) (8, 20, 43, 35, 31, 25, 26, 33, 42) (40, 23, 10, 21) (16, 47, 34, 45) (0, 5, 3) (24, 29, 27) "
"OP(8,8,8,8,18)",0,Solved,"0,0710"," (4t+2)","0,0756","(\infty, 1, 32, 39, \infty, 15, 8, 25) (12, 40, 0, 4, 30, 41, 23, 22) (36, 16, 24, 28, 6, 17, 47, 46) (35, 10, 7, 13, 11, 34, 31, 37) (14, 2, 21, 42, 3, 19, 5, 20, 33, 38, 26, 45, 18, 27, 43, 29, 44, 9) "
"OP(4,8,8,8,4,18)",0,Solved,"0,0570"," (4t+2)","0,0604","(\infty, 6, \infty, 30) (2, 23, 8, 17, 9, 45, 11, 43) (26, 47, 32, 41, 33, 21, 35, 19) (13, 44, 15, 14, 37, 20, 39, 38) (18, 5, 42, 29) (12, 7, 3, 1, 4, 22, 0, 10, 16, 36, 31, 27, 25, 28, 46, 24, 34, 40) "
"OP(18,9,8,7,5,3)",,Infeasible,,Table config is not valid,,
"OP(8,8,8,18,4,4)",0,Solved,"0,1360"," (4t+2)","0,1403","(\infty, 37, 25, 29, \infty, 5, 1, 13) (35, 17, 33, 40, 42, 19, 8, 2) (11, 41, 9, 16, 18, 43, 32, 26) (47, 46, 7, 45, 24, 4, 38, 3, 6, 23, 22, 31, 21, 0, 28, 14, 27, 30) (44, 39, 10, 36) (20, 15, 34, 12) "
"OP(4,8,8,6,6,18)",0,Solved,"0,0520"," (4t+2)","0,0559","(\infty, 14, \infty, 38) (35, 13, 3, 17, 46, 15, 45, 12) (11, 37, 27, 41, 22, 39, 21, 36) (4, 7, 18, 10, 1, 2) (28, 31, 42, 34, 25, 26) (23, 44, 32, 16, 9, 5, 0, 6, 19, 47, 20, 8, 40, 33, 29, 24, 30, 43) "
"OP(6,8,8,6,18,4)",0,Solved,"0,2720"," (4t+2)","0,2763","(\infty, 32, 34, \infty, 10, 8) (20, 3, 16, 11, 39, 0, 4, 46) (44, 27, 40, 35, 15, 24, 28, 22) (13, 23, 12, 37, 47, 36) (14, 29, 41, 25, 43, 42, 2, 31, 45, 38, 5, 17, 1, 19, 18, 26, 7, 21) (33, 30, 9, 6) "
"OP(4,8,8,6,18,3,3)",0,Solved,"0,0780"," (4t+2)","0,0812","(\infty, 17, \infty, 41) (2, 3, 1, 10, 16, 30, 42, 7) (26, 27, 25, 34, 40, 6, 18, 31) (13, 38, 20, 37, 14, 44) (4, 45, 5, 8, 12, 22, 43, 15, 47, 28, 21, 29, 32, 36, 46, 19, 39, 23) (11, 33, 0) (35, 9, 24) "
"OP(6,8,8,18,5,5)",0,Solved,"0,0570"," (4t+2)","0,0611","(\infty, 44, 16, \infty, 40, 20) (17, 3, 10, 2, 6, 0, 9, 12) (41, 27, 34, 26, 30, 24, 33, 36) (13, 42, 19, 45, 32, 15, 4, 5, 7, 37, 18, 43, 21, 8, 39, 28, 29, 31) (22, 38, 23, 11, 1) (46, 14, 47, 35, 25) "
"OP(6,8,8,18,4,3,3)",0,Solved,"0,0450"," (4t+2)","0,0484","(\infty, 2, 4, \infty, 28, 26) (6, 7, 12, 22, 38, 16, 27, 13) (30, 31, 36, 46, 14, 40, 3, 37) (41, 23, 10, 18, 43, 15, 21, 9, 0, 17, 47, 34, 42, 19, 39, 45, 33, 24) (11, 8, 35, 32) (1, 20, 5) (25, 44, 29) "
"OP(4,8,8,4,4,4,18)",0,Solved,"0,0470"," (4t+2)","0,0517","(\infty, 21, \infty, 45) (9, 5, 6, 3, 12, 44, 14, 4) (33, 29, 30, 27, 36, 20, 38, 28) (0, 11, 40, 13) (24, 35, 16, 37) (1, 23, 25, 47) (46, 15, 8, 2, 10, 43, 31, 17, 42, 22, 39, 32, 26, 34, 19, 7, 41, 18) "
"OP(4,8,8,18,3,3,3,3)",0,Solved,"0,1100"," (4t+2)","0,1143","(\infty, 19, \infty, 43) (20, 39, 18, 36, 10, 46, 11, 45) (44, 15, 42, 12, 34, 22, 35, 21) (30, 13, 7, 4, 2, 9, 17, 32, 16, 6, 37, 31, 28, 26, 33, 41, 8, 40) (3, 14, 23) (27, 38, 47) (0, 5, 1) (24, 29, 25) "
"OP(4,8,7,7,6,18)",0,Solved,"0,0480"," (4t+2)","0,0532","(\infty, 1, \infty, 25) (39, 3, 10, 2, 15, 27, 34, 26) (0, 11, 36, 4, 19, 9, 6) (24, 35, 12, 28, 43, 33, 30) (13, 41, 20, 37, 17, 44) (23, 18, 14, 5, 7, 8, 22, 40, 21, 47, 42, 38, 29, 31, 32, 46, 16, 45) "
"OP(6,8,7,7,18,4)",0,Solved,"0,1250"," (4t+2)","0,1288","(\infty, 11, 1, \infty, 25, 35) (40, 19, 47, 17, 16, 43, 23, 41) (24, 10, 32, 39, 37, 4, 12) (0, 34, 8, 15, 13, 28, 36) (6, 3, 9, 22, 18, 29, 20, 45, 14, 30, 27, 33, 46, 42, 5, 44, 21, 38) (2, 31, 26, 7) "
"OP(4,8,7,7,18,3,3)",0,Solved,"0,0440"," (4t+2)","0,0486","(\infty, 11, \infty, 35) (14, 4, 15, 47, 38, 28, 39, 23) (20, 8, 33, 19, 40, 12, 42) (44, 32, 9, 43, 16, 36, 18) (7, 1, 2, 6, 13, 21, 34, 17, 46, 31, 25, 26, 30, 37, 45, 10, 41, 22) (0, 5, 3) (24, 29, 27) "
"OP(8,8,18,6,6,4)",0,Solved,"0,2070"," (4t+2)","0,2120","(\infty, 6, 15, 4, \infty, 28, 39, 30) (8, 21, 44, 11, 32, 45, 20, 35) (3, 2, 7, 9, 12, 5, 1, 13, 19, 27, 26, 31, 33, 36, 29, 25, 37, 43) (40, 18, 38, 22, 41, 23) (16, 42, 14, 46, 17, 47) (0, 10, 24, 34) "
"OP(8,8,18,6,5,5)",0,Solved,"0,1850"," (4t+2)","0,1891","(\infty, 9, 3, 37, \infty, 13, 27, 33) (19, 7, 5, 18, 43, 31, 29, 42) (2, 46, 36, 8, 16, 25, 4, 47, 44, 26, 22, 12, 32, 40, 1, 28, 23, 20) (24, 39, 17, 0, 15, 41) (35, 34, 45, 38, 6) (11, 10, 21, 14, 30) "
"OP(8,8,18,6,4,3,3)",0,Solved,"0,1200"," (4t+2)","0,1244","(\infty, 7, 40, 17, \infty, 41, 16, 31) (23, 9, 22, 3, 47, 33, 46, 27) (2, 1, 11, 13, 6, 15, 43, 12, 4, 26, 25, 35, 37, 30, 39, 19, 36, 28) (8, 20, 14, 32, 44, 38) (0, 21, 24, 45) (5, 42, 10) (29, 18, 34) "
"OP(8,8,18,5,5,3,3)",0,Solved,"0,0670"," (4t+2)","0,0708","(\infty, 15, 10, 17, \infty, 41, 34, 39) (9, 37, 18, 6, 33, 13, 42, 30) (31, 0, 22, 35, 1, 45, 3, 40, 32, 7, 24, 46, 11, 25, 21, 27, 16, 8) (23, 5, 2, 12, 14) (47, 29, 26, 36, 38) (19, 4, 20) (43, 28, 44) "
"OP(18,9,7,5,4,4,3)",,Infeasible,,Table config is not valid,,
"OP(8,8,18,4,4,4,4)",0,Solved,"0,1410"," (4t+2)","0,1455","(\infty, 32, 44, 28, \infty, 4, 20, 8) (1, 42, 40, 19, 25, 18, 16, 43) (47, 37, 9, 46, 17, 2, 3, 6, 31, 23, 13, 33, 22, 41, 26, 27, 30, 7) (29, 12, 38, 34) (5, 36, 14, 10) (35, 21, 39, 0) (11, 45, 15, 24) "
"OP(8,8,18,4,3,3,3,3)",0,Solved,"0,1210"," (4t+2)","0,1253","(\infty, 6, 0, 12, \infty, 36, 24, 30) (34, 11, 38, 25, 10, 35, 14, 1) (5, 43, 40, 45, 44, 27, 8, 47, 31, 29, 19, 16, 21, 20, 3, 32, 23, 7) (41, 37, 17, 13) (39, 9, 46) (15, 33, 22) (4, 18, 26) (28, 42, 2) "
"OP(6,8,6,6,6,18)",0,Solved,"0,0450"," (4t+2)","0,0496","(\infty, 16, 44, \infty, 20, 40) (41, 19, 9, 1, 17, 43, 33, 25) (3, 12, 5, 0, 6, 4) (27, 36, 29, 24, 30, 28) (15, 46, 21, 39, 22, 45) (7, 10, 23, 8, 42, 13, 2, 14, 35, 31, 34, 47, 32, 18, 37, 26, 38, 11) "
"OP(6,8,6,6,18,3,3)",0,Solved,"0,0560"," (4t+2)","0,0603","(\infty, 20, 46, \infty, 22, 44) (43, 16, 1, 6, 19, 40, 25, 30) (5, 14, 34, 11, 45, 13) (29, 38, 10, 35, 21, 37) (42, 23, 12, 2, 9, 3, 15, 17, 0, 18, 47, 36, 26, 33, 27, 39, 41, 24) (8, 7, 4) (32, 31, 28) "
"OP(4,8,6,6,4,4,18)",0,Solved,"0,0490"," (4t+2)","0,0535","(\infty, 1, \infty, 25) (2, 3, 9, 36, 26, 27, 33, 12) (10, 45, 13, 44, 16, 46) (34, 21, 37, 20, 40, 22) (7, 0, 8, 11) (31, 24, 32, 35) (47, 4, 6, 15, 29, 18, 41, 19, 38, 23, 28, 30, 39, 5, 42, 17, 43, 14) "
"OP(4,8,6,5,5,4,18)",0,Solved,"0,0640"," (4t+2)","0,0673","(\infty, 1, \infty, 25) (2, 6, 11, 42, 26, 30, 35, 18) (12, 4, 7, 36, 28, 31) (3, 5, 14, 21, 9) (27, 29, 38, 45, 33) (16, 15, 40, 39) (8, 22, 44, 23, 41, 13, 0, 10, 43, 32, 46, 20, 47, 17, 37, 24, 34, 19) "
"OP(6,8,6,18,4,4,4)",0,Solved,"0,1040"," (4t+2)","0,1092","(\infty, 41, 9, \infty, 33, 17) (11, 3, 10, 12, 35, 27, 34, 36) (6, 15, 2, 30, 39, 26) (13, 40, 45, 23, 19, 22, 5, 20, 8, 37, 16, 21, 47, 43, 46, 29, 44, 32) (0, 1, 7, 18) (24, 25, 31, 42) (14, 28, 38, 4) "
"OP(6,8,6,18,3,3,3,3)",0,Solved,"0,2400"," (4t+2)","0,2437","(\infty, 29, 35, \infty, 11, 5) (44, 8, 39, 12, 20, 32, 15, 36) (47, 1, 46, 23, 25, 22) (33, 14, 40, 6, 17, 7, 27, 45, 2, 9, 38, 16, 30, 41, 31, 3, 21, 26) (13, 4, 0) (37, 28, 24) (42, 10, 43) (18, 34, 19) "
"OP(4,8,6,4,4,18,3,3)",0,Solved,"0,0730"," (4t+2)","0,0774","(\infty, 30, \infty, 6) (3, 0, 8, 17, 27, 24, 32, 41) (10, 11, 46, 34, 35, 22) (37, 12, 39, 21) (13, 36, 15, 45) (5, 1, 7, 18, 44, 16, 47, 14, 43, 29, 25, 31, 42, 20, 40, 23, 38, 19) (4, 2, 9) (28, 26, 33) "
"OP(4,8,5,5,5,5,18)",0,Solved,"0,0470"," (4t+2)","0,0522","(\infty, 21, \infty, 45) (43, 14, 5, 3, 19, 38, 29, 27) (15, 32, 11, 4, 0) (39, 8, 35, 28, 24) (20, 9, 6, 1, 7) (44, 33, 30, 25, 31) (42, 22, 10, 2, 12, 13, 47, 17, 40, 18, 46, 34, 26, 36, 37, 23, 41, 16) "
"OP(6,8,18,5,5,4,4)",0,Solved,"0,0560"," (4t+2)","0,0609","(\infty, 46, 44, \infty, 20, 22) (28, 41, 16, 43, 4, 17, 40, 19) (13, 31, 24, 10, 9, 45, 1, 6, 26, 37, 7, 0, 34, 33, 21, 25, 30, 2) (36, 14, 29, 23, 39) (12, 38, 5, 47, 15) (18, 8, 27, 35) (42, 32, 3, 11) "
"OP(4,8,5,5,4,18,3,3)",0,Solved,"0,0740"," (4t+2)","0,0786","(\infty, 13, \infty, 37) (4, 18, 20, 5, 28, 42, 44, 29) (22, 23, 1, 10, 41) (46, 47, 25, 34, 17) (15, 9, 39, 33) (6, 19, 7, 14, 3, 11, 8, 12, 2, 30, 43, 31, 38, 27, 35, 32, 36, 26) (21, 0, 16) (45, 24, 40) "
"OP(6,8,18,4,4,4,3,3)",0,Solved,"0,0690"," (4t+2)","0,0732","(\infty, 9, 7, \infty, 31, 33) (20, 19, 1, 16, 44, 43, 25, 40) (0, 21, 4, 11, 34, 42, 38, 22, 12, 24, 45, 28, 35, 10, 18, 14, 46, 36) (2, 5, 47, 13) (26, 29, 23, 37) (27, 8, 3, 32) (6, 15, 41) (30, 39, 17) "
"OP(6,8,18,3,3,3,3,3,3)",0,Solved,"0,2240"," (4t+2)","0,2276","(\infty, 2, 18, \infty, 42, 26) (13, 40, 0, 11, 37, 16, 24, 35) (14, 23, 3, 21, 6, 12, 7, 5, 15, 38, 47, 27, 45, 30, 36, 31, 29, 39) (9, 43, 44) (33, 19, 20) (10, 41, 22) (34, 17, 46) (4, 8, 1) (28, 32, 25) "
"OP(4,8,4,4,4,4,4,18)",0,Solved,"0,1280"," (4t+2)","0,1328","(\infty, 25, \infty, 1) (35, 47, 41, 3, 11, 23, 17, 27) (39, 44, 40, 37) (15, 20, 16, 13) (36, 4, 26, 6) (12, 28, 2, 30) (33, 46, 9, 22) (0, 31, 8, 42, 43, 34, 5, 38, 45, 24, 7, 32, 18, 19, 10, 29, 14, 21) "
"OP(4,8,4,4,18,3,3,3,3)",0,Solved,"0,0450"," (4t+2)","0,0502","(\infty, 47, \infty, 23) (9, 43, 37, 15, 33, 19, 13, 39) (35, 4, 29, 24) (11, 28, 5, 0) (46, 25, 17, 30, 45, 16, 44, 3, 12, 22, 1, 41, 6, 21, 40, 20, 27, 36) (38, 26, 42) (14, 2, 18) (7, 8, 10) (31, 32, 34) "
"OP(18,8,8,8,8)",0,Solved,"0,0550"," (4t+2)","0,0587","(\infty, 1, 4, 10, 3, 2, 0, 5, 9, \infty, 33, 29, 24, 26, 27, 34, 28, 25) (16, 31, 44, 22, 11, 23, 14, 6) (40, 7, 20, 46, 35, 47, 38, 30) (42, 19, 37, 21, 41, 12, 39, 8) (18, 43, 13, 45, 17, 36, 15, 32) "
"OP(4,8,8,8,4,18)",0,Solved,"0,0570"," (4t+2)","0,0628","(\infty, 6, \infty, 30) (2, 23, 8, 17, 9, 45, 11, 43) (26, 47, 32, 41, 33, 21, 35, 19) (13, 44, 15, 14, 37, 20, 39, 38) (18, 5, 42, 29) (12, 7, 3, 1, 4, 22, 0, 10, 16, 36, 31, 27, 25, 28, 46, 24, 34, 40) "
"OP(18,8,8,8,4,4)",0,Solved,"0,0480"," (4t+2)","0,0528","(\infty, 35, 22, 13, 5, 3, 9, 23, 39, \infty, 15, 47, 33, 27, 29, 37, 46, 11) (4, 0, 10, 21, 6, 1, 8, 7) (28, 24, 34, 45, 30, 25, 32, 31) (18, 38, 2, 20, 42, 14, 26, 44) (16, 43, 12, 41) (40, 19, 36, 17) "
"OP(4,7,7,8,6,18)",0,Solved,"0,0490"," (4t+2)","0,0541","(\infty, 20, \infty, 44) (1, 6, 0, 11, 7, 4, 2) (25, 30, 24, 35, 31, 28, 26) (12, 3, 10, 18, 36, 27, 34, 42) (5, 15, 41, 29, 39, 17) (46, 23, 38, 19, 40, 9, 37, 21, 8, 22, 47, 14, 43, 16, 33, 13, 45, 32) "
"OP(6,7,7,8,18,4)",0,Solved,"0,0740"," (4t+2)","0,0780","(\infty, 9, 5, \infty, 29, 33) (12, 11, 18, 2, 38, 4, 10) (36, 35, 42, 26, 14, 28, 34) (1, 23, 20, 45, 25, 47, 44, 21) (17, 0, 15, 7, 46, 16, 37, 8, 3, 41, 24, 39, 31, 22, 40, 13, 32, 27) (19, 6, 43, 30) "
"OP(4,7,7,8,18,3,3)",0,Solved,"0,0590"," (4t+2)","0,0632","(\infty, 9, \infty, 33) (4, 11, 14, 2, 15, 44, 5) (28, 35, 38, 26, 39, 20, 29) (10, 0, 23, 3, 34, 24, 47, 27) (18, 22, 7, 1, 12, 17, 43, 13, 21, 42, 46, 31, 25, 36, 41, 19, 37, 45) (8, 40, 6) (32, 16, 30) "
"OP(18,8,8,6,6,4)",0,Solved,"0,0500"," (4t+2)","0,0547","(\infty, 2, 4, 7, 6, 21, 12, 33, 16, \infty, 40, 9, 36, 45, 30, 31, 28, 26) (27, 46, 14, 42, 19, 41, 23, 15) (3, 22, 38, 18, 43, 17, 47, 39) (5, 11, 0, 13, 8, 1) (29, 35, 24, 37, 32, 25) (20, 10, 44, 34) "
"OP(18,8,8,6,5,5)",0,Solved,"0,1520"," (4t+2)","0,1581","(\infty, 37, 39, 30, 1, 9, 35, 40, 41, \infty, 17, 16, 11, 33, 25, 6, 15, 13) (47, 36, 43, 7, 34, 24, 42, 27) (23, 12, 19, 31, 10, 0, 18, 3) (29, 46, 2, 5, 22, 26) (45, 20, 4, 38, 32) (21, 44, 28, 14, 8) "
"OP(18,8,8,6,4,3,3)",0,Solved,"0,0470"," (4t+2)","0,0505","(\infty, 2, 4, 7, 6, 11, 22, 36, 16, \infty, 40, 12, 46, 35, 30, 31, 28, 26) (27, 10, 23, 13, 45, 19, 42, 15) (3, 34, 47, 37, 21, 43, 18, 39) (17, 9, 0, 41, 33, 24) (14, 8, 38, 32) (1, 20, 5) (25, 44, 29) "
"OP(18,8,8,5,5,3,3)",0,Solved,"0,0580"," (4t+2)","0,0623","(\infty, 44, 12, 47, 19, 41, 16, 6, 2, \infty, 26, 30, 40, 17, 43, 23, 36, 20) (8, 39, 9, 42, 13, 4, 1, 7) (32, 15, 33, 18, 37, 28, 25, 31) (22, 10, 5, 3, 11) (46, 34, 29, 27, 35) (14, 21, 0) (38, 45, 24) "
"OP(4,8,8,4,4,4,18)",0,Solved,"0,0430"," (4t+2)","0,0468","(\infty, 21, \infty, 45) (9, 5, 6, 3, 12, 44, 14, 4) (33, 29, 30, 27, 36, 20, 38, 28) (0, 11, 40, 13) (24, 35, 16, 37) (1, 23, 25, 47) (46, 15, 8, 2, 10, 43, 31, 17, 42, 22, 39, 32, 26, 34, 19, 7, 41, 18) "
"OP(18,8,8,4,4,4,4)",0,Solved,"0,0420"," (4t+2)","0,0451","(\infty, 45, 14, 37, 8, 42, 20, 47, 19, \infty, 43, 23, 44, 18, 32, 13, 38, 21) (17, 35, 22, 12, 6, 1, 2, 10) (41, 11, 46, 36, 30, 25, 26, 34) (15, 31, 16, 4) (39, 7, 40, 28) (9, 0, 3, 5) (33, 24, 27, 29) "
"OP(18,8,8,4,3,3,3,3)",0,Solved,"0,3370"," (4t+2)","0,3406","(\infty, 4, 2, 8, 9, 41, 16, 44, 18, \infty, 42, 20, 40, 17, 33, 32, 26, 28) (21, 38, 19, 37, 23, 36, 0, 11) (45, 14, 43, 13, 47, 12, 24, 35) (3, 6, 27, 30) (10, 1, 5) (34, 25, 29) (7, 22, 15) (31, 46, 39) "
"OP(4,7,7,7,7,18)",0,Solved,"0,0350"," (4t+2)","0,0390","(\infty, 21, \infty, 45) (46, 13, 3, 38, 20, 36, 15) (22, 37, 27, 14, 44, 12, 39) (4, 7, 32, 18, 10, 1, 2) (28, 31, 8, 42, 34, 25, 26) (19, 47, 35, 16, 9, 5, 0, 6, 17, 43, 23, 11, 40, 33, 29, 24, 30, 41) "
"OP(18,8,7,7,6,4)",0,Solved,"0,0520"," (4t+2)","0,0559","(\infty, 18, 6, 17, 34, 21, 40, 22, 44, \infty, 20, 46, 16, 45, 10, 41, 30, 42) (12, 39, 19, 11, 36, 15, 43, 35) (8, 1, 2, 4, 7, 23, 14) (32, 25, 26, 28, 31, 47, 38) (9, 5, 0, 33, 29, 24) (13, 3, 37, 27) "
"OP(18,8,7,7,5,5)",0,Solved,"0,1020"," (4t+2)","0,1053","(\infty, 16, 42, 23, 35, 19, 37, 22, 2, \infty, 26, 46, 13, 43, 11, 47, 18, 40) (39, 12, 5, 6, 15, 36, 29, 30) (14, 0, 8, 4, 1, 3, 9) (38, 24, 32, 28, 25, 27, 33) (34, 17, 7, 20, 45) (10, 41, 31, 44, 21) "
"OP(18,8,7,7,4,3,3)",0,Solved,"0,2700"," (4t+2)","0,2756","(\infty, 42, 5, 32, 19, 11, 6, 4, 14, \infty, 38, 28, 30, 35, 43, 8, 29, 18) (16, 46, 21, 9, 40, 22, 45, 33) (2, 47, 3, 10, 36, 20, 1) (26, 23, 27, 34, 12, 44, 25) (15, 24, 39, 0) (7, 41, 13) (31, 17, 37) "
"OP(6,7,7,6,6,18)",0,Solved,"0,0610"," (4t+2)","0,0649","(\infty, 4, 12, \infty, 36, 28) (5, 14, 21, 9, 22, 32, 16) (29, 38, 45, 33, 46, 8, 40) (0, 2, 3, 6, 10, 15) (24, 26, 27, 30, 34, 39) (37, 19, 41, 18, 35, 7, 1, 20, 47, 13, 43, 17, 42, 11, 31, 25, 44, 23) "
"OP(6,7,7,6,18,3,3)",0,Solved,"0,1270"," (4t+2)","0,1309","(\infty, 7, 23, \infty, 47, 31) (44, 4, 0, 12, 18, 11, 6) (20, 28, 24, 36, 42, 35, 30) (1, 10, 45, 25, 34, 21) (15, 37, 22, 8, 19, 38, 17, 40, 9, 39, 13, 46, 32, 43, 14, 41, 16, 33) (5, 2, 3) (29, 26, 27) "
"OP(4,7,7,6,4,4,18)",0,Solved,"0,0470"," (4t+2)","0,0509","(\infty, 42, \infty, 18) (12, 13, 21, 24, 47, 30, 2) (36, 37, 45, 0, 23, 6, 26) (22, 17, 39, 46, 41, 15) (29, 38, 3, 35) (5, 14, 27, 11) (33, 44, 25, 40, 10, 8, 4, 31, 43, 9, 20, 1, 16, 34, 32, 28, 7, 19) "
"OP(4,7,7,5,5,4,18)",0,Solved,"0,0770"," (4t+2)","0,0805","(\infty, 1, \infty, 25) (2, 3, 5, 8, 46, 37, 16) (26, 27, 29, 32, 22, 13, 40) (15, 20, 4, 0, 7) (39, 44, 28, 24, 31) (35, 17, 11, 41) (19, 36, 21, 47, 34, 9, 38, 18, 6, 43, 12, 45, 23, 10, 33, 14, 42, 30) "
"OP(6,7,7,18,4,4,4)",0,Solved,"0,2670"," (4t+2)","0,2705","(\infty, 9, 5, \infty, 29, 33) (21, 6, 3, 1, 32, 40, 26) (45, 30, 27, 25, 8, 16, 2) (0, 18, 43, 7, 46, 17, 11, 37, 44, 24, 42, 19, 31, 22, 41, 35, 13, 20) (38, 39, 12, 28) (14, 15, 36, 4) (10, 23, 34, 47) "
"OP(6,7,7,18,3,3,3,3)",0,Solved,"0,1190"," (4t+2)","0,1231","(\infty, 7, 11, \infty, 35, 31) (19, 5, 0, 15, 33, 2, 42) (43, 29, 24, 39, 9, 26, 18) (8, 6, 13, 3, 4, 17, 45, 16, 38, 32, 30, 37, 27, 28, 41, 21, 40, 14) (46, 1, 10) (22, 25, 34) (23, 44, 12) (47, 20, 36) "
"OP(4,7,7,4,4,18,3,3)",0,Solved,"0,0640"," (4t+2)","0,0683","(\infty, 9, \infty, 33) (2, 18, 41, 10, 23, 4, 5) (26, 42, 17, 34, 47, 28, 29) (21, 3, 1, 13) (45, 27, 25, 37) (8, 15, 6, 12, 40, 19, 14, 0, 22, 32, 39, 30, 36, 16, 43, 38, 24, 46) (7, 44, 11) (31, 20, 35) "
"OP(18,8,6,6,6,6)",0,Solved,"0,0700"," (4t+2)","0,0737","(\infty, 4, 5, 7, 2, 14, 35, 18, 44, \infty, 20, 42, 11, 38, 26, 31, 29, 28) (3, 17, 21, 46, 27, 41, 45, 22) (6, 0, 10, 13, 43, 15) (30, 24, 34, 37, 19, 39) (12, 1, 9, 16, 32, 47) (36, 25, 33, 40, 8, 23) "
"OP(18,8,6,6,6,3,3)",0,Solved,"0,0510"," (4t+2)","0,0551","(\infty, 2, 4, 9, 10, 17, 35, 43, 16, \infty, 40, 19, 11, 41, 34, 33, 28, 26) (27, 7, 18, 6, 3, 31, 42, 30) (12, 47, 37, 15, 46, 21) (36, 23, 13, 39, 22, 45) (0, 14, 8, 24, 38, 32) (1, 20, 5) (25, 44, 29) "
"OP(4,8,5,5,6,4,18)",0,Solved,"0,1430"," (4t+2)","0,1491","(\infty, 3, \infty, 27) (4, 0, 5, 6, 28, 24, 29, 30) (8, 2, 9, 18, 10) (32, 26, 33, 42, 34) (7, 19, 16, 31, 43, 40) (11, 21, 35, 45) (13, 41, 23, 12, 25, 46, 14, 39, 20, 37, 17, 47, 36, 1, 22, 38, 15, 44) "
"OP(18,8,6,6,4,4,4)",0,Solved,"0,1680"," (4t+2)","0,1718","(\infty, 7, 43, 42, 14, 0, 23, 10, 3, \infty, 27, 34, 47, 24, 38, 18, 19, 31) (1, 11, 40, 8, 25, 35, 16, 32) (22, 13, 5, 9, 20, 17) (46, 37, 29, 33, 44, 41) (21, 39, 12, 6) (45, 15, 36, 30) (2, 4, 26, 28) "
"OP(18,8,6,6,3,3,3,3)",0,Solved,"0,0660"," (4t+2)","0,0700","(\infty, 40, 17, 21, 23, 37, 2, 14, 46, \infty, 22, 38, 26, 13, 47, 45, 41, 16) (15, 8, 19, 1, 39, 32, 43, 25) (7, 4, 12, 6, 35, 34) (31, 28, 36, 30, 11, 10) (20, 3, 42) (44, 27, 18) (5, 0, 33) (29, 24, 9) "
"OP(4,8,5,5,5,5,18)",0,Solved,"0,0500"," (4t+2)","0,0543","(\infty, 21, \infty, 45) (43, 14, 5, 3, 19, 38, 29, 27) (15, 32, 11, 4, 0) (39, 8, 35, 28, 24) (20, 9, 6, 1, 7) (44, 33, 30, 25, 31) (42, 22, 10, 2, 12, 13, 47, 17, 40, 18, 46, 34, 26, 36, 37, 23, 41, 16) "
"OP(18,8,6,5,5,4,4)",0,Solved,"0,0660"," (4t+2)","0,0718","(\infty, 19, 9, 42, 5, 13, 41, 12, 7, \infty, 31, 36, 17, 37, 29, 18, 33, 43) (0, 21, 15, 1, 24, 45, 39, 25) (6, 22, 4, 30, 46, 28) (8, 11, 2, 3, 20) (32, 35, 26, 27, 44) (14, 16, 23, 10) (38, 40, 47, 34) "
"OP(4,8,5,5,4,18,3,3)",0,Solved,"0,0730"," (4t+2)","0,0799","(\infty, 13, \infty, 37) (4, 18, 20, 5, 28, 42, 44, 29) (22, 23, 1, 10, 41) (46, 47, 25, 34, 17) (15, 9, 39, 33) (6, 19, 7, 14, 3, 11, 8, 12, 2, 30, 43, 31, 38, 27, 35, 32, 36, 26) (21, 0, 16) (45, 24, 40) "
"OP(18,8,6,4,4,4,3,3)",0,Solved,"0,0420"," (4t+2)","0,0470","(\infty, 32, 22, 27, 18, 40, 26, 11, 0, \infty, 24, 35, 2, 16, 42, 3, 46, 8) (45, 10, 41, 25, 21, 34, 17, 1) (5, 47, 28, 29, 23, 4) (13, 20, 38, 36) (37, 44, 14, 12) (30, 9, 6, 33) (15, 7, 43) (39, 31, 19) "
"OP(18,8,6,3,3,3,3,3,3)",0,Solved,"0,0480"," (4t+2)","0,0530","(\infty, 45, 37, 40, 36, 47, 26, 41, 27, \infty, 3, 17, 2, 23, 12, 16, 13, 21) (0, 35, 34, 4, 24, 11, 10, 28) (33, 38, 32, 9, 14, 8) (46, 30, 39) (22, 6, 15) (5, 43, 31) (29, 19, 7) (42, 25, 44) (18, 1, 20) "
"OP(18,8,5,5,5,5,4)",0,Solved,"0,0780"," (4t+2)","0,0825","(\infty, 47, 32, 7, 34, 40, 24, 36, 41, \infty, 17, 12, 0, 16, 10, 31, 8, 23) (39, 43, 25, 35, 15, 19, 1, 11) (30, 37, 29, 38, 4) (6, 13, 5, 14, 28) (44, 27, 26, 45, 42) (20, 3, 2, 21, 18) (33, 46, 9, 22) "
"OP(4,8,4,5,5,18,3,3)",0,Solved,"0,0580"," (4t+2)","0,0633","(\infty, 4, \infty, 28) (5, 12, 17, 8, 29, 36, 41, 32) (13, 21, 37, 45) (6, 10, 0, 2, 3) (30, 34, 24, 26, 27) (14, 39, 19, 33, 22, 40, 18, 35, 23, 38, 15, 43, 9, 46, 16, 42, 11, 47) (1, 20, 7) (25, 44, 31) "
"OP(18,8,5,5,4,4,3,3)",0,Solved,"0,0610"," (4t+2)","0,0651","(\infty, 32, 35, 43, 24, 47, 42, 30, 44, \infty, 20, 6, 18, 23, 0, 19, 11, 8) (4, 25, 45, 39, 28, 1, 21, 15) (33, 7, 37, 46, 29) (9, 31, 13, 22, 5) (41, 40, 2, 34) (17, 16, 26, 10) (36, 38, 3) (12, 14, 27) "
"OP(4,8,4,4,4,4,4,18)",0,Solved,"0,1270"," (4t+2)","0,1316","(\infty, 25, \infty, 1) (35, 47, 41, 3, 11, 23, 17, 27) (39, 44, 40, 37) (15, 20, 16, 13) (36, 4, 26, 6) (12, 28, 2, 30) (33, 46, 9, 22) (0, 31, 8, 42, 43, 34, 5, 38, 45, 24, 7, 32, 18, 19, 10, 29, 14, 21) "
"OP(4,8,4,4,18,3,3,3,3)",0,Solved,"0,0470"," (4t+2)","0,0512","(\infty, 47, \infty, 23) (9, 43, 37, 15, 33, 19, 13, 39) (35, 4, 29, 24) (11, 28, 5, 0) (46, 25, 17, 30, 45, 16, 44, 3, 12, 22, 1, 41, 6, 21, 40, 20, 27, 36) (38, 26, 42) (14, 2, 18) (7, 8, 10) (31, 32, 34) "
"OP(18,8,4,4,4,4,4,4)",0,Solved,"0,0510"," (4t+2)","0,0552","(\infty, 20, 26, 31, 19, 33, 6, 3, 42, \infty, 18, 27, 30, 9, 43, 7, 2, 44) (34, 5, 21, 41, 10, 29, 45, 17) (16, 46, 23, 8) (40, 22, 47, 32) (28, 35, 13, 24) (4, 11, 37, 0) (12, 25, 15, 14) (36, 1, 39, 38) "
"OP(18,8,4,4,4,3,3,3,3)",0,Solved,"0,0930"," (4t+2)","0,0964","(\infty, 12, 2, 15, 10, 13, 41, 22, 14, \infty, 38, 46, 17, 37, 34, 39, 26, 36) (4, 43, 47, 1, 28, 19, 23, 25) (7, 6, 40, 24) (31, 30, 16, 0) (5, 11, 29, 35) (18, 3, 44) (42, 27, 20) (45, 8, 33) (21, 32, 9) "
"OP(18,8,3,3,3,3,3,3,3,3)",0,Solved,"0,0500"," (4t+2)","0,0540","(\infty, 2, 4, 9, 10, 17, 7, 37, 16, \infty, 40, 13, 31, 41, 34, 33, 28, 26) (27, 43, 18, 6, 3, 19, 42, 30) (12, 21, 47) (36, 45, 23) (15, 35, 46) (39, 11, 22) (0, 14, 8) (24, 38, 32) (1, 20, 5) (25, 44, 29) "
"OP(18,7,7,7,7,4)",0,Solved,"0,0500"," (4t+2)","0,0543","(\infty, 7, 21, 39, 14, 43, 23, 40, 13, \infty, 37, 16, 47, 19, 38, 15, 45, 31) (4, 0, 2, 3, 6, 12, 17) (28, 24, 26, 27, 30, 36, 41) (8, 18, 34, 46, 35, 9, 1) (32, 42, 10, 22, 11, 33, 25) (20, 5, 44, 29) "
"OP(6,6,6,7,7,18)",0,Solved,"0,0540"," (4t+2)","0,0588","(\infty, 5, 13, \infty, 37, 29) (7, 16, 33, 15, 43, 18) (31, 40, 9, 39, 19, 42) (4, 0, 2, 3, 6, 12, 17) (28, 24, 26, 27, 30, 36, 41) (22, 38, 23, 45, 35, 8, 1, 20, 34, 46, 14, 47, 21, 11, 32, 25, 44, 10) "
"OP(6,6,7,7,18,3,3)",0,Solved,"0,1610"," (4t+2)","0,1667","(\infty, 35, 7, \infty, 31, 11) (15, 4, 5, 39, 28, 29) (27, 42, 45, 43, 38, 2, 33) (3, 18, 21, 19, 14, 26, 9) (1, 30, 0, 40, 44, 37, 10, 32, 41, 25, 6, 24, 16, 20, 13, 34, 8, 17) (46, 36, 23) (22, 12, 47) "
"OP(4,6,7,7,4,4,18)",0,Solved,"0,0430"," (4t+2)","0,0467","(\infty, 21, \infty, 45) (3, 13, 38, 27, 37, 14) (22, 10, 39, 18, 36, 20, 35) (46, 34, 15, 42, 12, 44, 11) (4, 7, 1, 2) (28, 31, 25, 26) (19, 47, 30, 16, 9, 5, 0, 8, 17, 43, 23, 6, 40, 33, 29, 24, 32, 41) "
"OP(18,7,7,6,6,6)",0,Solved,"0,1200"," (4t+2)","0,1247","(\infty, 39, 23, 21, 2, 38, 10, 32, 5, \infty, 29, 8, 34, 14, 26, 45, 47, 15) (43, 12, 6, 7, 20, 28, 46) (19, 36, 30, 31, 44, 4, 22) (16, 41, 27, 42, 1, 11) (40, 17, 3, 18, 25, 35) (9, 13, 24, 33, 37, 0) "
"OP(18,7,7,6,6,3,3)",0,Solved,"0,0630"," (4t+2)","0,0669","(\infty, 3, 4, 6, 9, 17, 45, 20, 39, \infty, 15, 44, 21, 41, 33, 30, 28, 27) (1, 16, 26, 13, 8, 14, 23) (25, 40, 2, 37, 32, 38, 47) (19, 5, 36, 18, 34, 46) (43, 29, 12, 42, 10, 22) (0, 7, 11) (24, 31, 35) "
"OP(4,7,7,5,5,4,18)",0,Solved,"0,0830"," (4t+2)","0,0871","(\infty, 1, \infty, 25) (2, 3, 5, 8, 46, 37, 16) (26, 27, 29, 32, 22, 13, 40) (15, 20, 4, 0, 7) (39, 44, 28, 24, 31) (35, 17, 11, 41) (19, 36, 21, 47, 34, 9, 38, 18, 6, 43, 12, 45, 23, 10, 33, 14, 42, 30) "
"OP(18,7,7,6,4,4,4)",0,Solved,"0,0660"," (4t+2)","0,0697","(\infty, 10, 5, 9, 40, 1, 7, 8, 18, \infty, 42, 32, 31, 25, 16, 33, 29, 34) (45, 22, 3, 17, 43, 15, 0) (21, 46, 27, 41, 19, 39, 24) (6, 14, 12, 30, 38, 36) (4, 20, 47, 11) (28, 44, 23, 35) (2, 13, 26, 37) "
"OP(18,7,7,6,3,3,3,3)",0,Solved,"0,2100"," (4t+2)","0,2160","(\infty, 18, 41, 21, 14, 4, 16, 15, 46, \infty, 22, 39, 40, 28, 38, 45, 17, 42) (9, 31, 13, 2, 11, 5, 1) (33, 7, 37, 26, 35, 29, 25) (12, 44, 23, 36, 20, 47) (8, 6, 3) (32, 30, 27) (19, 34, 0) (43, 10, 24) "
"OP(4,7,7,4,5,5,18)",0,Solved,"0,0440"," (4t+2)","0,0481","(\infty, 1, \infty, 25) (4, 3, 6, 2, 0, 5, 11) (28, 27, 30, 26, 24, 29, 35) (9, 18, 33, 42) (36, 20, 10, 22, 47) (12, 44, 34, 46, 23) (7, 15, 32, 19, 37, 17, 38, 16, 45, 31, 39, 8, 43, 13, 41, 14, 40, 21) "
"OP(18,7,7,5,5,4,4)",0,Solved,"0,0550"," (4t+2)","0,0589","(\infty, 3, 14, 35, 19, 39, 21, 36, 17, \infty, 41, 12, 45, 15, 43, 11, 38, 27) (4, 7, 32, 20, 10, 1, 2) (28, 31, 8, 44, 34, 25, 26) (18, 40, 23, 9, 22) (42, 16, 47, 33, 46) (5, 0, 6, 13) (29, 24, 30, 37) "
"OP(4,7,7,4,4,18,3,3)",0,Solved,"0,0620"," (4t+2)","0,0658","(\infty, 9, \infty, 33) (2, 18, 41, 10, 23, 4, 5) (26, 42, 17, 34, 47, 28, 29) (21, 3, 1, 13) (45, 27, 25, 37) (8, 15, 6, 12, 40, 19, 14, 0, 22, 32, 39, 30, 36, 16, 43, 38, 24, 46) (7, 44, 11) (31, 20, 35) "
"OP(18,7,7,4,4,4,3,3)",0,Solved,"0,0520"," (4t+2)","0,0559","(\infty, 45, 33, 27, 41, 18, 34, 32, 39, \infty, 15, 8, 10, 42, 17, 3, 9, 21) (12, 4, 30, 43, 23, 24, 29) (36, 28, 6, 19, 47, 0, 5) (20, 11, 1, 38) (44, 35, 25, 14) (16, 13, 40, 37) (46, 31, 2) (22, 7, 26) "
"OP(18,7,7,3,3,3,3,3,3)",0,Solved,"0,0610"," (4t+2)","0,0657","(\infty, 7, 19, 40, 46, 38, 13, 6, 11, \infty, 35, 30, 37, 14, 22, 16, 43, 31) (3, 4, 18, 0, 20, 9, 47) (27, 28, 42, 24, 44, 33, 23) (21, 2, 5) (45, 26, 29) (32, 15, 17) (8, 39, 41) (25, 12, 34) (1, 36, 10) "
"OP(4,6,6,6,6,4,18)",0,Solved,"0,0510"," (4t+2)","0,0543","(\infty, \infty, 23, 47) (40, 14, 5, 3, 6, 11) (16, 38, 29, 27, 30, 35) (15, 4, 0, 12, 13, 46) (39, 28, 24, 36, 37, 22) (1, 7, 25, 31) (44, 19, 9, 2, 10, 42, 8, 21, 41, 20, 43, 33, 26, 34, 18, 32, 45, 17) "
"OP(4,6,6,6,5,5,18)",0,Solved,"0,0590"," (4t+2)","0,0631","(\infty, 4, \infty, 28) (5, 6, 2, 15, 13, 19) (29, 30, 26, 39, 37, 43) (8, 3, 10, 32, 27, 34) (31, 41, 11, 0, 12) (7, 17, 35, 24, 36) (22, 47, 44, 16, 1, 9, 18, 45, 14, 46, 23, 20, 40, 25, 33, 42, 21, 38) "
"OP(6,6,6,6,18,4,4)",0,Solved,"0,1050"," (4t+2)","0,1090","(\infty, 1, 23, \infty, 47, 25) (43, 2, 40, 0, 18, 15) (19, 26, 16, 24, 42, 39) (6, 10, 11, 30, 34, 35) (5, 7, 20, 8, 13, 46, 12, 21, 4, 29, 31, 44, 32, 37, 22, 36, 45, 28) (41, 14, 3, 9) (17, 38, 27, 33) "
"OP(4,6,6,6,4,18,3,3)",0,Solved,"0,1070"," (4t+2)","0,1111","(\infty, 14, \infty, 38) (21, 4, 34, 35, 37, 8) (45, 28, 10, 11, 13, 32) (25, 18, 6, 1, 42, 30) (46, 19, 22, 43) (2, 44, 12, 23, 9, 5, 27, 7, 17, 26, 20, 36, 47, 33, 29, 3, 31, 41) (0, 40, 15) (24, 16, 39) "
"OP(6,6,6,18,5,5,4)",0,Solved,"0,1370"," (4t+2)","0,1412","(\infty, 41, 11, \infty, 35, 17) (8, 1, 2, 4, 7, 16) (32, 25, 26, 28, 31, 40) (19, 36, 23, 13, 9, 3, 14, 30, 15, 43, 12, 47, 37, 33, 27, 38, 6, 39) (44, 10, 22, 45, 18) (20, 34, 46, 21, 42) (0, 5, 24, 29) "
"OP(4,6,6,5,5,18,3,3)",0,Solved,"0,0590"," (4t+2)","0,0633","(\infty, 0, \infty, 24) (12, 7, 4, 2, 1, 5) (36, 31, 28, 26, 25, 29) (42, 21, 37, 11, 22) (18, 45, 13, 35, 46) (23, 38, 19, 44, 32, 15, 6, 16, 34, 47, 14, 43, 20, 8, 39, 30, 40, 10) (9, 3, 17) (33, 27, 41) "
"OP(6,6,6,18,4,4,3,3)",0,Solved,"0,0530"," (4t+2)","0,0572","(\infty, 7, 15, \infty, 39, 31) (8, 17, 37, 20, 43, 21) (32, 41, 13, 44, 19, 45) (0, 18, 2, 6, 16, 22, 10, 5, 3, 24, 42, 26, 30, 40, 46, 34, 29, 27) (1, 4, 11, 12) (25, 28, 35, 36) (9, 23, 38) (33, 47, 14) "
"OP(4,6,6,4,4,4,4,18)",0,Solved,"0,0440"," (4t+2)","0,0481","(\infty, 9, \infty, 33) (23, 11, 39, 20, 42, 10) (47, 35, 15, 44, 18, 34) (14, 21, 3, 8) (38, 45, 27, 32) (1, 5, 2, 0) (25, 29, 26, 24) (7, 22, 12, 4, 13, 30, 19, 40, 17, 31, 46, 36, 28, 37, 6, 43, 16, 41) "
"OP(4,6,6,4,18,3,3,3,3)",0,Solved,"0,1850"," (4t+2)","0,1892","(\infty, 21, \infty, 45) (6, 22, 7, 15, 8, 2) (30, 46, 31, 39, 32, 26) (10, 20, 34, 44) (0, 13, 41, 18, 47, 16, 4, 1, 19, 24, 37, 17, 42, 23, 40, 28, 25, 43) (9, 36, 35) (33, 12, 11) (3, 14, 5) (27, 38, 29) "
"OP(6,6,18,5,5,5,5)",0,Solved,"0,0750"," (4t+2)","0,0786","(\infty, 3, 43, \infty, 19, 27) (5, 8, 9, 29, 32, 33) (12, 0, 23, 14, 10, 45, 4, 22, 7, 36, 24, 47, 38, 34, 21, 28, 46, 31) (44, 2, 18, 40, 13) (20, 26, 42, 16, 37) (1, 15, 17, 6, 11) (25, 39, 41, 30, 35) "
"OP(6,6,18,5,5,4,3,3)",0,Solved,"0,2320"," (4t+2)","0,2359","(\infty, 2, 4, \infty, 28, 26) (34, 6, 9, 10, 30, 33) (14, 22, 41, 15, 3, 18, 43, 13, 47, 38, 46, 17, 39, 27, 42, 19, 37, 23) (16, 20, 7, 1, 11) (40, 44, 31, 25, 35) (29, 12, 5, 36) (21, 0, 32) (45, 24, 8) "
"OP(4,6,5,5,4,4,4,18)",0,Solved,"0,0600"," (4t+2)","0,0644","(\infty, 36, \infty, 12) (20, 42, 2, 44, 18, 26) (37, 5, 43, 40, 6) (13, 29, 19, 16, 30) (33, 34, 38, 31) (9, 10, 14, 7) (32, 41, 8, 17) (39, 4, 47, 35, 46, 27, 0, 25, 45, 15, 28, 23, 11, 22, 3, 24, 1, 21) "
"OP(4,6,5,5,18,3,3,3,3)",0,Solved,"0,0880"," (4t+2)","0,0922","(\infty, 3, \infty, 27) (38, 23, 39, 14, 47, 15) (4, 2, 11, 41, 7) (28, 26, 35, 17, 31) (16, 42, 1, 30, 43, 37, 10, 5, 9, 40, 18, 25, 6, 19, 13, 34, 29, 33) (8, 46, 45) (32, 22, 21) (0, 20, 12) (24, 44, 36) "
"OP(6,6,18,4,4,4,4,4)",0,Solved,"0,2080"," (4t+2)","0,2127","(\infty, 26, 0, \infty, 24, 2) (30, 5, 25, 6, 29, 1) (40, 46, 37, 45, 47, 36, 33, 15, 32, 16, 22, 13, 21, 23, 12, 9, 39, 8) (7, 3, 38, 43) (31, 27, 14, 19) (10, 17, 44, 11) (34, 41, 20, 35) (42, 4, 18, 28) "
"OP(6,6,18,4,4,3,3,3,3)",0,Solved,"0,0900"," (4t+2)","0,0938","(\infty, 18, 36, \infty, 12, 42) (40, 34, 5, 16, 10, 29) (0, 27, 20, 30, 4, 43, 8, 31, 39, 24, 3, 44, 6, 28, 19, 32, 7, 15) (9, 14, 45, 11) (33, 38, 21, 35) (2, 46, 47) (26, 22, 23) (37, 1, 17) (13, 25, 41) "
"OP(4,6,4,4,4,4,18,3,3)",0,Solved,"0,1260"," (4t+2)","0,1302","(\infty, 34, \infty, 10) (11, 25, 15, 35, 1, 39) (0, 37, 2, 7) (24, 13, 26, 31) (6, 28, 46, 29) (30, 4, 22, 5) (14, 23, 21, 33, 12, 41, 44, 40, 32, 38, 47, 45, 9, 36, 17, 20, 16, 8) (42, 43, 27) (18, 19, 3) "
"OP(4,6,4,18,3,3,3,3,3,3)",0,Solved,"0,0570"," (4t+2)","0,0612","(\infty, 5, \infty, 29) (41, 9, 40, 17, 33, 16) (0, 42, 24, 18) (12, 19, 4, 15, 7, 3, 23, 44, 46, 36, 43, 28, 39, 31, 27, 47, 20, 22) (11, 6, 45) (35, 30, 21) (2, 1, 14) (26, 25, 38) (32, 13, 10) (8, 37, 34) "
"OP(4,5,5,6,6,6,18)",0,Solved,"0,0510"," (4t+2)","0,0552","(\infty, 4, \infty, 28) (44, 10, 16, 6, 14) (20, 34, 40, 30, 38) (3, 5, 21, 47, 43, 22) (27, 29, 45, 23, 19, 46) (11, 2, 15, 35, 26, 39) (0, 7, 12, 9, 8, 41, 18, 1, 13, 24, 31, 36, 33, 32, 17, 42, 25, 37) "
"OP(18,6,6,6,6,4,4)",0,Solved,"0,0460"," (4t+2)","0,0494","(\infty, 37, 17, 6, 5, 3, 10, 19, 35, \infty, 11, 43, 34, 27, 29, 30, 41, 13) (4, 0, 12, 22, 9, 1) (28, 24, 36, 46, 33, 25) (21, 40, 23, 8, 2, 7) (45, 16, 47, 32, 26, 31) (18, 39, 14, 44) (42, 15, 38, 20) "
"OP(18,6,6,6,5,5,4)",0,Solved,"0,1480"," (4t+2)","0,1518","(\infty, 21, 13, 40, 6, 3, 10, 9, 5, \infty, 29, 33, 34, 27, 30, 16, 37, 45) (23, 11, 0, 2, 22, 7) (47, 35, 24, 26, 46, 31) (42, 12, 43, 18, 36, 19) (14, 4, 39, 17, 8) (38, 28, 15, 41, 32) (1, 20, 25, 44) "
"OP(4,5,5,6,6,18,3,3)",0,Solved,"0,0430"," (4t+2)","0,0466","(\infty, 36, \infty, 12) (41, 29, 1, 8, 18) (17, 5, 25, 32, 42) (31, 26, 10, 13, 44, 9) (7, 2, 34, 37, 20, 33) (21, 27, 0, 4, 22, 11, 19, 38, 47, 45, 3, 24, 28, 46, 35, 43, 14, 23) (30, 15, 16) (6, 39, 40) "
"OP(18,6,6,6,4,4,3,3)",0,Solved,"0,0920"," (4t+2)","0,0965","(\infty, 17, 2, 3, 1, 6, 22, 10, 23, \infty, 47, 34, 46, 30, 25, 27, 26, 41) (4, 18, 12, 8, 5, 45) (28, 42, 36, 32, 29, 21) (7, 37, 20, 31, 13, 44) (11, 38, 16, 39) (35, 14, 40, 15) (9, 19, 0) (33, 43, 24) "
"OP(18,6,6,5,5,5,5)",0,Solved,"0,0490"," (4t+2)","0,0524","(\infty, 6, 3, 11, 42, 22, 41, 19, 40, \infty, 16, 43, 17, 46, 18, 35, 27, 30) (7, 8, 21, 10, 5, 1) (31, 32, 45, 34, 29, 25) (2, 9, 23, 13, 4) (26, 33, 47, 37, 28) (38, 15, 0, 36, 20) (14, 39, 24, 12, 44) "
"OP(18,6,6,5,5,4,3,3)",0,Solved,"0,0630"," (4t+2)","0,0667","(\infty, 21, 47, 15, 46, 12, 40, 42, 17, \infty, 41, 18, 16, 36, 22, 39, 23, 45) (7, 8, 20, 38, 9, 2) (31, 32, 44, 14, 33, 26) (5, 1, 11, 0, 13) (29, 25, 35, 24, 37) (6, 3, 30, 27) (10, 19, 4) (34, 43, 28) "
"OP(4,5,5,6,4,4,4,18)",0,Solved,"0,0510"," (4t+2)","0,0556","(\infty, 22, \infty, 46) (9, 5, 6, 3, 11) (33, 29, 30, 27, 35) (44, 18, 4, 20, 42, 28) (0, 12, 19, 10) (24, 36, 43, 34) (1, 14, 25, 38) (40, 13, 7, 2, 21, 41, 23, 8, 39, 16, 37, 31, 26, 45, 17, 47, 32, 15) "
"OP(4,5,5,6,18,3,3,3,3)",0,Solved,"0,1680"," (4t+2)","0,1735","(\infty, 1, \infty, 25) (2, 4, 5, 9, 14) (26, 28, 29, 33, 38) (30, 16, 27, 6, 40, 3) (12, 43, 21, 46, 13, 23, 15, 34, 18, 36, 19, 45, 22, 37, 47, 39, 10, 42) (11, 17, 8) (35, 41, 32) (0, 20, 7) (24, 44, 31) "
"OP(18,6,6,4,4,4,4,4)",0,Solved,"0,1120"," (4t+2)","0,1168","(\infty, 2, 5, 3, 44, 19, 37, 17, 8, \infty, 32, 41, 13, 43, 20, 27, 29, 26) (6, 21, 4, 40, 18, 14) (30, 45, 28, 16, 42, 38) (23, 9, 10, 39) (47, 33, 34, 15) (1, 7, 12, 22) (25, 31, 36, 46) (11, 0, 35, 24) "
"OP(18,6,6,4,4,3,3,3,3)",0,Solved,"0,1780"," (4t+2)","0,1815","(\infty, 28, 6, 18, 33, 5, 14, 43, 16, \infty, 40, 19, 38, 29, 9, 42, 30, 4) (44, 7, 12, 35, 27, 10) (20, 31, 36, 11, 3, 34) (45, 41, 23, 13) (21, 17, 47, 37) (2, 8, 15) (26, 32, 39) (1, 0, 46) (25, 24, 22) "
"OP(18,6,5,5,5,5,3,3)",0,Solved,"0,0610"," (4t+2)","0,0651","(\infty, 5, 1, 4, 22, 8, 17, 43, 15, \infty, 39, 19, 41, 32, 46, 28, 25, 29) (11, 6, 12, 35, 30, 36) (7, 0, 21, 9, 20) (31, 24, 45, 33, 44) (3, 2, 10, 42, 13) (27, 26, 34, 18, 37) (16, 47, 14) (40, 23, 38) "
"OP(4,5,5,5,5,4,4,18)",0,Solved,"0,0450"," (4t+2)","0,0502","(\infty, 20, \infty, 44) (34, 13, 5, 3, 9) (10, 37, 29, 27, 33) (19, 7, 4, 0, 18) (43, 31, 28, 24, 42) (17, 6, 1, 8) (41, 30, 25, 32) (11, 40, 12, 2, 15, 46, 14, 47, 21, 35, 16, 36, 26, 39, 22, 38, 23, 45) "
"OP(18,6,5,5,4,4,4,4)",0,Solved,"0,0670"," (4t+2)","0,0720","(\infty, 4, 5, 7, 2, 11, 21, 41, 18, \infty, 42, 17, 45, 35, 26, 31, 29, 28) (3, 14, 44, 27, 38, 20) (22, 6, 0, 8, 43) (46, 30, 24, 32, 19) (34, 15, 37, 1) (10, 39, 13, 25) (9, 12, 16, 23) (33, 36, 40, 47) "
"OP(18,6,5,5,4,3,3,3,3)",0,Solved,"0,0660"," (4t+2)","0,0700","(\infty, 18, 19, 26, 8, 5, 11, 40, 4, \infty, 28, 16, 35, 29, 32, 2, 43, 42) (12, 3, 13, 36, 27, 37) (23, 15, 0, 14, 45) (47, 39, 24, 38, 21) (6, 10, 30, 34) (7, 20, 9) (31, 44, 33) (17, 22, 1) (41, 46, 25) "
"OP(4,5,5,4,4,4,18,3,3)",0,Solved,"0,0540"," (4t+2)","0,0576","(\infty, 2, \infty, 26) (3, 6, 14, 7, 1) (27, 30, 38, 31, 25) (5, 10, 32, 15) (29, 34, 8, 39) (9, 20, 33, 44) (11, 12, 21, 37, 22, 41, 16, 43, 23, 35, 36, 45, 13, 46, 17, 40, 19, 47) (18, 0, 4) (42, 24, 28) "
"OP(4,5,5,18,3,3,3,3,3,3)",0,Solved,"0,0470"," (4t+2)","0,0509","(\infty, 2, \infty, 26) (4, 5, 7, 10, 17) (28, 29, 31, 34, 41) (22, 16, 27, 37, 11, 43, 23, 38, 21, 46, 40, 3, 13, 35, 19, 47, 14, 45) (15, 33, 42) (39, 9, 18) (0, 12, 8) (24, 36, 32) (1, 20, 6) (25, 44, 30) "
"OP(18,6,4,4,4,4,4,3,3)",0,Solved,"0,2250"," (4t+2)","0,2293","(\infty, 20, 38, 34, 22, 9, 19, 41, 18, \infty, 42, 17, 43, 33, 46, 10, 14, 44) (13, 6, 23, 37, 30, 47) (40, 8, 5, 11) (16, 32, 29, 35) (2, 7, 15, 4) (26, 31, 39, 28) (12, 3, 36, 27) (21, 1, 0) (45, 25, 24) "
"OP(18,6,4,4,3,3,3,3,3,3)",0,Solved,"0,1640"," (4t+2)","0,1677","(\infty, 33, 17, 42, 1, 5, 3, 32, 11, \infty, 35, 8, 27, 29, 25, 18, 41, 9) (36, 21, 24, 12, 45, 0) (16, 47, 37, 15) (40, 23, 13, 39) (20, 2, 7) (44, 26, 31) (6, 43, 34) (30, 19, 10) (38, 4, 46) (14, 28, 22) "
"OP(4,4,4,5,5,5,5,18)",0,Solved,"0,0640"," (4t+2)","0,0684","(\infty, 22, \infty, 46) (5, 1, 11, 19) (29, 25, 35, 43) (8, 37, 9, 4, 2) (32, 13, 33, 28, 26) (21, 10, 3, 0, 12) (45, 34, 27, 24, 36) (15, 47, 16, 42, 17, 38, 20, 7, 6, 39, 23, 40, 18, 41, 14, 44, 31, 30) "
"OP(18,5,5,5,5,4,4,4)",0,Solved,"0,1180"," (4t+2)","0,1228","(\infty, 25, 36, 32, 44, 35, 5, 34, 47, \infty, 23, 10, 29, 11, 20, 8, 12, 1) (42, 43, 41, 27, 0) (18, 19, 17, 3, 24) (2, 22, 45, 38, 33) (26, 46, 21, 14, 9) (30, 4, 37, 40) (6, 28, 13, 16) (39, 31, 15, 7) "
"OP(18,5,5,5,5,3,3,3,3)",0,Solved,"0,0960"," (4t+2)","0,0999","(\infty, 8, 31, 2, 28, 45, 5, 3, 42, \infty, 18, 27, 29, 21, 4, 26, 7, 32) (0, 10, 40, 13, 41) (24, 34, 16, 37, 17) (12, 23, 35, 20, 6) (36, 47, 11, 44, 30) (33, 46, 1) (9, 22, 25) (19, 14, 15) (43, 38, 39) "
"OP(4,4,4,4,5,5,18,3,3)",0,Solved,"0,0630"," (4t+2)","0,0676","(\infty, 4, \infty, 28) (5, 12, 17, 32) (29, 36, 41, 8) (13, 21, 37, 45) (6, 10, 0, 2, 3) (30, 34, 24, 26, 27) (14, 39, 19, 33, 22, 40, 18, 35, 47, 38, 15, 43, 9, 46, 16, 42, 11, 23) (1, 20, 7) (25, 44, 31) "
"OP(18,5,5,4,4,4,4,3,3)",0,Solved,"0,1380"," (4t+2)","0,1418","(\infty, 8, 22, 44, 3, 1, 16, 0, 4, \infty, 28, 24, 40, 25, 27, 20, 46, 32) (18, 12, 7, 19, 47) (42, 36, 31, 43, 23) (41, 30, 9, 10) (17, 6, 33, 34) (2, 37, 14, 11) (26, 13, 38, 35) (45, 15, 5) (21, 39, 29) "
"OP(18,5,5,4,3,3,3,3,3,3)",0,Solved,"0,0740"," (4t+2)","0,0789","(\infty, 0, 7, 18, 43, 16, 21, 34, 6, \infty, 30, 10, 45, 40, 19, 42, 31, 24) (2, 5, 13, 9, 8) (26, 29, 37, 33, 32) (12, 3, 36, 27) (14, 44, 28) (38, 20, 4) (11, 1, 23) (35, 25, 47) (15, 17, 46) (39, 41, 22) "
"OP(4,4,4,4,4,4,4,4,18)",0,Solved,"0,0630"," (4t+2)","0,0681","(\infty, 4, \infty, 28) (5, 6, 2, 15) (29, 30, 26, 39) (8, 19, 10, 3) (32, 43, 34, 27) (7, 21, 41, 22) (31, 45, 17, 46) (0, 18, 24, 42) (47, 20, 36, 13, 1, 9, 11, 14, 40, 23, 44, 12, 37, 25, 33, 35, 38, 16) "
"OP(4,4,4,4,4,18,3,3,3,3)",0,Solved,"0,1620"," (4t+2)","0,1668","(\infty, 33, \infty, 9) (2, 11, 30, 12) (26, 35, 6, 36) (32, 0, 31, 10) (8, 24, 7, 34) (14, 1, 3, 40, 39, 5, 41, 47, 43, 38, 25, 27, 16, 15, 29, 17, 23, 19) (37, 44, 4) (13, 20, 28) (21, 18, 46) (45, 42, 22) "
"OP(4,4,18,3,3,3,3,3,3,3,3)",0,Solved,"0,1350"," (4t+2)","0,1401","(\infty, 17, \infty, 41) (4, 8, 28, 32) (46, 23, 44, 10, 40, 18, 35, 19, 9, 22, 47, 20, 34, 16, 42, 11, 43, 33) (3, 15, 0) (27, 39, 24) (12, 14, 5) (36, 38, 29) (6, 7, 1) (30, 31, 25) (2, 21, 13) (26, 45, 37) "
"OP(18,4,4,4,4,4,4,4,4)",0,Solved,"0,0570"," (4t+2)","0,0611","(\infty, 4, 5, 7, 2, 11, 21, 39, 10, \infty, 34, 15, 45, 35, 26, 31, 29, 28) (3, 18, 46, 20) (27, 42, 22, 44) (6, 0, 8, 19) (30, 24, 32, 43) (13, 38, 17, 1) (37, 14, 41, 25) (9, 12, 16, 23) (33, 36, 40, 47) "
"OP(18,4,4,4,4,4,3,3,3,3)",0,Solved,"0,0820"," (4t+2)","0,0863","(\infty, 25, 39, 36, 24, 46, 33, 8, 27, \infty, 3, 32, 9, 22, 0, 12, 15, 1) (40, 45, 47, 29) (16, 21, 23, 5) (44, 35, 43, 37) (20, 11, 19, 13) (30, 34, 6, 10) (38, 7, 28) (14, 31, 4) (26, 42, 41) (2, 18, 17) "
"OP(18,4,4,3,3,3,3,3,3,3,3)",0,Solved,"0,1150"," (4t+2)","0,1191","(\infty, 0, 23, 5, 6, 4, 16, 11, 14, \infty, 38, 35, 40, 28, 30, 29, 47, 24) (3, 10, 43, 22) (27, 34, 19, 46) (7, 15, 41) (31, 39, 17) (21, 12, 1) (45, 36, 25) (8, 2, 18) (32, 26, 42) (13, 44, 9) (37, 20, 33) "
OP(18),0,Solved,"0,0510"," (4t+2)","0,0549","(\infty, 38, 10, 40, 19, 44, 15, 46, 12, \infty, 36, 22, 39, 20, 43, 16, 34, 14) "
"OP(4,12)",0,Solved,"0,0550"," (4t+2)","0,0591","(\infty, 1, \infty, 25) (2, 3, 9, 5, 13, 11, 26, 27, 33, 29, 37, 35) "
"OP(18,16,12,4)",0,Solved,"0,0510"," (4t+2)","0,0562","(\infty, 2, 3, 5, 8, 12, 1, 7, 14, \infty, 38, 31, 25, 36, 32, 29, 27, 26) (4, 16, 6, 19, 11, 34, 15, 46, 28, 40, 30, 43, 35, 10, 39, 22) (20, 41, 21, 37, 23, 18, 44, 17, 45, 13, 47, 42) (0, 9, 24, 33) "
"OP(6,10)",0,Solved,"0,0520"," (4t+2)","0,0567","(\infty, 20, 46, \infty, 22, 44) (13, 5, 3, 9, 21, 37, 29, 27, 33, 45) "
"OP(18,16,10,6)",0,Solved,"0,0670"," (4t+2)","0,0712","(\infty, 14, 5, 17, 32, 9, 23, 45, 16, \infty, 40, 21, 47, 33, 8, 41, 29, 38) (10, 4, 0, 1, 3, 6, 11, 18, 34, 28, 24, 25, 27, 30, 35, 42) (7, 20, 12, 2, 13, 31, 44, 36, 26, 37) (22, 43, 15, 46, 19, 39) "
"OP(18,16,10,3,3)",0,Solved,"0,0500"," (4t+2)","0,0542","(\infty, 5, 10, 18, 7, 22, 9, 23, 41, \infty, 17, 47, 33, 46, 31, 42, 34, 29) (4, 0, 2, 3, 6, 12, 21, 38, 28, 24, 26, 27, 30, 36, 45, 14) (15, 40, 13, 35, 19, 39, 16, 37, 11, 43) (1, 20, 8) (25, 44, 32) "
"OP(8,8)",0,Solved,"0,0600"," (4t+2)","0,0639","(\infty, 22, 38, 20, \infty, 44, 14, 46) (5, 3, 9, 10, 29, 27, 33, 34) "
"OP(4,8,4)",0,Solved,"0,0650"," (4t+2)","0,0691","(\infty, 46, \infty, 22) (1, 34, 37, 2, 25, 10, 13, 26) (45, 31, 21, 7) "
"OP(18,16,8,8)",0,Solved,"0,0580"," (4t+2)","0,0623","(\infty, 36, 15, 4, 20, 46, 16, 45, 14, \infty, 38, 21, 40, 22, 44, 28, 39, 12) (10, 43, 23, 13, 8, 1, 2, 11, 34, 19, 47, 37, 32, 25, 26, 35) (9, 17, 31, 18, 6, 0, 3, 5) (33, 41, 7, 42, 30, 24, 27, 29) "
"OP(4,8,4)",0,Solved,"0,0670"," (4t+2)","0,0710","(\infty, 46, \infty, 22) (1, 34, 37, 2, 25, 10, 13, 26) (45, 31, 21, 7) "
"OP(18,16,8,4,4)",0,Solved,"0,0850"," (4t+2)","0,0903","(\infty, 6, 37, 5, 42, 4, 3, 12, 10, \infty, 34, 36, 27, 28, 18, 29, 13, 30) (2, 15, 22, 7, 1, 20, 0, 8, 26, 39, 46, 31, 25, 44, 24, 32) (43, 21, 17, 40, 19, 45, 41, 16) (11, 14, 9, 23) (35, 38, 33, 47) "
"OP(4,6,6)",0,Solved,"0,0640"," (4t+2)","0,0686","(\infty, 4, \infty, 28) (5, 6, 2, 36, 17, 7) (29, 30, 26, 12, 41, 31) "
"OP(6,6,4)",0,Solved,"0,0540"," (4t+2)","0,0571","(\infty, \infty, 23, 5, 29, 47) (11, 0, 6, 35, 24, 30) (42, 9, 18, 33) "
"OP(4,6,3,3)",0,Solved,"0,0500"," (4t+2)","0,0540","(\infty, 4, \infty, 28) (6, 16, 41, 30, 40, 17) (21, 38, 20) (45, 14, 44) "
"OP(18,16,6,6,4)",0,Solved,"0,0540"," (4t+2)","0,0585","(\infty, 2, 4, 7, 6, 21, 12, 33, 16, \infty, 40, 9, 36, 45, 30, 31, 28, 26) (27, 46, 14, 42, 19, 41, 23, 15, 3, 22, 38, 18, 43, 17, 47, 39) (5, 11, 0, 13, 8, 1) (29, 35, 24, 37, 32, 25) (20, 10, 44, 34) "
"OP(18,16,6,5,5)",0,Solved,"0,0470"," (4t+2)","0,0512","(\infty, 0, 27, 18, 41, 11, 33, 26, 22, \infty, 46, 2, 9, 35, 17, 42, 3, 24) (13, 10, 29, 30, 43, 45, 8, 23, 37, 34, 5, 6, 19, 21, 32, 47) (28, 36, 16, 4, 12, 40) (31, 14, 20, 25, 15) (7, 38, 44, 1, 39) "
"OP(18,16,6,4,3,3)",0,Solved,"0,0560"," (4t+2)","0,0594","(\infty, 2, 4, 7, 6, 11, 22, 36, 16, \infty, 40, 12, 46, 35, 30, 31, 28, 26) (27, 10, 23, 13, 45, 19, 42, 15, 3, 34, 47, 37, 21, 43, 18, 39) (17, 9, 0, 41, 33, 24) (14, 8, 38, 32) (1, 20, 5) (25, 44, 29) "
"OP(18,16,5,5,3,3)",0,Solved,"0,0550"," (4t+2)","0,0593","(\infty, 5, 10, 18, 7, 17, 40, 23, 37, \infty, 13, 47, 16, 41, 31, 42, 34, 29) (4, 0, 2, 3, 6, 12, 21, 43, 28, 24, 26, 27, 30, 36, 45, 19) (33, 46, 14, 35, 15) (9, 22, 38, 11, 39) (1, 20, 8) (25, 44, 32) "
"OP(4,4,4,4)",0,Solved,"0,0560"," (4t+2)","0,0607","(\infty, 1, \infty, 25) (2, 3, 9, 13) (26, 27, 33, 37) (5, 21, 29, 45) "
"OP(18,16,4,4,4,4)",0,Solved,"0,1040"," (4t+2)","0,1080","(\infty, 18, 6, 17, 46, 8, 9, 4, 2, \infty, 26, 28, 33, 32, 22, 41, 30, 42) (38, 20, 37, 16, 19, 10, 3, 36, 14, 44, 13, 40, 43, 34, 27, 12) (1, 5, 21, 7) (25, 29, 45, 31) (35, 0, 23, 15) (11, 24, 47, 39) "
"OP(18,16,4,3,3,3,3)",0,Solved,"0,0960"," (4t+2)","0,1022","(\infty, 12, 47, 16, 38, 19, 39, 21, 46, \infty, 22, 45, 15, 43, 14, 40, 23, 36) (32, 17, 9, 2, 0, 6, 11, 20, 8, 41, 33, 26, 24, 30, 35, 44) (3, 13, 27, 37) (4, 1, 5) (28, 25, 29) (7, 34, 18) (31, 10, 42) "
"OP(4,14)",0,Solved,"0,0320"," (4t+2)","0,0365","(\infty, 1, \infty, 25) (2, 3, 9, 5, 13, 11, 38, 26, 27, 33, 29, 37, 35, 14) "
"OP(14,4)",0,Solved,"0,0620"," (4t+2)","0,0665","(\infty, 20, 4, 16, 18, 45, 12, \infty, 36, 21, 42, 40, 28, 44) (23, 1, 47, 25) "
"OP(6,12)",0,Solved,"0,0730"," (4t+2)","0,0777","(\infty, 36, 34, \infty, 10, 12) (35, 44, 40, 17, 5, 39, 11, 20, 16, 41, 29, 15) "
"OP(12,6)",0,Solved,"0,1260"," (4t+2)","0,1313","(\infty, 19, 8, 0, 1, 3, \infty, 27, 25, 24, 32, 43) (39, 4, 7, 15, 28, 31) "
"OP(12,3,3)",0,Solved,"0,0640"," (4t+2)","0,0690","(\infty, 5, 13, 23, 41, 15, \infty, 39, 17, 47, 37, 29) (21, 12, 7) (45, 36, 31) "
"OP(8,10)",0,Solved,"0,0530"," (4t+2)","0,0590","(\infty, 11, 38, 23, \infty, 47, 14, 35) (5, 3, 9, 22, 45, 29, 27, 33, 46, 21) "
"OP(4,10,4)",0,Solved,"0,0780"," (4t+2)","0,0816","(\infty, 1, \infty, 25) (2, 3, 5, 8, 13, 26, 27, 29, 32, 37) (6, 16, 30, 40) "
"OP(10,8)",0,Solved,"0,0700"," (4t+2)","0,0758","(\infty, 5, 15, 23, 41, \infty, 17, 47, 39, 29) (8, 21, 12, 7, 32, 45, 36, 31) "
"OP(17,16,9,5,3)",,Infeasible,,Table config is not valid,,
"OP(10,4,4)",0,Solved,"0,0620"," (4t+2)","0,0679","(\infty, 37, 12, 42, 21, \infty, 45, 18, 36, 13) (29, 14, 2, 3) (5, 38, 26, 27) "
"OP(4,8,6)",0,Solved,"0,0500"," (4t+2)","0,0536","(\infty, \infty, 23, 47) (40, 15, 5, 3, 16, 39, 29, 27) (21, 43, 12, 45, 19, 36) "
"OP(6,8,4)",0,Solved,"0,0570"," (4t+2)","0,0608","(\infty, 2, 4, \infty, 28, 26) (5, 11, 10, 42, 29, 35, 34, 18) (6, 16, 30, 40) "
"OP(4,8,3,3)",0,Solved,"0,0560"," (4t+2)","0,0616","(\infty, 4, \infty, 28) (5, 6, 2, 15, 29, 30, 26, 39) (31, 14, 8) (7, 38, 32) "
"OP(4,7,7)",0,Solved,"0,0520"," (4t+2)","0,0570","(\infty, 2, \infty, 26) (4, 5, 7, 12, 21, 37, 16) (28, 29, 31, 36, 45, 13, 40) "
"OP(8,6,4)",0,Solved,"0,0660"," (4t+2)","0,0707","(\infty, 26, 19, 44, \infty, 20, 43, 2) (27, 10, 30, 3, 34, 6) (45, 18, 21, 42) "
"OP(8,5,5)",0,Solved,"0,0750"," (4t+2)","0,0788","(\infty, 4, 5, 20, \infty, 44, 29, 28) (10, 3, 17, 33, 13) (34, 27, 41, 9, 37) "
"OP(8,4,3,3)",0,Solved,"0,0560"," (4t+2)","0,0605","(\infty, 4, 14, 30, \infty, 6, 38, 28) (40, 13, 16, 37) (39, 21, 46) (15, 45, 22) "
"OP(6,6,6)",0,Solved,"0,0510"," (4t+2)","0,0553","(\infty, 46, 30, \infty, 6, 22) (40, 12, 47, 18, 43, 9) (16, 36, 23, 42, 19, 33) "
"OP(6,6,3,3)",0,Solved,"0,1610"," (4t+2)","0,1651","(\infty, \infty, 23, 11, 35, 47) (3, 4, 14, 27, 28, 38) (5, 1, 6) (29, 25, 30) "
"OP(4,6,4,4)",0,Solved,"0,0410"," (4t+2)","0,0444","(\infty, 20, \infty, 44) (10, 38, 15, 34, 14, 39) (16, 43, 12, 46) (40, 19, 36, 22) "
"OP(4,5,5,4)",0,Solved,"0,0500"," (4t+2)","0,0539","(\infty, 1, \infty, 25) (2, 3, 9, 17, 6) (26, 27, 33, 41, 30) (11, 13, 35, 37) "
"OP(6,4,4,4)",0,Solved,"0,0600"," (4t+2)","0,0633","(\infty, 6, 40, \infty, 16, 30) (32, 21, 39, 19) (8, 45, 15, 43) (12, 7, 36, 31) "
"OP(6,3,3,3,3)",0,Solved,"0,1030"," (4t+2)","0,1091","(\infty, 31, 13, \infty, 37, 7) (1, 9, 22) (25, 33, 46) (23, 11, 45) (47, 35, 21) "
"OP(4,4,4,3,3)",0,Solved,"0,0860"," (4t+2)","0,0898","(\infty, 17, \infty, 41) (2, 3, 1, 7) (26, 27, 25, 31) (9, 39, 10) (33, 15, 34) "
"OP(4,15,15,16)",0,Solved,"0,0520"," (4t+2)","0,0556","(\infty, \infty, 23, 47) (19, 37, 16, 44, 7, 36, 14, 46, 21, 35, 18, 8, 1, 2, 10) (43, 13, 40, 20, 31, 12, 38, 22, 45, 11, 42, 32, 25, 26, 34) (17, 30, 15, 9, 4, 0, 3, 5, 41, 6, 39, 33, 28, 24, 27, 29) "
"OP(16,16,14,4)",0,Solved,"0,0500"," (4t+2)","0,0536","(\infty, 9, 1, 8, 18, 36, 23, 37, \infty, 13, 47, 12, 42, 32, 25, 33) (43, 15, 6, 0, 3, 7, 2, 4, 19, 39, 30, 24, 27, 31, 26, 28) (21, 38, 22, 44, 17, 5, 16, 45, 14, 46, 20, 41, 29, 40) (10, 11, 34, 35) "
"OP(17,15,13,5)",,Infeasible,,Table config is not valid,,
"OP(16,16,12,6)",0,Solved,"0,0600"," (4t+2)","0,0641","(\infty, 41, 38, 32, 45, 28, 47, 31, \infty, 7, 23, 4, 21, 8, 14, 17) (40, 42, 27, 37, 36, 25, 2, 43, 16, 18, 3, 13, 12, 1, 26, 19) (35, 5, 39, 44, 24, 33, 11, 29, 15, 20, 0, 9) (46, 34, 30, 22, 10, 6) "
"OP(16,16,12,3,3)",0,Solved,"0,0500"," (4t+2)","0,0543","(\infty, 16, 43, 14, 46, 21, 9, 44, \infty, 20, 33, 45, 22, 38, 19, 40) (41, 15, 32, 18, 11, 7, 1, 2, 17, 39, 8, 42, 35, 31, 25, 26) (12, 4, 13, 23, 34, 6, 36, 28, 37, 47, 10, 30) (0, 5, 3) (24, 29, 27) "
"OP(17,15,11,7)",,Infeasible,,Table config is not valid,,
"OP(17,15,11,4,3)",,Infeasible,,Table config is not valid,,
"OP(16,16,10,8)",0,Solved,"0,1140"," (4t+2)","0,1173","(\infty, 2, 17, 43, 20, 36, 31, 18, \infty, 42, 7, 12, 44, 19, 41, 26) (3, 1, 4, 11, 23, 37, 10, 38, 27, 25, 28, 35, 47, 13, 34, 14) (0, 8, 39, 9, 5, 24, 32, 15, 33, 29) (22, 16, 6, 45, 46, 40, 30, 21) "
"OP(17,15,10,5,3)",,Infeasible,,Table config is not valid,,
"OP(16,16,10,4,4)",0,Solved,"0,0460"," (4t+2)","0,0502","(\infty, \infty, 23, 35, 10, 41, 13, 40, 21, 45, 16, 37, 17, 34, 11, 47) (44, 18, 32, 19, 12, 6, 1, 2, 20, 42, 8, 43, 36, 30, 25, 26) (15, 4, 14, 22, 7, 39, 28, 38, 46, 31) (9, 0, 3, 5) (33, 24, 27, 29) "
"OP(16,16,9,9)",0,Solved,"0,0480"," (4t+2)","0,0516","(\infty, 15, 46, 13, 5, 3, 9, 21, \infty, 45, 33, 27, 29, 37, 22, 39) (7, 4, 0, 16, 17, 6, 1, 8, 31, 28, 24, 40, 41, 30, 25, 32) (19, 38, 11, 2, 12, 42, 20, 34, 47) (43, 14, 35, 26, 36, 18, 44, 10, 23) "
"OP(17,15,9,6,3)",,Infeasible,,Table config is not valid,,
"OP(17,15,9,5,4)",,Infeasible,,Table config is not valid,,
"OP(17,15,9,3,3,3)",,Infeasible,,Table config is not valid,,
"OP(17,15,8,7,3)",,Infeasible,,Table config is not valid,,
"OP(16,16,8,6,4)",0,Solved,"0,0570"," (4t+2)","0,0612","(\infty, 17, 10, 6, 3, 8, 14, 29, \infty, 5, 38, 32, 27, 30, 34, 41) (42, 22, 40, 21, 12, 4, 15, 31, 18, 46, 16, 45, 36, 28, 39, 7) (23, 11, 37, 20, 47, 35, 13, 44) (1, 0, 2, 25, 24, 26) (19, 9, 43, 33) "
"OP(16,16,8,5,5)",0,Solved,"0,0530"," (4t+2)","0,0584","(\infty, 10, 23, 45, 13, 36, 18, 8, \infty, 32, 42, 12, 37, 21, 47, 34) (43, 22, 41, 30, 15, 7, 1, 2, 19, 46, 17, 6, 39, 31, 25, 26) (4, 11, 20, 40, 28, 35, 44, 16) (9, 14, 0, 3, 5) (33, 38, 24, 27, 29) "
"OP(16,16,8,4,3,3)",0,Solved,"0,0480"," (4t+2)","0,0534","(\infty, 2, 4, 7, 6, 11, 19, 42, \infty, 18, 43, 35, 30, 31, 28, 26) (16, 27, 41, 13, 45, 23, 36, 9, 40, 3, 17, 37, 21, 47, 12, 33) (15, 22, 10, 0, 39, 46, 34, 24) (14, 8, 38, 32) (1, 20, 5) (25, 44, 29) "
"OP(16,16,7,7,4)",0,Solved,"0,0530"," (4t+2)","0,0564","(\infty, 10, 41, 15, 47, 13, 42, 22, \infty, 46, 18, 37, 23, 39, 17, 34) (7, 4, 0, 2, 3, 9, 16, 43, 31, 28, 24, 26, 27, 33, 40, 19) (6, 14, 32, 45, 35, 12, 1) (30, 38, 8, 21, 11, 36, 25) (20, 5, 44, 29) "
"OP(17,15,7,6,5)",,Infeasible,,Table config is not valid,,
"OP(17,15,7,5,3,3)",,Infeasible,,Table config is not valid,,
"OP(17,15,7,4,4,3)",,Infeasible,,Table config is not valid,,
"OP(16,16,6,6,6)",0,Solved,"0,0520"," (4t+2)","0,0563","(\infty, 10, 43, 23, 40, 17, 6, 18, \infty, 42, 30, 41, 16, 47, 19, 34) (12, 39, 21, 13, 7, 5, 1, 2, 36, 15, 45, 37, 31, 29, 25, 26) (4, 11, 20, 46, 33, 14) (28, 35, 44, 22, 9, 38) (0, 3, 8, 24, 27, 32) "
"OP(16,16,6,6,3,3)",0,Solved,"0,0470"," (4t+2)","0,0502","(\infty, 2, 4, 7, 6, 12, 22, 10, \infty, 34, 46, 36, 30, 31, 28, 26) (16, 27, 43, 18, 45, 17, 35, 9, 40, 3, 19, 42, 21, 41, 11, 33) (15, 23, 14, 0, 13, 8) (39, 47, 38, 24, 37, 32) (1, 20, 5) (25, 44, 29) "
"OP(17,15,6,5,4,3)",,Infeasible,,Table config is not valid,,
"OP(16,16,6,4,4,4)",0,Solved,"0,0660"," (4t+2)","0,0700","(\infty, 0, 17, 31, 37, 40, 45, 8, \infty, 32, 21, 16, 13, 7, 41, 24) (5, 44, 3, 35, 12, 39, 1, 47, 29, 20, 27, 11, 36, 15, 25, 23) (6, 28, 43, 30, 4, 19) (14, 26, 34, 33) (38, 2, 10, 9) (22, 42, 46, 18) "
"OP(16,16,6,3,3,3,3)",0,Solved,"0,0830"," (4t+2)","0,0866","(\infty, 47, 2, 4, 20, 39, 12, 35, \infty, 11, 36, 15, 44, 28, 26, 23) (42, 16, 7, 19, 8, 22, 21, 38, 18, 40, 31, 43, 32, 46, 45, 14) (10, 5, 1, 34, 29, 25) (13, 0, 6) (37, 24, 30) (41, 3, 33) (17, 27, 9) "
"OP(17,15,5,5,5,3)",,Infeasible,,Table config is not valid,,
"OP(16,16,5,5,4,4)",0,Solved,"0,0570"," (4t+2)","0,0606","(\infty, 18, 35, 7, 37, 21, 47, 20, \infty, 44, 23, 45, 13, 31, 11, 42) (40, 17, 32, 19, 12, 6, 1, 2, 16, 41, 8, 43, 36, 30, 25, 26) (15, 4, 14, 22, 34) (39, 28, 38, 46, 10) (9, 0, 3, 5) (33, 24, 27, 29) "
"OP(17,15,5,4,3,3,3)",,Infeasible,,Table config is not valid,,
"OP(16,16,4,4,4,3,3)",0,Solved,"0,1440"," (4t+2)","0,1484","(\infty, 7, 16, 41, 36, 1, 3, 19, \infty, 43, 27, 25, 12, 17, 40, 31) (8, 2, 13, 35, 47, 14, 33, 5, 32, 26, 37, 11, 23, 38, 9, 29) (42, 4, 44, 45) (18, 28, 20, 21) (46, 39, 22, 15) (0, 30, 34) (24, 6, 10) "
"OP(16,16,3,3,3,3,3,3)",0,Solved,"0,1230"," (4t+2)","0,1276","(\infty, 30, 15, 19, 0, 18, 8, 10, \infty, 34, 32, 42, 24, 43, 39, 6) (3, 28, 44, 2, 9, 45, 14, 5, 27, 4, 20, 26, 33, 21, 38, 29) (41, 40, 13) (17, 16, 37) (22, 25, 11) (46, 1, 35) (47, 7, 12) (23, 31, 36) "
"OP(6,14,14,16)",0,Solved,"0,0740"," (4t+2)","0,0780","(\infty, 6, 18, \infty, 42, 30) (15, 13, 12, 5, 14, 41, 8, 4, 1, 7, 23, 43, 9, 40) (39, 37, 36, 29, 38, 17, 32, 28, 25, 31, 47, 19, 33, 16) (2, 45, 10, 0, 11, 3, 22, 44, 26, 21, 34, 24, 35, 27, 46, 20) "
"OP(14,14,16,6)",0,Solved,"0,0430"," (4t+2)","0,0470","(\infty, 37, 17, 38, 23, 46, 15, \infty, 39, 22, 47, 14, 41, 13) (32, 16, 7, 21, 43, 33, 20, 8, 40, 31, 45, 19, 9, 44) (1, 2, 6, 11, 4, 10, 18, 36, 25, 26, 30, 35, 28, 34, 42, 12) (0, 3, 5, 24, 27, 29) "
"OP(14,14,16,3,3)",0,Solved,"0,0590"," (4t+2)","0,0624","(\infty, 18, 47, 22, 43, 15, 0, \infty, 24, 39, 19, 46, 23, 42) (6, 13, 3, 21, 8, 7, 4, 30, 37, 27, 45, 32, 31, 28) (34, 36, 5, 17, 1, 9, 20, 14, 10, 12, 29, 41, 25, 33, 44, 38) (11, 16, 2) (35, 40, 26) "
"OP(8,14,12,16)",0,Solved,"0,0750"," (4t+2)","0,0829","(\infty, 35, 0, 1, \infty, 25, 24, 11) (4, 7, 30, 21, 13, 23, 40, 28, 31, 6, 45, 37, 47, 16) (15, 8, 2, 46, 3, 5, 39, 32, 26, 22, 27, 29) (33, 12, 41, 19, 34, 18, 38, 20, 9, 36, 17, 43, 10, 42, 14, 44) "
"OP(4,14,12,4,16)",0,Solved,"0,0880"," (4t+2)","0,0939","(\infty, 0, \infty, 24) (2, 3, 7, 5, 8, 13, 4, 26, 27, 31, 29, 32, 37, 28) (6, 12, 19, 9, 17, 42, 30, 36, 43, 33, 41, 18) (10, 21, 34, 45) (14, 47, 15, 46, 25, 11, 40, 20, 38, 23, 39, 22, 1, 35, 16, 44) "
"OP(12,14,16,8)",0,Solved,"0,1270"," (4t+2)","0,1314","(\infty, 18, 39, 22, 0, 16, \infty, 40, 24, 46, 15, 42) (20, 6, 19, 4, 47, 17, 21, 44, 30, 43, 28, 23, 41, 45) (7, 13, 1, 12, 2, 10, 3, 32, 31, 37, 25, 36, 26, 34, 27, 8) (14, 11, 9, 29, 38, 35, 33, 5) "
"OP(17,14,11,5,3)",,Infeasible,,Table config is not valid,,
"OP(12,14,16,4,4)",0,Solved,"0,0870"," (4t+2)","0,0911","(\infty, 17, 2, 3, 1, 13, \infty, 37, 25, 27, 26, 41) (7, 18, 34, 47, 16, 39, 9, 31, 42, 10, 23, 40, 15, 33) (4, 45, 5, 8, 12, 22, 43, 14, 28, 21, 29, 32, 36, 46, 19, 38) (6, 11, 20, 0) (30, 35, 44, 24) "
"OP(10,14,10,16)",0,Solved,"0,0440"," (4t+2)","0,0483","(\infty, 5, 6, 12, 17, \infty, 41, 36, 30, 29) (14, 46, 33, 15, 8, 0, 2, 38, 22, 9, 39, 32, 24, 26) (3, 7, 16, 37, 47, 27, 31, 40, 13, 23) (43, 10, 21, 35, 4, 1, 20, 42, 19, 34, 45, 11, 28, 25, 44, 18) "
"OP(4,14,10,6,16)",0,Solved,"0,0470"," (4t+2)","0,0507","(\infty, 1, \infty, 25) (4, 3, 6, 2, 0, 5, 11, 28, 27, 30, 26, 24, 29, 35) (8, 18, 33, 19, 44, 32, 42, 9, 43, 20) (22, 14, 7, 46, 38, 31) (10, 21, 37, 16, 36, 23, 41, 15, 34, 45, 13, 40, 12, 47, 17, 39) "
"OP(6,14,10,16,4)",0,Solved,"0,2340"," (4t+2)","0,2378","(\infty, 44, 12, \infty, 36, 20) (11, 21, 14, 9, 6, 4, 0, 35, 45, 38, 33, 30, 28, 24) (41, 19, 34, 16, 5, 17, 43, 10, 40, 29) (1, 7, 15, 32, 23, 37, 18, 46, 25, 31, 39, 8, 47, 13, 42, 22) (3, 2, 27, 26) "
"OP(4,14,10,16,3,3)",0,Solved,"0,0700"," (4t+2)","0,0733","(\infty, 22, \infty, 46) (0, 18, 47, 11, 4, 14, 39, 24, 42, 23, 35, 28, 38, 15) (1, 5, 13, 44, 9, 25, 29, 37, 20, 33) (40, 19, 41, 21, 10, 8, 7, 2, 16, 43, 17, 45, 34, 32, 31, 26) (12, 6, 3) (36, 30, 27) "
"OP(17,14,9,7,3)",,Infeasible,,Table config is not valid,,
"OP(10,14,16,6,4)",0,Solved,"0,0520"," (4t+2)","0,0556","(\infty, \infty, 23, 44, 19, 41, 17, 43, 20, 47) (40, 21, 10, 22, 35, 18, 36, 16, 45, 34, 46, 11, 42, 12) (14, 8, 1, 2, 4, 7, 15, 6, 38, 32, 25, 26, 28, 31, 39, 30) (9, 5, 0, 33, 29, 24) (13, 3, 37, 27) "
"OP(10,14,16,5,5)",0,Solved,"0,0620"," (4t+2)","0,0687","(\infty, 21, 46, 13, 47, \infty, 23, 37, 22, 45) (7, 2, 10, 17, 36, 15, 43, 31, 26, 34, 41, 12, 39, 19) (11, 0, 4, 1, 3, 9, 44, 18, 35, 24, 28, 25, 27, 33, 20, 42) (16, 32, 14, 5, 6) (40, 8, 38, 29, 30) "
"OP(10,14,16,4,3,3)",0,Solved,"0,1090"," (4t+2)","0,1138","(\infty, 25, 23, 28, 43, \infty, 19, 4, 47, 1) (37, 27, 18, 14, 22, 0, 34, 13, 3, 42, 38, 46, 24, 10) (36, 20, 40, 21, 8, 39, 2, 9, 12, 44, 16, 45, 32, 15, 26, 33) (31, 30, 7, 6) (35, 5, 41) (11, 29, 17) "
"OP(4,14,8,8,16)",0,Solved,"0,0650"," (4t+2)","0,0699","(\infty, 26, \infty, 2) (1, 27, 37, 36, 45, 39, 10, 25, 3, 13, 12, 21, 15, 34) (44, 16, 33, 38, 17, 29, 31, 28) (20, 40, 9, 14, 41, 5, 7, 4) (23, 46, 42, 8, 43, 35, 24, 6, 47, 22, 18, 32, 19, 11, 0, 30) "
"OP(8,14,8,16,4)",0,Solved,"0,2400"," (4t+2)","0,2439","(\infty, 3, 13, 41, \infty, 17, 37, 27) (6, 1, 9, 11, 2, 5, 16, 30, 25, 33, 35, 26, 29, 40) (14, 32, 45, 12, 38, 8, 21, 36) (10, 4, 0, 7, 23, 42, 15, 46, 34, 28, 24, 31, 47, 18, 39, 22) (43, 20, 19, 44) "
"OP(6,14,8,6,16)",0,Solved,"0,1740"," (4t+2)","0,1792","(\infty, 2, 0, \infty, 24, 26) (8, 39, 21, 42, 23, 37, 17, 32, 15, 45, 18, 47, 13, 41) (20, 46, 11, 12, 44, 22, 35, 36) (16, 10, 3, 40, 34, 27) (7, 19, 9, 4, 1, 5, 14, 6, 31, 43, 33, 28, 25, 29, 38, 30) "
"OP(6,14,8,16,3,3)",0,Solved,"0,0840"," (4t+2)","0,0881","(\infty, 46, 16, \infty, 40, 22) (12, 39, 20, 9, 8, 4, 13, 36, 15, 44, 33, 32, 28, 37) (17, 2, 7, 5, 41, 26, 31, 29) (3, 10, 23, 43, 21, 18, 1, 11, 27, 34, 47, 19, 45, 42, 25, 35) (0, 6, 14) (24, 30, 38) "
"OP(4,14,8,4,4,16)",0,Solved,"0,0770"," (4t+2)","0,0817","(\infty, 6, \infty, 30) (9, 0, 7, 15, 41, 16, 4, 33, 24, 31, 39, 17, 40, 28) (14, 1, 5, 20, 38, 25, 29, 44) (47, 10, 8, 13) (23, 34, 32, 37) (21, 42, 11, 12, 2, 22, 19, 3, 45, 18, 35, 36, 26, 46, 43, 27) "
"OP(6,14,7,7,16)",0,Solved,"0,0560"," (4t+2)","0,0612","(\infty, 43, 17, \infty, 41, 19) (44, 23, 40, 11, 4, 3, 6, 20, 47, 16, 35, 28, 27, 30) (9, 7, 1, 10, 38, 15, 45) (33, 31, 25, 34, 14, 39, 21) (5, 0, 8, 12, 22, 37, 2, 18, 29, 24, 32, 36, 46, 13, 26, 42) "
"OP(8,14,16,6,6)",0,Solved,"0,0480"," (4t+2)","0,0523","(\infty, 36, 16, 4, \infty, 28, 40, 12) (41, 7, 42, 20, 39, 22, 47, 17, 31, 18, 44, 15, 46, 23) (34, 19, 8, 1, 2, 11, 21, 37, 10, 43, 32, 25, 26, 35, 45, 13) (9, 14, 6, 0, 3, 5) (33, 38, 30, 24, 27, 29) "
"OP(8,14,16,6,3,3)",0,Solved,"0,0460"," (4t+2)","0,0504","(\infty, 20, 45, 18, \infty, 42, 21, 44) (47, 16, 2, 6, 13, 15, 5, 23, 40, 26, 30, 37, 39, 29) (4, 7, 22, 41, 19, 11, 0, 12, 28, 31, 46, 17, 43, 35, 24, 36) (38, 10, 1, 14, 34, 25) (3, 8, 9) (27, 32, 33) "
"OP(17,14,7,5,4,3)",,Infeasible,,Table config is not valid,,
"OP(8,14,16,4,4,4)",0,Solved,"0,0580"," (4t+2)","0,0615","(\infty, 31, 24, 45, \infty, 21, 0, 7) (13, 15, 32, 6, 40, 28, 5, 37, 39, 8, 30, 16, 4, 29) (46, 41, 42, 34, 19, 47, 36, 26, 22, 17, 18, 10, 43, 23, 12, 2) (38, 25, 44, 35) (14, 1, 20, 11) (27, 33, 3, 9) "
"OP(8,14,16,3,3,3,3)",0,Solved,"0,1900"," (4t+2)","0,1939","(\infty, 17, 2, 15, \infty, 39, 26, 41) (20, 37, 16, 10, 1, 45, 22, 44, 13, 40, 34, 25, 21, 46) (11, 0, 7, 12, 4, 14, 42, 23, 35, 24, 31, 36, 28, 38, 18, 47) (19, 33, 3) (43, 9, 27) (8, 5, 6) (32, 29, 30) "
"OP(4,14,6,6,4,16)",0,Solved,"0,0430"," (4t+2)","0,0467","(\infty, 1, \infty, 25) (4, 3, 6, 2, 0, 5, 11, 28, 27, 30, 26, 24, 29, 35) (18, 8, 17, 37, 22, 36) (42, 32, 41, 13, 46, 12) (15, 7, 39, 31) (19, 38, 16, 9, 45, 10, 47, 20, 43, 14, 40, 33, 21, 34, 23, 44) "
"OP(4,14,6,5,5,16)",0,Solved,"0,0480"," (4t+2)","0,0523","(\infty, 8, \infty, 32) (23, 30, 40, 44, 24, 7, 5, 47, 6, 16, 20, 0, 31, 29) (17, 38, 1, 41, 14, 25) (10, 11, 36, 45, 42) (34, 35, 12, 21, 18) (39, 26, 4, 33, 19, 37, 22, 27, 15, 2, 28, 9, 43, 13, 46, 3) "
"OP(6,14,6,16,4,4)",0,Solved,"0,0720"," (4t+2)","0,0766","(\infty, 5, 15, \infty, 39, 29) (13, 7, 2, 0, 1, 4, 8, 37, 31, 26, 24, 25, 28, 32) (18, 10, 3, 42, 34, 27) (16, 44, 14, 47, 21, 33, 17, 6, 40, 20, 38, 23, 45, 9, 41, 30) (19, 36, 11, 46) (43, 12, 35, 22) "
"OP(4,14,6,4,16,3,3)",0,Solved,"0,0800"," (4t+2)","0,0845","(\infty, 30, \infty, 6) (3, 0, 10, 45, 22, 42, 15, 27, 24, 34, 21, 46, 18, 39) (16, 12, 23, 40, 36, 47) (13, 5, 37, 29) (1, 7, 8, 17, 43, 14, 44, 11, 25, 31, 32, 41, 19, 38, 20, 35) (4, 2, 9) (28, 26, 33) "
"OP(6,14,16,5,5,4)",0,Solved,"0,2580"," (4t+2)","0,2615","(\infty, 11, 9, \infty, 33, 35) (42, 28, 37, 14, 45, 8, 3, 18, 4, 13, 38, 21, 32, 27) (46, 34, 16, 17, 39, 7, 1, 30, 22, 10, 40, 41, 15, 31, 25, 6) (2, 29, 19, 12, 47) (26, 5, 43, 36, 23) (24, 20, 0, 44) "
"OP(4,14,5,5,16,3,3)",0,Solved,"0,0740"," (4t+2)","0,0885","(\infty, 22, \infty, 46) (16, 10, 3, 6, 8, 20, 7, 40, 34, 27, 30, 32, 44, 31) (47, 17, 36, 5, 15) (23, 41, 12, 29, 39) (11, 38, 18, 43, 21, 13, 2, 1, 35, 14, 42, 19, 45, 37, 26, 25) (4, 0, 9) (28, 24, 33) "
"OP(6,14,16,4,4,3,3)",0,Solved,"0,0470"," (4t+2)","0,0521","(\infty, 4, 14, \infty, 38, 28) (12, 40, 23, 41, 20, 39, 13, 36, 16, 47, 17, 44, 15, 37) (8, 19, 11, 7, 1, 2, 9, 18, 32, 43, 35, 31, 25, 26, 33, 42) (34, 22, 6, 21) (10, 46, 30, 45) (0, 5, 3) (24, 29, 27) "
"OP(4,14,4,4,4,4,16)",0,Solved,"0,0430"," (4t+2)","0,0523","(\infty, 22, \infty, 46) (43, 13, 5, 3, 9, 10, 44, 19, 37, 29, 27, 33, 34, 20) (4, 0, 16, 7) (28, 24, 40, 31) (6, 1, 8, 18) (30, 25, 32, 42) (35, 15, 2, 17, 36, 47, 21, 38, 11, 39, 26, 41, 12, 23, 45, 14) "
"OP(4,14,4,16,3,3,3,3)",0,Solved,"0,0570"," (4t+2)","0,0616","(\infty, 3, \infty, 27) (4, 5, 7, 13, 17, 40, 45, 28, 29, 31, 37, 41, 16, 21) (1, 14, 25, 38) (26, 11, 8, 15, 23, 44, 18, 36, 2, 35, 32, 39, 47, 20, 42, 12) (6, 22, 34) (30, 46, 10) (0, 9, 19) (24, 33, 43) "
"OP(8,13,13,16)",0,Solved,"0,0810"," (4t+2)","0,0854","(\infty, 30, 3, 0, \infty, 24, 27, 6) (8, 16, 17, 46, 15, 47, 12, 38, 10, 5, 1, 7, 18) (32, 40, 41, 22, 39, 23, 36, 14, 34, 29, 25, 31, 42) (21, 35, 20, 43, 13, 4, 2, 9, 45, 11, 44, 19, 37, 28, 26, 33) "
"OP(4,13,13,4,16)",0,Solved,"0,0430"," (4t+2)","0,0489","(\infty, 14, \infty, 38) (3, 11, 20, 37, 17, 47, 31, 45, 16, 42, 19, 6, 1) (27, 35, 44, 13, 41, 23, 7, 21, 40, 18, 43, 30, 25) (2, 5, 26, 29) (9, 10, 4, 8, 15, 0, 12, 22, 33, 34, 28, 32, 39, 24, 36, 46) "
"OP(14,16,12,8)",0,Solved,"0,1190"," (4t+2)","0,1257","(\infty, 47, 17, 45, 35, 14, 43, \infty, 19, 38, 11, 21, 41, 23) (36, 13, 9, 15, 0, 2, 10, 3, 12, 37, 33, 39, 24, 26, 34, 27) (5, 22, 6, 1, 4, 16, 29, 46, 30, 25, 28, 40) (18, 44, 7, 8, 42, 20, 31, 32) "
"OP(17,13,12,5,3)",,Infeasible,,Table config is not valid,,
"OP(14,16,12,4,4)",0,Solved,"0,0990"," (4t+2)","0,1027","(\infty, 36, 11, 6, 40, 0, 44, \infty, 20, 24, 16, 30, 35, 12) (38, 37, 27, 45, 43, 8, 29, 17, 14, 13, 3, 21, 19, 32, 5, 41) (42, 23, 39, 28, 34, 1, 18, 47, 15, 4, 10, 25) (33, 7, 46, 26) (9, 31, 22, 2) "
"OP(17,13,11,9)",,Infeasible,,Table config is not valid,,
"OP(17,13,11,6,3)",,Infeasible,,Table config is not valid,,
"OP(17,13,11,5,4)",,Infeasible,,Table config is not valid,,
"OP(17,13,11,3,3,3)",,Infeasible,,Table config is not valid,,
"OP(14,16,10,10)",0,Solved,"0,0790"," (4t+2)","0,0838","(\infty, 3, 41, 0, 6, 9, 13, \infty, 37, 33, 30, 24, 17, 27) (43, 21, 36, 20, 15, 2, 10, 1, 19, 45, 12, 44, 39, 26, 34, 25) (8, 7, 5, 16, 28, 11, 38, 18, 47, 22) (32, 31, 29, 40, 4, 35, 14, 42, 23, 46) "
"OP(17,13,10,7,3)",,Infeasible,,Table config is not valid,,
"OP(14,16,10,6,4)",0,Solved,"0,1510"," (4t+2)","0,1553","(\infty, 13, 43, 8, 10, 41, 15, \infty, 39, 17, 34, 32, 19, 37) (40, 7, 47, 2, 38, 28, 5, 9, 16, 31, 23, 26, 14, 4, 29, 33) (3, 42, 36, 20, 0, 27, 18, 12, 44, 24) (11, 45, 46, 35, 21, 22) (1, 6, 25, 30) "
"OP(14,16,10,5,5)",0,Solved,"0,0650"," (4t+2)","0,0684","(\infty, 3, 4, 6, 9, 43, 21, \infty, 45, 19, 33, 30, 28, 27) (20, 5, 1, 17, 26, 13, 8, 14, 44, 29, 25, 41, 2, 37, 32, 38) (23, 40, 15, 36, 7, 47, 16, 39, 12, 31) (46, 10, 0, 11, 18) (22, 34, 24, 35, 42) "
"OP(14,16,10,4,3,3)",0,Solved,"0,1460"," (4t+2)","0,1500","(\infty, 19, 6, 31, 40, 21, 1, \infty, 25, 45, 16, 7, 30, 43) (13, 46, 5, 9, 8, 3, 11, 23, 37, 22, 29, 33, 32, 27, 35, 47) (38, 0, 2, 18, 44, 14, 24, 26, 42, 20) (12, 39, 36, 15) (4, 41, 10) (28, 17, 34) "
"OP(17,13,9,8,3)",,Infeasible,,Table config is not valid,,
"OP(17,13,9,7,4)",,Infeasible,,Table config is not valid,,
"OP(17,13,9,6,5)",,Infeasible,,Table config is not valid,,
"OP(17,13,9,5,3,3)",,Infeasible,,Table config is not valid,,
"OP(17,13,9,4,4,3)",,Infeasible,,Table config is not valid,,
"OP(14,16,8,8,4)",0,Solved,"0,1070"," (4t+2)","0,1112","(\infty, 30, 39, 46, 1, 12, 16, \infty, 40, 36, 25, 22, 15, 6) (38, 3, 9, 21, 35, 43, 17, 37, 14, 27, 33, 45, 11, 19, 41, 13) (31, 0, 18, 2, 29, 44, 34, 32) (7, 24, 42, 26, 5, 20, 10, 8) (23, 28, 47, 4) "
"OP(17,13,8,7,5)",,Infeasible,,Table config is not valid,,
"OP(14,16,8,6,6)",0,Solved,"0,0840"," (4t+2)","0,0892","(\infty, 3, 41, 0, 6, 9, 13, \infty, 37, 33, 30, 24, 17, 27) (45, 15, 36, 19, 14, 2, 10, 1, 21, 39, 12, 43, 38, 26, 34, 25) (8, 7, 5, 16, 32, 31, 29, 40) (28, 42, 20, 35, 22, 47) (4, 18, 44, 11, 46, 23) "
"OP(14,16,8,6,3,3)",0,Solved,"0,1690"," (4t+2)","0,1721","(\infty, 37, 33, 18, 4, 22, 39, \infty, 15, 46, 28, 42, 9, 13) (47, 7, 43, 34, 27, 21, 44, 1, 23, 31, 19, 10, 3, 45, 20, 25) (2, 40, 5, 6, 26, 16, 29, 30) (11, 0, 32, 35, 24, 8) (41, 12, 14) (17, 36, 38) "
"OP(17,13,8,5,4,3)",,Infeasible,,Table config is not valid,,
"OP(14,16,8,4,4,4)",0,Solved,"0,1570"," (4t+2)","0,1615","(\infty, 3, 18, 38, 22, 44, 17, \infty, 41, 20, 46, 14, 42, 27) (4, 16, 19, 0, 7, 12, 47, 5, 28, 40, 43, 24, 31, 36, 23, 29) (21, 39, 8, 6, 45, 15, 32, 30) (2, 10, 9, 13) (26, 34, 33, 37) (1, 11, 25, 35) "
"OP(14,16,8,3,3,3,3)",0,Solved,"0,0480"," (4t+2)","0,0525","(\infty, 11, 3, 16, 32, 47, 13, \infty, 37, 23, 8, 40, 27, 35) (43, 21, 46, 15, 44, 17, 12, 1, 19, 45, 22, 39, 20, 41, 36, 25) (2, 9, 18, 38, 26, 33, 42, 14) (4, 5, 7) (28, 29, 31) (0, 10, 6) (24, 34, 30) "
"OP(14,16,7,7,6)",0,Solved,"0,0670"," (4t+2)","0,0704","(\infty, 45, 11, 27, 16, 6, 7, \infty, 31, 30, 40, 3, 35, 21) (5, 0, 2, 14, 36, 13, 9, 44, 29, 24, 26, 38, 12, 37, 33, 20) (8, 1, 4, 10, 18, 47, 17) (32, 25, 28, 34, 42, 23, 41) (22, 43, 15, 46, 19, 39) "
"OP(14,16,7,7,3,3)",0,Solved,"0,0820"," (4t+2)","0,0866","(\infty, 34, 15, 42, 14, 21, 36, \infty, 12, 45, 38, 18, 39, 10) (3, 37, 24, 29, 41, 9, 35, 4, 27, 13, 0, 5, 17, 33, 11, 28) (1, 47, 44, 40, 2, 8, 19) (25, 23, 20, 16, 26, 32, 43) (46, 6, 7) (22, 30, 31) "
"OP(17,13,7,6,4,3)",,Infeasible,,Table config is not valid,,
"OP(17,13,7,5,5,3)",,Infeasible,,Table config is not valid,,
"OP(17,13,7,5,4,4)",,Infeasible,,Table config is not valid,,
"OP(17,13,7,4,3,3,3)",,Infeasible,,Table config is not valid,,
"OP(17,13,6,6,5,3)",,Infeasible,,Table config is not valid,,
"OP(14,16,6,6,4,4)",0,Solved,"0,0880"," (4t+2)","0,0917","(\infty, 3, 4, 6, 9, 21, 39, \infty, 15, 45, 33, 30, 28, 27) (22, 5, 1, 40, 26, 13, 8, 14, 46, 29, 25, 16, 2, 37, 32, 38) (23, 43, 17, 36, 11, 44) (47, 19, 41, 12, 35, 20) (7, 0, 10, 18) (31, 24, 34, 42) "
"OP(14,16,6,5,5,4)",0,Solved,"0,0480"," (4t+2)","0,0540","(\infty, 17, 3, 6, 18, 38, 21, \infty, 45, 14, 42, 30, 27, 41) (10, 39, 23, 46, 20, 33, 12, 1, 34, 15, 47, 22, 44, 9, 36, 25) (2, 11, 16, 26, 35, 40) (8, 4, 5, 7, 0) (32, 28, 29, 31, 24) (13, 19, 37, 43) "
"OP(17,13,6,5,3,3,3)",,Infeasible,,Table config is not valid,,
"OP(14,16,6,4,4,3,3)",0,Solved,"0,0870"," (4t+2)","0,0906","(\infty, 14, 3, 11, 17, 32, 18, \infty, 42, 8, 41, 35, 27, 38) (20, 10, 7, 6, 4, 22, 47, 15, 44, 34, 31, 30, 28, 46, 23, 39) (12, 0, 5, 36, 24, 29) (45, 19, 40, 1) (21, 43, 16, 25) (2, 9, 37) (26, 33, 13) "
"OP(14,16,5,5,5,5)",0,Solved,"0,2090"," (4t+2)","0,2123","(\infty, 43, 11, 12, 1, 5, 7, \infty, 31, 29, 25, 36, 35, 19) (39, 22, 44, 16, 41, 23, 8, 2, 15, 46, 20, 40, 17, 47, 32, 26) (21, 9, 4, 13, 42) (45, 33, 28, 37, 18) (0, 10, 3, 6, 14) (24, 34, 27, 30, 38) "
"OP(14,16,5,5,4,3,3)",0,Solved,"0,1470"," (4t+2)","0,1514","(\infty, 2, 3, 5, 9, 12, 28, \infty, 4, 36, 33, 29, 27, 26) (7, 19, 47, 22, 40, 14, 35, 18, 31, 43, 23, 46, 16, 38, 11, 42) (6, 13, 21, 10, 0) (30, 37, 45, 34, 24) (17, 8, 41, 32) (1, 20, 15) (25, 44, 39) "
"OP(17,13,5,4,4,4,3)",,Infeasible,,Table config is not valid,,
"OP(17,13,5,3,3,3,3,3)",,Infeasible,,Table config is not valid,,
"OP(14,16,4,4,4,4,4)",0,Solved,"0,0680"," (4t+2)","0,0721","(\infty, 28, 9, 25, 7, 3, 0, \infty, 24, 27, 31, 1, 33, 4) (34, 22, 16, 41, 15, 29, 14, 19, 10, 46, 40, 17, 39, 5, 38, 43) (44, 36, 35, 42) (20, 12, 11, 18) (47, 26, 6, 37) (23, 2, 30, 13) (32, 45, 8, 21) "
"OP(14,16,4,4,3,3,3,3)",0,Solved,"0,1310"," (4t+2)","0,1360","(\infty, 3, 7, 20, 43, 17, 45, \infty, 21, 41, 19, 44, 31, 27) (10, 39, 23, 12, 4, 16, 46, 13, 34, 15, 47, 36, 28, 40, 22, 37) (2, 5, 6, 8) (26, 29, 30, 32) (9, 14, 0) (33, 38, 24) (1, 11, 18) (25, 35, 42) "
"OP(10,12,12,16)",0,Solved,"0,0440"," (4t+2)","0,0482","(\infty, 1, 2, 4, 9, \infty, 33, 28, 26, 25) (3, 6, 12, 21, 5, 35, 22, 10, 0, 14, 7, 47) (27, 30, 36, 45, 29, 11, 46, 34, 24, 38, 31, 23) (8, 19, 39, 20, 37, 16, 42, 17, 32, 43, 15, 44, 13, 40, 18, 41) "
"OP(4,12,12,6,16)",0,Solved,"0,0490"," (4t+2)","0,0531","(\infty, 3, \infty, 27) (4, 13, 47, 5, 12, 8, 0, 15, 44, 19, 22, 17) (28, 37, 23, 29, 36, 32, 24, 39, 20, 43, 46, 41) (9, 7, 6, 33, 31, 30) (42, 11, 1, 21, 10, 40, 14, 2, 18, 35, 25, 45, 34, 16, 38, 26) "
"OP(6,12,12,16,4)",0,Solved,"0,0510"," (4t+2)","0,0554","(\infty, 6, 16, \infty, 40, 30) (34, 14, 32, 19, 12, 7, 4, 0, 2, 3, 9, 17) (10, 38, 8, 43, 36, 31, 28, 24, 26, 27, 33, 41) (39, 23, 42, 21, 46, 35, 13, 1, 15, 47, 18, 45, 22, 11, 37, 25) (20, 5, 44, 29) "
"OP(4,12,12,16,3,3)",0,Solved,"0,0470"," (4t+2)","0,0510","(\infty, 20, \infty, 44) (16, 8, 2, 5, 6, 1, 22, 12, 0, 35, 17, 33) (40, 32, 26, 29, 30, 25, 46, 36, 24, 11, 41, 9) (42, 23, 38, 10, 3, 7, 21, 43, 18, 47, 14, 34, 27, 31, 45, 19) (13, 4, 15) (37, 28, 39) "
"OP(12,12,16,10)",0,Solved,"0,0530"," (4t+2)","0,0568","(\infty, 1, 2, 4, 0, 3, \infty, 27, 24, 28, 26, 25) (23, 6, 13, 32, 19, 5, 47, 30, 37, 8, 43, 29) (35, 17, 40, 31, 15, 10, 18, 38, 11, 41, 16, 7, 39, 34, 42, 14) (9, 20, 46, 36, 21, 33, 44, 22, 12, 45) "
"OP(17,12,11,7,3)",,Infeasible,,Table config is not valid,,
"OP(12,12,16,6,4)",0,Solved,"0,0750"," (4t+2)","0,0815","(\infty, 40, 45, 11, 34, 12, \infty, 36, 10, 35, 21, 16) (14, 33, 1, 0, 39, 46, 38, 9, 25, 24, 15, 22) (43, 6, 3, 5, 47, 32, 20, 2, 19, 30, 27, 29, 23, 8, 44, 26) (7, 42, 4, 31, 18, 28) (41, 37, 17, 13) "
"OP(12,12,16,5,5)",0,Solved,"0,0450"," (4t+2)","0,0489","(\infty, 2, 4, 5, 9, 14, \infty, 38, 33, 29, 28, 26) (12, 42, 16, 27, 17, 45, 36, 18, 40, 3, 41, 21) (37, 22, 43, 31, 15, 23, 6, 0, 13, 46, 19, 7, 39, 47, 30, 24) (11, 8, 1, 20, 34) (35, 32, 25, 44, 10) "
"OP(12,12,16,4,3,3)",0,Solved,"0,1370"," (4t+2)","0,1411","(\infty, 47, 38, 6, 12, 33, \infty, 9, 36, 30, 14, 23) (35, 10, 17, 39, 44, 7, 11, 34, 41, 15, 20, 31) (37, 19, 2, 0, 29, 21, 1, 46, 13, 43, 26, 24, 5, 45, 25, 22) (32, 42, 8, 18) (40, 28, 27) (16, 4, 3) "
"OP(4,12,10,8,16)",0,Solved,"0,0790"," (4t+2)","0,0824","(\infty, 10, \infty, 34) (11, 18, 2, 1, 7, 5, 35, 42, 26, 25, 31, 29) (19, 9, 4, 39, 20, 43, 33, 28, 15, 44) (0, 3, 23, 12, 24, 27, 47, 36) (38, 21, 17, 32, 6, 40, 13, 22, 14, 45, 41, 8, 30, 16, 37, 46) "
"OP(8,12,10,16,4)",0,Solved,"0,0650"," (4t+2)","0,0694","(\infty, 0, 25, 38, \infty, 14, 1, 24) (19, 46, 15, 47, 44, 33, 43, 22, 39, 23, 20, 9) (13, 5, 7, 12, 41, 37, 29, 31, 36, 17) (6, 32, 4, 45, 11, 26, 27, 18, 30, 8, 28, 21, 35, 2, 3, 42) (34, 16, 10, 40) "
"OP(6,12,10,6,16)",0,Solved,"0,1110"," (4t+2)","0,1158","(\infty, 19, 1, \infty, 25, 43) (2, 9, 7, 6, 17, 21, 26, 33, 31, 30, 41, 45) (5, 40, 46, 15, 3, 29, 16, 22, 39, 27) (42, 13, 4, 18, 37, 28) (23, 38, 10, 0, 8, 11, 36, 20, 47, 14, 34, 24, 32, 35, 12, 44) "
"OP(6,12,10,16,3,3)",0,Solved,"0,1940"," (4t+2)","0,1984","(\infty, 47, 19, \infty, 43, 23) (15, 36, 34, 42, 45, 32, 39, 12, 10, 18, 21, 8) (4, 16, 6, 7, 46, 28, 40, 30, 31, 22) (11, 0, 5, 27, 44, 2, 17, 1, 35, 24, 29, 3, 20, 26, 41, 25) (9, 13, 38) (33, 37, 14) "
"OP(4,12,10,4,4,16)",0,Solved,"0,0560"," (4t+2)","0,0599","(\infty, 4, \infty, 28) (5, 6, 2, 15, 13, 43, 29, 30, 26, 39, 37, 19) (8, 3, 10, 20, 17, 32, 27, 34, 44, 41) (11, 0, 12, 40) (35, 24, 36, 16) (22, 38, 7, 1, 9, 18, 45, 23, 46, 14, 31, 25, 33, 42, 21, 47) "
"OP(4,12,9,9,16)",0,Solved,"0,0410"," (4t+2)","0,0448","(\infty, 17, \infty, 41) (9, 42, 22, 35, 16, 6, 33, 18, 46, 11, 40, 30) (15, 8, 3, 1, 0, 4, 7, 13, 29) (39, 32, 27, 25, 24, 28, 31, 37, 5) (14, 44, 21, 47, 36, 19, 10, 2, 38, 20, 45, 23, 12, 43, 34, 26) "
"OP(10,12,16,8,4)",0,Solved,"0,0440"," (4t+2)","0,0480","(\infty, 2, 4, 5, 10, \infty, 34, 29, 28, 26) (6, 9, 22, 16, 27, 13, 30, 33, 46, 40, 3, 37) (14, 43, 17, 7, 23, 15, 45, 18, 38, 19, 41, 31, 47, 39, 21, 42) (0, 12, 8, 1, 24, 36, 32, 25) (20, 11, 44, 35) "
"OP(17,12,9,7,5)",,Infeasible,,Table config is not valid,,
"OP(10,12,16,6,6)",0,Solved,"0,0900"," (4t+2)","0,0942","(\infty, 3, 11, 1, 23, \infty, 47, 25, 35, 27) (29, 2, 19, 39, 46, 14, 5, 26, 43, 15, 22, 38) (8, 44, 10, 4, 41, 18, 0, 13, 32, 20, 34, 28, 17, 42, 24, 37) (7, 9, 12, 16, 21, 6) (31, 33, 36, 40, 45, 30) "
"OP(10,12,16,6,3,3)",0,Solved,"0,0840"," (4t+2)","0,0890","(\infty, 17, 2, 3, 1, \infty, 25, 27, 26, 41) (7, 19, 44, 10, 40, 14, 31, 43, 20, 34, 16, 38) (33, 13, 4, 45, 5, 8, 12, 22, 9, 37, 28, 21, 29, 32, 36, 46) (15, 42, 23, 39, 18, 47) (6, 11, 0) (30, 35, 24) "
"OP(17,12,9,5,4,3)",,Infeasible,,Table config is not valid,,
"OP(10,12,16,4,4,4)",0,Solved,"0,1810"," (4t+2)","0,1850","(\infty, 20, 34, 19, 8, \infty, 32, 43, 10, 44) (2, 0, 5, 6, 14, 36, 26, 24, 29, 30, 38, 12) (45, 15, 46, 11, 23, 42, 17, 37, 21, 39, 22, 35, 47, 18, 41, 13) (3, 9, 16, 7) (27, 33, 40, 31) (1, 4, 25, 28) "
"OP(10,12,16,3,3,3,3)",0,Solved,"0,1310"," (4t+2)","0,1354","(\infty, 45, 4, 2, 13, \infty, 37, 26, 28, 21) (6, 7, 43, 22, 44, 16, 30, 31, 19, 46, 20, 40) (23, 36, 18, 9, 41, 10, 39, 14, 47, 12, 42, 33, 17, 34, 15, 38) (1, 5, 11) (25, 29, 35) (3, 0, 8) (27, 24, 32) "
"OP(6,12,8,8,16)",0,Solved,"0,1180"," (4t+2)","0,1227","(\infty, 22, 12, \infty, 36, 46) (29, 15, 32, 9, 20, 7, 5, 39, 8, 33, 44, 31) (3, 18, 40, 19, 0, 6, 1, 4) (27, 42, 16, 43, 24, 30, 25, 28) (13, 41, 23, 11, 2, 10, 14, 21, 37, 17, 47, 35, 26, 34, 38, 45) "
"OP(8,12,8,16,6)",0,Solved,"0,0470"," (4t+2)","0,0513","(\infty, 1, 4, 11, \infty, 35, 28, 25) (3, 2, 0, 5, 9, 15, 27, 26, 24, 29, 33, 39) (6, 14, 23, 10, 30, 38, 47, 34) (18, 7, 17, 32, 46, 20, 43, 12, 42, 31, 41, 8, 22, 44, 19, 36) (21, 40, 13, 45, 16, 37) "
"OP(8,12,8,16,3,3)",0,Solved,"0,0550"," (4t+2)","0,0592","(\infty, 2, 36, 6, \infty, 30, 12, 26) (39, 32, 0, 1, 27, 44, 15, 8, 24, 25, 3, 20) (42, 40, 43, 38, 18, 16, 19, 14) (33, 45, 41, 35, 46, 7, 34, 47, 9, 21, 17, 11, 22, 31, 10, 23) (29, 37, 4) (5, 13, 28) "
"OP(4,12,8,6,4,16)",0,Solved,"0,0640"," (4t+2)","0,0691","(\infty, 21, \infty, 45) (23, 37, 17, 11, 2, 12, 47, 13, 41, 35, 26, 36) (44, 14, 3, 43, 20, 38, 27, 19) (1, 8, 9, 25, 32, 33) (0, 5, 24, 29) (42, 15, 46, 10, 6, 4, 7, 40, 18, 39, 22, 34, 30, 28, 31, 16) "
"OP(4,12,8,5,5,16)",0,Solved,"0,0540"," (4t+2)","0,0587","(\infty, 24, \infty, 0) (40, 33, 44, 34, 30, 29, 16, 9, 20, 10, 6, 5) (8, 26, 14, 35, 32, 2, 38, 11) (31, 36, 13, 39, 23) (7, 12, 37, 15, 47) (27, 41, 22, 28, 19, 21, 1, 18, 3, 17, 46, 4, 43, 45, 25, 42) "
"OP(6,12,8,16,4,4)",0,Solved,"0,1090"," (4t+2)","0,1142","(\infty, 39, 3, \infty, 27, 15) (4, 5, 7, 10, 17, 47, 28, 29, 31, 34, 41, 23) (18, 13, 38, 22, 42, 37, 14, 46) (9, 1, 16, 43, 21, 8, 12, 2, 33, 25, 40, 19, 45, 32, 36, 26) (0, 6, 20, 11) (24, 30, 44, 35) "
"OP(4,12,8,4,16,3,3)",0,Solved,"0,1870"," (4t+2)","0,1934","(\infty, 16, \infty, 40) (12, 30, 14, 3, 10, 19, 36, 6, 38, 27, 34, 43) (35, 9, 22, 47, 11, 33, 46, 23) (8, 18, 32, 42) (39, 20, 41, 21, 13, 7, 2, 0, 15, 44, 17, 45, 37, 31, 26, 24) (1, 4, 5) (25, 28, 29) "
"OP(8,12,16,7,7)",0,Solved,"0,0570"," (4t+2)","0,0610","(\infty, 38, 20, 42, \infty, 18, 44, 14) (17, 33, 8, 7, 1, 4, 41, 9, 32, 31, 25, 28) (12, 0, 15, 43, 22, 13, 6, 2, 36, 24, 39, 19, 46, 37, 30, 26) (21, 11, 3, 5, 10, 23, 40) (45, 35, 27, 29, 34, 47, 16) "
"OP(4,12,7,7,4,16)",0,Solved,"0,0440"," (4t+2)","0,0480","(\infty, 18, \infty, 42) (3, 17, 47, 20, 36, 8, 27, 41, 23, 44, 12, 32) (11, 16, 39, 22, 14, 10, 1) (35, 40, 15, 46, 38, 34, 25) (2, 13, 26, 37) (45, 19, 4, 5, 7, 0, 6, 9, 21, 43, 28, 29, 31, 24, 30, 33) "
"OP(17,12,7,6,5,3)",,Infeasible,,Table config is not valid,,
"OP(8,12,16,6,4,4)",0,Solved,"0,1590"," (4t+2)","0,1630","(\infty, 17, 44, 19, \infty, 43, 20, 41) (45, 16, 46, 10, 3, 5, 21, 40, 22, 34, 27, 29) (11, 42, 14, 0, 13, 23, 8, 9, 35, 18, 38, 24, 37, 47, 32, 33) (15, 6, 2, 39, 30, 26) (12, 4, 1, 7) (36, 28, 25, 31) "
"OP(8,12,16,5,5,4)",0,Solved,"0,0850"," (4t+2)","0,0883","(\infty, 41, 28, 9, \infty, 33, 4, 17) (6, 5, 7, 1, 13, 16, 30, 29, 31, 25, 37, 40) (22, 45, 12, 2, 20, 42, 14, 19, 46, 21, 36, 26, 44, 18, 38, 43) (23, 15, 11, 0, 32) (47, 39, 35, 24, 8) (10, 3, 34, 27) "
"OP(17,12,7,5,3,3,3)",,Infeasible,,Table config is not valid,,
"OP(8,12,16,4,4,3,3)",0,Solved,"0,1570"," (4t+2)","0,1609","(\infty, 20, 36, 22, \infty, 46, 12, 44) (42, 19, 7, 6, 1, 3, 18, 43, 31, 30, 25, 27) (14, 8, 0, 10, 45, 16, 47, 17, 38, 32, 24, 34, 21, 40, 23, 41) (15, 4, 13, 35) (39, 28, 37, 11) (2, 5, 9) (26, 29, 33) "
"OP(4,12,6,6,6,16)",0,Solved,"0,0540"," (4t+2)","0,0587","(\infty, 15, \infty, 39) (8, 22, 13, 19, 4, 9, 32, 46, 37, 43, 28, 33) (23, 1, 12, 0, 2, 20) (47, 25, 36, 24, 26, 44) (14, 41, 10, 38, 17, 34) (16, 6, 7, 3, 11, 18, 5, 21, 40, 30, 31, 27, 35, 42, 29, 45) "
"OP(6,12,6,6,16,4)",0,Solved,"0,1100"," (4t+2)","0,1143","(\infty, 44, 18, \infty, 42, 20) (12, 6, 1, 5, 2, 0, 36, 30, 25, 29, 26, 24) (11, 39, 23, 8, 19, 38) (35, 15, 47, 32, 43, 14) (10, 3, 4, 13, 21, 46, 33, 16, 34, 27, 28, 37, 45, 22, 9, 40) (17, 7, 41, 31) "
"OP(4,12,6,6,16,3,3)",0,Solved,"0,0510"," (4t+2)","0,0540","(\infty, 2, \infty, 26) (3, 4, 6, 9, 1, 7, 27, 28, 30, 33, 25, 31) (8, 12, 19, 34, 44, 17) (32, 36, 43, 10, 20, 41) (11, 22, 38, 21, 40, 15, 37, 23, 35, 46, 14, 45, 16, 39, 13, 47) (18, 0, 5) (42, 24, 29) "
"OP(6,12,6,16,5,5)",0,Solved,"0,0420"," (4t+2)","0,0465","(\infty, 21, 5, \infty, 29, 45) (43, 12, 3, 15, 23, 1, 19, 36, 27, 39, 47, 25) (4, 2, 9, 28, 26, 33) (6, 7, 44, 11, 16, 13, 0, 10, 30, 31, 20, 35, 40, 37, 24, 34) (22, 8, 14, 41, 18) (46, 32, 38, 17, 42) "
"OP(6,12,6,16,4,3,3)",0,Solved,"0,0760"," (4t+2)","0,0814","(\infty, 8, 4, \infty, 28, 32) (43, 16, 2, 22, 44, 1, 19, 40, 26, 46, 20, 25) (3, 5, 15, 27, 29, 39) (45, 6, 12, 9, 10, 41, 18, 37, 21, 30, 36, 33, 34, 17, 42, 13) (11, 0, 35, 24) (7, 47, 14) (31, 23, 38) "
"OP(4,12,6,4,4,4,16)",0,Solved,"0,0970"," (4t+2)","0,1008","(\infty, 0, \infty, 24) (1, 2, 4, 7, 3, 8, 25, 26, 28, 31, 27, 32) (5, 11, 18, 29, 35, 42) (6, 14, 23, 36) (30, 38, 47, 12) (10, 20, 34, 44) (16, 39, 19, 45, 33, 17, 46, 13, 40, 15, 43, 21, 9, 41, 22, 37) "
"OP(4,12,6,16,3,3,3,3)",0,Solved,"0,0980"," (4t+2)","0,1026","(\infty, 22, \infty, 46) (15, 1, 13, 36, 5, 23, 39, 25, 37, 12, 29, 47) (7, 3, 16, 31, 27, 40) (44, 6, 9, 4, 45, 19, 0, 11, 20, 30, 33, 28, 21, 43, 24, 35) (8, 10, 2) (32, 34, 26) (41, 14, 42) (17, 38, 18) "
"OP(6,12,16,5,5,3,3)",0,Solved,"0,0750"," (4t+2)","0,0791","(\infty, 14, 16, \infty, 40, 38) (13, 43, 18, 9, 29, 45, 37, 19, 42, 33, 5, 21) (0, 6, 2, 36, 15, 4, 17, 7, 24, 30, 26, 12, 39, 28, 41, 31) (3, 10, 11, 23, 8) (27, 34, 35, 47, 32) (44, 25, 22) (20, 1, 46) "
"OP(4,12,5,5,4,4,16)",0,Solved,"0,0270"," (4t+2)","0,0309","(\infty, 4, \infty, 28) (5, 12, 17, 8, 16, 42, 29, 36, 41, 32, 40, 18) (6, 10, 0, 2, 3) (30, 34, 24, 26, 27) (9, 43, 13, 45) (33, 19, 37, 21) (38, 15, 46, 35, 7, 1, 20, 47, 14, 39, 22, 11, 31, 25, 44, 23) "
"OP(6,12,16,4,4,4,4)",0,Solved,"0,1200"," (4t+2)","0,1265","(\infty, 40, 0, \infty, 24, 16) (31, 15, 6, 19, 34, 17, 7, 39, 30, 43, 10, 41) (35, 8, 37, 42, 38, 20, 45, 47, 11, 32, 13, 18, 14, 44, 21, 23) (2, 9, 29, 3) (26, 33, 5, 27) (4, 46, 12, 1) (28, 22, 36, 25) "
"OP(6,12,16,4,3,3,3,3)",0,Solved,"0,1310"," (4t+2)","0,1349","(\infty, 44, 22, \infty, 46, 20) (42, 6, 14, 39, 29, 34, 18, 30, 38, 15, 5, 10) (33, 2, 36, 45, 47, 19, 37, 8, 9, 26, 12, 21, 23, 43, 13, 32) (25, 28, 1, 4) (35, 0, 41) (11, 24, 17) (7, 3, 40) (31, 27, 16) "
"OP(4,12,4,4,4,16,3,3)",0,Solved,"0,0490"," (4t+2)","0,0547","(\infty, 22, \infty, 46) (47, 10, 37, 19, 12, 4, 23, 34, 13, 43, 36, 28) (2, 17, 11, 6) (26, 41, 35, 30) (5, 15, 29, 39) (16, 7, 20, 42, 14, 45, 33, 8, 40, 31, 44, 18, 38, 21, 9, 32) (1, 0, 3) (25, 24, 27) "
"OP(4,12,16,3,3,3,3,3,3)",0,Solved,"0,1820"," (4t+2)","0,1864","(\infty, 9, \infty, 33) (4, 3, 10, 46, 17, 8, 28, 27, 34, 22, 41, 32) (7, 18, 40, 19, 1, 15, 38, 35, 31, 42, 16, 43, 25, 39, 14, 11) (30, 47, 45) (6, 23, 21) (0, 13, 5) (24, 37, 29) (12, 44, 2) (36, 20, 26) "
"OP(12,16,11,11)",0,Solved,"0,0450"," (4t+2)","0,0485","(\infty, 35, 2, 4, 15, 41, \infty, 17, 39, 28, 26, 11) (37, 16, 44, 14, 8, 42, 6, 5, 13, 40, 20, 38, 32, 18, 30, 29) (43, 12, 9, 22, 3, 10, 1, 45, 7, 23, 0) (19, 36, 33, 46, 27, 34, 25, 21, 31, 47, 24) "
"OP(4,11,11,8,16)",0,Solved,"0,0590"," (4t+2)","0,0630","(\infty, 4, \infty, 28) (5, 6, 2, 36, 17, 14, 8, 3, 10, 19, 7) (29, 30, 26, 12, 41, 38, 32, 27, 34, 43, 31) (11, 0, 18, 45, 35, 24, 42, 21) (13, 44, 16, 1, 9, 22, 47, 15, 37, 20, 40, 25, 33, 46, 23, 39) "
"OP(8,11,11,16,4)",0,Solved,"0,0610"," (4t+2)","0,0644","(\infty, 14, 42, 10, \infty, 34, 18, 38) (2, 47, 8, 41, 7, 9, 16, 43, 13, 3, 15) (26, 23, 32, 17, 31, 33, 40, 19, 37, 27, 39) (6, 11, 5, 22, 0, 4, 12, 1, 30, 35, 29, 46, 24, 28, 36, 25) (44, 21, 20, 45) "
"OP(6,11,11,6,16)",0,Solved,"0,0550"," (4t+2)","0,0601","(\infty, 45, 17, \infty, 41, 21) (15, 5, 3, 6, 11, 20, 4, 0, 13, 47, 36) (39, 29, 27, 30, 35, 44, 28, 24, 37, 23, 12) (1, 7, 8, 25, 31, 32) (42, 9, 2, 10, 22, 40, 14, 43, 18, 33, 26, 34, 46, 16, 38, 19) "
"OP(6,11,11,16,3,3)",0,Solved,"0,0510"," (4t+2)","0,0558","(\infty, 7, 17, \infty, 41, 31) (22, 11, 34, 20, 8, 21, 39, 18, 47, 16, 38) (46, 35, 10, 44, 32, 45, 15, 42, 23, 40, 14) (1, 2, 6, 12, 19, 4, 13, 33, 25, 26, 30, 36, 43, 28, 37, 9) (0, 5, 3) (24, 29, 27) "
"OP(4,11,11,4,4,16)",0,Solved,"0,0430"," (4t+2)","0,0490","(\infty, 1, \infty, 25) (4, 3, 6, 2, 0, 5, 13, 22, 32, 17, 10) (28, 27, 30, 26, 24, 29, 37, 46, 8, 41, 34) (35, 18, 7, 19) (11, 42, 31, 43) (40, 20, 45, 15, 36, 23, 9, 38, 16, 44, 21, 39, 12, 47, 33, 14) "
"OP(17,11,10,9,3)",,Infeasible,,Table config is not valid,,
"OP(12,16,10,8,4)",0,Solved,"0,1580"," (4t+2)","0,1642","(\infty, 43, 15, 5, 12, 41, \infty, 17, 36, 29, 39, 19) (9, 40, 3, 11, 8, 2, 20, 7, 33, 16, 27, 35, 32, 26, 44, 31) (42, 47, 1, 0, 4, 18, 23, 25, 24, 28) (10, 22, 38, 13, 34, 46, 14, 37) (6, 21, 30, 45) "
"OP(17,11,10,7,5)",,Infeasible,,Table config is not valid,,
"OP(12,16,10,6,6)",0,Solved,"0,0440"," (4t+2)","0,0484","(\infty, 15, 4, 16, 31, 13, \infty, 37, 7, 40, 28, 39) (20, 36, 17, 45, 19, 46, 23, 10, 44, 12, 41, 21, 43, 22, 47, 34) (1, 2, 11, 18, 8, 25, 26, 35, 42, 32) (9, 14, 6, 0, 3, 5) (33, 38, 30, 24, 27, 29) "
"OP(12,16,10,6,3,3)",0,Solved,"0,0800"," (4t+2)","0,0838","(\infty, 45, 17, 6, 27, 35, \infty, 11, 3, 30, 41, 21) (39, 46, 12, 43, 47, 31, 5, 40, 15, 22, 36, 19, 23, 7, 29, 16) (42, 44, 1, 4, 37, 18, 20, 25, 28, 13) (32, 38, 26, 8, 14, 2) (24, 34, 33) (0, 10, 9) "
"OP(17,11,10,5,4,3)",,Infeasible,,Table config is not valid,,
"OP(12,16,10,4,4,4)",0,Solved,"0,1890"," (4t+2)","0,1940","(\infty, 0, 1, 4, 2, 6, \infty, 30, 26, 28, 25, 24) (5, 10, 16, 7, 14, 22, 9, 45, 29, 34, 40, 31, 38, 46, 33, 21) (8, 19, 39, 20, 47, 32, 43, 15, 44, 23) (11, 37, 12, 42) (35, 13, 36, 18) (17, 3, 41, 27) "
"OP(12,16,10,3,3,3,3)",0,Solved,"0,0350"," (4t+2)","0,0390","(\infty, 3, 21, 20, 28, 43, \infty, 19, 4, 44, 45, 27) (40, 46, 32, 7, 9, 0, 38, 35, 16, 22, 8, 31, 33, 24, 14, 11) (26, 10, 37, 17, 39, 2, 34, 13, 41, 15) (18, 30, 23) (42, 6, 47) (5, 36, 1) (29, 12, 25) "
"OP(12,16,9,9,4)",0,Solved,"0,0480"," (4t+2)","0,0519","(\infty, 6, 16, 32, 21, 42, \infty, 18, 45, 8, 40, 30) (19, 12, 7, 4, 0, 2, 3, 9, 43, 36, 31, 28, 24, 26, 27, 33) (14, 22, 47, 17, 34, 15, 35, 13, 1) (38, 46, 23, 41, 10, 39, 11, 37, 25) (20, 5, 44, 29) "
"OP(17,11,9,8,5)",,Infeasible,,Table config is not valid,,
"OP(17,11,9,7,6)",,Infeasible,,Table config is not valid,,
"OP(17,11,9,7,3,3)",,Infeasible,,Table config is not valid,,
"OP(17,11,9,6,4,3)",,Infeasible,,Table config is not valid,,
"OP(17,11,9,5,5,3)",,Infeasible,,Table config is not valid,,
"OP(17,11,9,5,4,4)",,Infeasible,,Table config is not valid,,
"OP(17,11,9,4,3,3,3)",,Infeasible,,Table config is not valid,,
"OP(12,16,8,8,6)",0,Solved,"0,0470"," (4t+2)","0,0510","(\infty, 4, 13, 23, 43, 18, \infty, 42, 19, 47, 37, 28) (9, 20, 36, 14, 35, 22, 39, 21, 33, 44, 12, 38, 11, 46, 15, 45) (1, 2, 8, 16, 31, 17, 10, 6) (25, 26, 32, 40, 7, 41, 34, 30) (0, 3, 5, 24, 27, 29) "
"OP(12,16,8,8,3,3)",0,Solved,"0,1300"," (4t+2)","0,1341","(\infty, 24, 33, 35, 16, 30, \infty, 6, 40, 11, 9, 0) (37, 44, 4, 36, 19, 1, 29, 26, 13, 20, 28, 12, 43, 25, 5, 2) (42, 38, 32, 47, 22, 27, 15, 41) (18, 14, 8, 23, 46, 3, 39, 17) (45, 7, 34) (21, 31, 10) "
"OP(12,16,8,7,7)",0,Solved,"0,1270"," (4t+2)","0,1329","(\infty, 4, 5, 3, 13, 10, \infty, 34, 37, 27, 29, 28) (12, 8, 1, 9, 14, 42, 26, 47, 36, 32, 25, 33, 38, 18, 2, 23) (41, 15, 6, 0, 17, 39, 30, 24) (21, 7, 43, 20, 35, 22, 40) (45, 31, 19, 44, 11, 46, 16) "
"OP(17,11,8,7,4,3)",,Infeasible,,Table config is not valid,,
"OP(17,11,8,6,5,3)",,Infeasible,,Table config is not valid,,
"OP(12,16,8,6,4,4)",0,Solved,"0,1520"," (4t+2)","0,1569","(\infty, 32, 0, 23, 30, 10, \infty, 34, 6, 47, 24, 8) (41, 22, 9, 12, 21, 3, 13, 44, 17, 46, 33, 36, 45, 27, 37, 20) (42, 16, 15, 7, 18, 40, 39, 31) (5, 1, 35, 29, 25, 11) (19, 14, 2, 4) (43, 38, 26, 28) "
"OP(12,16,8,5,5,4)",0,Solved,"0,0600"," (4t+2)","0,0634","(\infty, 2, 4, 7, 6, 18, \infty, 42, 30, 31, 28, 26) (17, 33, 16, 27, 37, 19, 46, 21, 41, 9, 40, 3, 13, 43, 22, 45) (36, 23, 15, 34, 12, 47, 39, 10) (5, 0, 14, 8, 1) (29, 24, 38, 32, 25) (20, 11, 44, 35) "
"OP(17,11,8,5,3,3,3)",,Infeasible,,Table config is not valid,,
"OP(12,16,8,4,4,3,3)",0,Solved,"0,0530"," (4t+2)","0,0575","(\infty, 46, 28, 8, 39, 2, \infty, 26, 15, 32, 4, 22) (0, 9, 38, 31, 19, 40, 17, 18, 24, 33, 14, 7, 43, 16, 41, 42) (36, 1, 35, 20, 12, 25, 11, 44) (10, 5, 3, 6) (34, 29, 27, 30) (21, 47, 37) (45, 23, 13) "
"OP(17,11,7,7,5,3)",,Infeasible,,Table config is not valid,,
"OP(12,16,7,7,4,4)",0,Solved,"0,0440"," (4t+2)","0,0485","(\infty, 44, 18, 46, 13, 34, \infty, 10, 37, 22, 42, 20) (33, 16, 7, 17, 36, 23, 39, 21, 9, 40, 31, 41, 12, 47, 15, 45) (1, 2, 4, 11, 19, 30, 5) (25, 26, 28, 35, 43, 6, 29) (14, 0, 3, 8) (38, 24, 27, 32) "
"OP(17,11,7,6,6,3)",,Infeasible,,Table config is not valid,,
"OP(17,11,7,6,5,4)",,Infeasible,,Table config is not valid,,
"OP(17,11,7,6,3,3,3)",,Infeasible,,Table config is not valid,,
"OP(17,11,7,5,5,5)",,Infeasible,,Table config is not valid,,
"OP(17,11,7,5,4,3,3)",,Infeasible,,Table config is not valid,,
"OP(17,11,7,4,4,4,3)",,Infeasible,,Table config is not valid,,
"OP(17,11,7,3,3,3,3,3)",,Infeasible,,Table config is not valid,,
"OP(12,16,6,6,6,4)",0,Solved,"0,0500"," (4t+2)","0,0544","(\infty, 6, 12, 23, 39, 20, \infty, 44, 15, 47, 36, 30) (10, 22, 35, 17, 43, 18, 45, 14, 34, 46, 11, 41, 19, 42, 21, 38) (1, 2, 4, 7, 16, 8) (25, 26, 28, 31, 40, 32) (9, 5, 0, 33, 29, 24) (3, 13, 27, 37) "
"OP(12,16,6,6,5,5)",0,Solved,"0,0480"," (4t+2)","0,0518","(\infty, 33, 17, 6, 16, 31, \infty, 7, 40, 30, 41, 9) (20, 39, 19, 42, 11, 23, 36, 10, 44, 15, 43, 18, 35, 47, 12, 34) (1, 2, 4, 22, 13, 5) (25, 26, 28, 46, 37, 29) (14, 21, 0, 3, 8) (38, 45, 24, 27, 32) "
"OP(12,16,6,6,4,3,3)",0,Solved,"0,1820"," (4t+2)","0,1861","(\infty, 17, 47, 21, 20, 7, \infty, 31, 44, 45, 23, 41) (12, 43, 16, 8, 4, 6, 9, 2, 36, 19, 40, 32, 28, 30, 33, 26) (3, 15, 38, 22, 42, 13) (27, 39, 14, 46, 18, 37) (10, 1, 34, 25) (0, 11, 5) (24, 35, 29) "
"OP(12,16,6,5,5,3,3)",0,Solved,"0,0460"," (4t+2)","0,0491","(\infty, 2, 3, 5, 8, 14, \infty, 38, 32, 29, 27, 26) (1, 6, 10, 17, 9, 20, 7, 39, 25, 30, 34, 41, 33, 44, 31, 15) (12, 43, 21, 36, 19, 45) (35, 16, 37, 46, 23) (11, 40, 13, 22, 47) (18, 0, 28) (42, 24, 4) "
"OP(17,11,6,5,4,4,3)",,Infeasible,,Table config is not valid,,
"OP(12,16,6,4,4,4,4)",0,Solved,"0,0800"," (4t+2)","0,0845","(\infty, 8, 16, 1, 44, 42, \infty, 18, 20, 25, 40, 32) (47, 27, 33, 4, 31, 45, 38, 22, 23, 3, 9, 28, 7, 21, 14, 46) (11, 36, 0, 35, 12, 24) (13, 43, 5, 2) (37, 19, 29, 26) (39, 17, 34, 30) (15, 41, 10, 6) "
"OP(12,16,6,4,3,3,3,3)",0,Solved,"0,1340"," (4t+2)","0,1413","(\infty, 16, 2, 10, 12, 18, \infty, 42, 36, 34, 26, 40) (22, 4, 23, 8, 45, 20, 3, 41, 46, 28, 47, 32, 21, 44, 27, 17) (5, 14, 7, 29, 38, 31) (9, 6, 33, 30) (11, 43, 15) (35, 19, 39) (1, 13, 0) (25, 37, 24) "
"OP(17,11,5,5,5,4,3)",,Infeasible,,Table config is not valid,,
"OP(12,16,5,5,4,4,4)",0,Solved,"0,3030"," (4t+2)","0,3068","(\infty, 3, 2, 5, 7, 11, \infty, 35, 31, 29, 26, 27) (8, 30, 14, 1, 18, 45, 16, 46, 32, 6, 38, 25, 42, 21, 40, 22) (20, 43, 23, 15, 9) (44, 19, 47, 39, 33) (0, 10, 17, 12) (24, 34, 41, 36) (13, 4, 37, 28) "
"OP(12,16,5,5,3,3,3,3)",0,Solved,"0,0460"," (4t+2)","0,0502","(\infty, 2, 3, 5, 8, 14, \infty, 38, 32, 29, 27, 26) (1, 6, 10, 17, 9, 20, 7, 39, 25, 30, 34, 41, 33, 44, 31, 15) (12, 21, 43, 22, 37) (36, 45, 19, 46, 13) (11, 40, 23) (35, 16, 47) (18, 0, 28) (42, 24, 4) "
"OP(17,11,5,4,4,3,3,3)",,Infeasible,,Table config is not valid,,
"OP(12,16,4,4,4,4,3,3)",0,Solved,"0,0540"," (4t+2)","0,0574","(\infty, 2, 3, 5, 8, 14, \infty, 38, 32, 29, 27, 26) (1, 6, 10, 17, 9, 20, 7, 39, 25, 30, 34, 41, 33, 44, 31, 15) (12, 43, 16, 45) (36, 19, 40, 21) (11, 37, 46, 23) (35, 13, 22, 47) (18, 0, 28) (42, 24, 4) "
"OP(12,16,4,3,3,3,3,3,3)",0,Solved,"0,1380"," (4t+2)","0,1426","(\infty, 45, 28, 3, 10, 47, \infty, 23, 34, 27, 4, 21) (39, 20, 7, 6, 11, 8, 17, 1, 15, 44, 31, 30, 35, 32, 41, 25) (29, 9, 5, 33) (19, 13, 46) (43, 37, 22) (40, 18, 0) (16, 42, 24) (2, 12, 14) (26, 36, 38) "
"OP(4,10,10,10,16)",0,Solved,"0,0380"," (4t+2)","0,0425","(\infty, 20, \infty, 44) (5, 13, 0, 9, 21, 46, 15, 43, 10, 3) (29, 37, 24, 33, 45, 22, 39, 19, 34, 27) (4, 1, 11, 41, 14, 28, 25, 35, 17, 38) (40, 8, 7, 2, 6, 12, 23, 42, 16, 32, 31, 26, 30, 36, 47, 18) "
"OP(10,10,10,16,4)",0,Solved,"0,1470"," (4t+2)","0,1507","(\infty, 9, 6, 4, 3, \infty, 27, 28, 30, 33) (13, 45, 22, 43, 23, 14, 10, 2, 16, 31) (37, 21, 46, 19, 47, 38, 34, 26, 40, 7) (0, 5, 11, 18, 8, 44, 15, 41, 24, 29, 35, 42, 32, 20, 39, 17) (1, 12, 25, 36) "
"OP(6,10,10,8,16)",0,Solved,"0,0830"," (4t+2)","0,0862","(\infty, 3, 41, \infty, 17, 27) (0, 11, 10, 36, 18, 37, 23, 15, 8, 2) (24, 35, 34, 12, 42, 13, 47, 39, 32, 26) (5, 1, 6, 9, 29, 25, 30, 33) (7, 16, 28, 43, 22, 38, 21, 44, 31, 40, 4, 19, 46, 14, 45, 20) "
"OP(8,10,10,16,6)",0,Solved,"0,1160"," (4t+2)","0,1203","(\infty, 20, 45, 14, \infty, 38, 21, 44) (18, 8, 1, 4, 3, 9, 22, 43, 31, 16) (42, 32, 25, 28, 27, 33, 46, 19, 7, 40) (10, 2, 6, 15, 47, 13, 41, 12, 34, 26, 30, 39, 23, 37, 17, 36) (5, 0, 11, 29, 24, 35) "
"OP(8,10,10,16,3,3)",0,Solved,"0,0740"," (4t+2)","0,0779","(\infty, 19, 21, 47, \infty, 23, 45, 43) (41, 22, 8, 4, 7, 18, 35, 12, 2, 9) (17, 46, 32, 28, 31, 42, 11, 36, 26, 33) (20, 0, 6, 1, 34, 13, 5, 14, 44, 24, 30, 25, 10, 37, 29, 38) (15, 3, 16) (39, 27, 40) "
"OP(4,10,10,6,4,16)",0,Solved,"0,0430"," (4t+2)","0,0486","(\infty, 20, \infty, 44) (3, 8, 35, 22, 39, 19, 37, 21, 47, 18) (27, 32, 11, 46, 15, 43, 13, 45, 23, 42) (14, 10, 1, 38, 34, 25) (2, 12, 26, 36) (41, 16, 4, 5, 7, 0, 6, 9, 17, 40, 28, 29, 31, 24, 30, 33) "
"OP(4,10,10,5,5,16)",0,Solved,"0,0390"," (4t+2)","0,0460","(\infty, 16, \infty, 40) (34, 13, 5, 3, 9, 18, 7, 4, 0, 14) (10, 37, 29, 27, 33, 42, 31, 28, 24, 38) (19, 6, 1, 8, 20) (43, 30, 25, 32, 44) (35, 17, 2, 21, 47, 15, 46, 36, 11, 41, 26, 45, 23, 39, 22, 12) "
"OP(6,10,10,16,4,4)",0,Solved,"0,0490"," (4t+2)","0,0529","(\infty, 2, 4, \infty, 28, 26) (5, 6, 11, 17, 34, 16, 27, 7, 42, 21) (29, 30, 35, 41, 10, 40, 3, 31, 18, 45) (22, 14, 37, 15, 19, 9, 0, 12, 46, 38, 13, 39, 43, 33, 24, 36) (8, 1, 20, 23) (32, 25, 44, 47) "
"OP(4,10,10,4,16,3,3)",0,Solved,"0,0520"," (4t+2)","0,0553","(\infty, 4, \infty, 28) (5, 9, 15, 14, 23, 36, 18, 8, 0, 2) (29, 33, 39, 38, 47, 12, 42, 32, 24, 26) (3, 10, 27, 34) (7, 19, 40, 17, 45, 13, 35, 46, 31, 43, 16, 41, 21, 37, 11, 22) (1, 20, 6) (25, 44, 30) "
"OP(6,10,9,9,16)",0,Solved,"0,0490"," (4t+2)","0,0533","(\infty, 12, 46, \infty, 22, 36) (16, 45, 23, 7, 20, 40, 21, 47, 31, 44) (19, 37, 14, 35, 18, 8, 1, 2, 10) (43, 13, 38, 11, 42, 32, 25, 26, 34) (41, 30, 15, 9, 4, 0, 3, 5, 17, 6, 39, 33, 28, 24, 27, 29) "
"OP(10,10,16,8,6)",0,Solved,"0,1640"," (4t+2)","0,1678","(\infty, 13, 46, 20, 45, \infty, 21, 44, 22, 37) (19, 36, 0, 3, 11, 43, 12, 24, 27, 35) (38, 17, 7, 1, 8, 9, 23, 42, 14, 41, 31, 25, 32, 33, 47, 18) (15, 6, 2, 4, 39, 30, 26, 28) (5, 10, 40, 29, 34, 16) "
"OP(10,10,16,8,3,3)",0,Solved,"0,0650"," (4t+2)","0,0684","(\infty, 19, 35, 20, 45, \infty, 21, 44, 11, 43) (42, 15, 46, 10, 40, 18, 39, 22, 34, 16) (31, 17, 6, 0, 4, 14, 23, 36, 7, 41, 30, 24, 28, 38, 47, 12) (1, 8, 13, 33, 25, 32, 37, 9) (5, 2, 3) (29, 26, 27) "
"OP(10,10,16,7,7)",0,Solved,"0,0490"," (4t+2)","0,0531","(\infty, 2, 3, 5, 8, \infty, 32, 29, 27, 26) (7, 1, 9, 16, 41, 31, 25, 33, 40, 17) (10, 21, 35, 20, 39, 12, 38, 22, 34, 45, 11, 44, 15, 36, 14, 46) (13, 30, 43, 23, 18, 0, 4) (37, 6, 19, 47, 42, 24, 28) "
"OP(17,10,9,7,4,3)",,Infeasible,,Table config is not valid,,
"OP(17,10,9,6,5,3)",,Infeasible,,Table config is not valid,,
"OP(10,10,16,6,4,4)",0,Solved,"0,0610"," (4t+2)","0,0726","(\infty, 4, 5, 7, 2, \infty, 26, 31, 29, 28) (42, 11, 22, 13, 3, 18, 35, 46, 37, 27) (45, 15, 34, 6, 0, 8, 20, 43, 21, 39, 10, 30, 24, 32, 44, 19) (41, 14, 1, 17, 38, 25) (9, 12, 16, 23) (33, 36, 40, 47) "
"OP(10,10,16,5,5,4)",0,Solved,"0,2600"," (4t+2)","0,2644","(\infty, 7, 11, 4, 3, \infty, 27, 28, 35, 31) (5, 8, 19, 13, 34, 29, 32, 43, 37, 10) (44, 46, 12, 2, 17, 42, 14, 1, 20, 22, 36, 26, 41, 18, 38, 25) (6, 15, 33, 45, 23) (30, 39, 9, 21, 47) (16, 0, 40, 24) "
"OP(17,10,9,5,3,3,3)",,Infeasible,,Table config is not valid,,
"OP(10,10,16,4,4,3,3)",0,Solved,"0,0670"," (4t+2)","0,0710","(\infty, 19, 10, 7, 35, \infty, 11, 31, 34, 43) (46, 6, 37, 15, 3, 22, 30, 13, 39, 27) (45, 40, 5, 47, 0, 14, 32, 25, 21, 16, 29, 23, 24, 38, 8, 1) (2, 4, 42, 17) (26, 28, 18, 41) (36, 9, 20) (12, 33, 44) "
"OP(8,10,8,8,16)",0,Solved,"0,0470"," (4t+2)","0,0518","(\infty, 47, 36, 5, \infty, 29, 12, 23) (39, 0, 8, 1, 3, 15, 24, 32, 25, 27) (4, 42, 10, 45, 11, 16, 22, 19) (28, 18, 34, 21, 35, 40, 46, 43) (13, 41, 20, 2, 6, 31, 9, 38, 37, 17, 44, 26, 30, 7, 33, 14) "
"OP(4,10,8,8,4,16)",0,Solved,"0,0490"," (4t+2)","0,0535","(\infty, 1, \infty, 25) (2, 4, 0, 5, 23, 26, 28, 24, 29, 47) (3, 9, 30, 19, 7, 32, 17, 16) (27, 33, 6, 43, 31, 8, 41, 40) (11, 21, 35, 45) (10, 18, 38, 12, 44, 13, 22, 15, 34, 42, 14, 36, 20, 37, 46, 39) "
"OP(17,10,8,7,5,3)",,Infeasible,,Table config is not valid,,
"OP(8,10,8,16,4,4)",0,Solved,"0,0440"," (4t+2)","0,0475","(\infty, 7, 14, 1, \infty, 25, 38, 31) (43, 3, 46, 21, 41, 19, 27, 22, 45, 17) (20, 6, 0, 12, 44, 30, 24, 36) (10, 13, 15, 5, 42, 9, 8, 4, 34, 37, 39, 29, 18, 33, 32, 28) (23, 40, 11, 2) (47, 16, 35, 26) "
"OP(4,10,8,6,6,16)",0,Solved,"0,0420"," (4t+2)","0,0461","(\infty, 1, \infty, 25) (4, 3, 6, 2, 0, 28, 27, 30, 26, 24) (13, 5, 10, 16, 37, 29, 34, 40) (45, 20, 33, 18, 8, 19) (21, 44, 9, 42, 32, 43) (7, 14, 23, 11, 41, 12, 46, 15, 31, 38, 47, 35, 17, 36, 22, 39) "
"OP(6,10,8,6,16,4)",0,Solved,"0,0580"," (4t+2)","0,0614","(\infty, 15, 45, \infty, 21, 39) (41, 7, 38, 23, 43, 17, 31, 14, 47, 19) (18, 10, 0, 3, 42, 34, 24, 27) (6, 5, 1, 30, 29, 25) (13, 36, 20, 8, 2, 4, 9, 16, 37, 12, 44, 32, 26, 28, 33, 40) (11, 22, 35, 46) "
"OP(4,10,8,6,16,3,3)",0,Solved,"0,0550"," (4t+2)","0,0584","(\infty, 38, \infty, 14) (29, 39, 37, 6, 27, 5, 15, 13, 30, 3) (26, 8, 21, 10, 2, 32, 45, 34) (9, 41, 18, 33, 17, 42) (1, 44, 40, 47, 19, 0, 12, 11, 25, 20, 16, 23, 43, 24, 36, 35) (7, 46, 4) (31, 22, 28) "
"OP(6,10,8,16,5,5)",0,Solved,"0,1320"," (4t+2)","0,1362","(\infty, 34, 6, \infty, 30, 10) (8, 4, 11, 46, 23, 32, 28, 35, 22, 47) (2, 7, 13, 5, 26, 31, 37, 29) (15, 0, 14, 40, 9, 45, 44, 42, 39, 24, 38, 16, 33, 21, 20, 18) (41, 3, 19, 1, 12) (17, 27, 43, 25, 36) "
"OP(6,10,8,16,4,3,3)",0,Solved,"0,1400"," (4t+2)","0,1435","(\infty, 45, 27, \infty, 3, 21) (12, 44, 34, 5, 19, 36, 20, 10, 29, 43) (46, 37, 11, 47, 22, 13, 35, 23) (17, 38, 32, 4, 0, 7, 40, 42, 41, 14, 8, 28, 24, 31, 16, 18) (39, 2, 15, 26) (6, 9, 1) (30, 33, 25) "
"OP(4,10,8,4,4,4,16)",0,Solved,"0,0700"," (4t+2)","0,0739","(\infty, 35, \infty, 11) (23, 38, 2, 21, 25, 47, 14, 26, 45, 1) (28, 15, 18, 34, 4, 39, 42, 10) (30, 44, 5, 13) (6, 20, 29, 37) (32, 7, 8, 31) (40, 3, 9, 19, 46, 0, 41, 36, 16, 27, 33, 43, 22, 24, 17, 12) "
"OP(4,10,8,16,3,3,3,3)",0,Solved,"0,1590"," (4t+2)","0,1651","(\infty, 8, \infty, 32) (1, 2, 9, 6, 10, 25, 26, 33, 30, 34) (11, 3, 46, 0, 35, 27, 22, 24) (36, 19, 44, 17, 5, 16, 38, 18, 12, 43, 20, 41, 29, 40, 14, 42) (13, 4, 23) (37, 28, 47) (21, 7, 39) (45, 31, 15) "
"OP(4,10,7,7,6,16)",0,Solved,"0,0550"," (4t+2)","0,0612","(\infty, 5, \infty, 29) (6, 14, 23, 9, 19, 30, 38, 47, 33, 43) (12, 7, 4, 0, 2, 3, 18) (36, 31, 28, 24, 26, 27, 42) (13, 39, 21, 37, 15, 45) (41, 10, 22, 35, 8, 1, 20, 40, 17, 34, 46, 11, 32, 25, 44, 16) "
"OP(6,10,7,7,16,4)",0,Solved,"0,0490"," (4t+2)","0,0542","(\infty, 6, 16, \infty, 40, 30) (8, 14, 37, 17, 46, 32, 38, 13, 41, 22) (7, 4, 0, 2, 3, 19, 12) (31, 28, 24, 26, 27, 43, 36) (42, 15, 45, 10, 47, 35, 9, 1, 18, 39, 21, 34, 23, 11, 33, 25) (20, 5, 44, 29) "
"OP(4,10,7,7,16,3,3)",0,Solved,"0,0550"," (4t+2)","0,0596","(\infty, 36, \infty, 12) (6, 2, 0, 16, 25, 30, 26, 24, 40, 1) (17, 39, 33, 22, 7, 4, 3) (41, 15, 9, 46, 31, 28, 27) (43, 35, 23, 5, 32, 42, 13, 44, 19, 11, 47, 29, 8, 18, 37, 20) (14, 34, 21) (38, 10, 45) "
"OP(8,10,16,6,6,4)",0,Solved,"0,2460"," (4t+2)","0,2508","(\infty, 1, 6, 15, \infty, 39, 30, 25) (18, 11, 44, 14, 17, 42, 35, 20, 38, 41) (0, 8, 12, 2, 19, 47, 13, 40, 24, 32, 36, 26, 43, 23, 37, 16) (9, 22, 3, 4, 10, 21) (33, 46, 27, 28, 34, 45) (7, 5, 31, 29) "
"OP(8,10,16,6,5,5)",0,Solved,"0,0730"," (4t+2)","0,0774","(\infty, 35, 28, 47, \infty, 23, 4, 11) (5, 40, 0, 12, 38, 29, 16, 24, 36, 14) (37, 6, 22, 2, 1, 7, 9, 27, 13, 30, 46, 26, 25, 31, 33, 3) (41, 45, 20, 17, 21, 44) (18, 39, 34, 19, 8) (42, 15, 10, 43, 32) "
"OP(8,10,16,6,4,3,3)",0,Solved,"0,2110"," (4t+2)","0,2156","(\infty, 47, 36, 39, \infty, 15, 12, 23) (6, 38, 46, 34, 4, 30, 14, 22, 10, 28) (3, 41, 43, 42, 21, 8, 13, 7, 27, 17, 19, 18, 45, 32, 37, 31) (40, 9, 2, 16, 33, 26) (44, 11, 20, 35) (5, 1, 24) (29, 25, 0) "
"OP(8,10,16,5,5,3,3)",0,Solved,"0,0850"," (4t+2)","0,0895","(\infty, 4, 38, 46, \infty, 22, 14, 28) (19, 0, 39, 8, 21, 43, 24, 15, 32, 45) (44, 3, 23, 33, 37, 16, 5, 17, 20, 27, 47, 9, 13, 40, 29, 41) (35, 30, 7, 1, 2) (11, 6, 31, 25, 26) (10, 12, 42) (34, 36, 18) "
"OP(17,10,7,5,4,4,3)",,Infeasible,,Table config is not valid,,
"OP(8,10,16,4,4,4,4)",0,Solved,"0,1680"," (4t+2)","0,1711","(\infty, 14, 23, 8, \infty, 32, 47, 38) (17, 3, 19, 45, 16, 41, 27, 43, 21, 40) (31, 4, 0, 5, 6, 12, 2, 10, 7, 28, 24, 29, 30, 36, 26, 34) (13, 44, 42, 1) (37, 20, 18, 25) (9, 46, 11, 39) (33, 22, 35, 15) "
"OP(8,10,16,4,3,3,3,3)",0,Solved,"0,2960"," (4t+2)","0,2997","(\infty, 1, 41, 43, \infty, 19, 17, 25) (46, 39, 7, 40, 44, 22, 15, 31, 16, 20) (42, 28, 9, 29, 34, 47, 30, 27, 18, 4, 33, 5, 10, 23, 6, 3) (36, 37, 12, 13) (38, 32, 2) (14, 8, 26) (35, 24, 45) (11, 0, 21) "
"OP(6,10,6,6,6,16)",0,Solved,"0,1230"," (4t+2)","0,1270","(\infty, 32, 22, \infty, 46, 8) (40, 35, 13, 33, 30, 16, 11, 37, 9, 6) (41, 18, 47, 1, 43, 34) (17, 42, 23, 25, 19, 10) (28, 24, 12, 4, 0, 36) (7, 39, 2, 29, 44, 45, 27, 14, 31, 15, 26, 5, 20, 21, 3, 38) "
"OP(6,10,6,6,16,3,3)",0,Solved,"0,0410"," (4t+2)","0,0452","(\infty, 7, 17, \infty, 41, 31) (14, 45, 34, 20, 8, 38, 21, 10, 44, 32) (23, 39, 18, 40, 11, 46) (47, 15, 42, 16, 35, 22) (1, 2, 6, 12, 19, 4, 13, 33, 25, 26, 30, 36, 43, 28, 37, 9) (0, 5, 3) (24, 29, 27) "
"OP(4,10,6,6,4,4,16)",0,Solved,"0,0490"," (4t+2)","0,0534","(\infty, 1, \infty, 25) (3, 14, 9, 15, 5, 27, 38, 33, 39, 29) (6, 13, 21, 7, 34, 18) (30, 37, 45, 31, 10, 42) (0, 4, 2, 47) (24, 28, 26, 23) (8, 17, 46, 16, 44, 11, 36, 19, 32, 41, 22, 40, 20, 35, 12, 43) "
"OP(4,10,6,5,5,4,16)",0,Solved,"0,0510"," (4t+2)","0,0554","(\infty, 1, \infty, 25) (2, 3, 9, 5, 14, 26, 27, 33, 29, 38) (6, 16, 44, 30, 40, 20) (21, 10, 7, 0, 8) (45, 34, 31, 24, 32) (4, 47, 28, 23) (11, 13, 46, 15, 36, 18, 41, 19, 35, 37, 22, 39, 12, 42, 17, 43) "
"OP(6,10,6,16,4,4,4)",0,Solved,"0,0590"," (4t+2)","0,0633","(\infty, 0, 8, \infty, 32, 24) (42, 17, 11, 6, 7, 18, 41, 35, 30, 31) (13, 43, 22, 37, 19, 46) (20, 4, 14, 2, 21, 47, 16, 3, 44, 28, 38, 26, 45, 23, 40, 27) (1, 10, 12, 15) (25, 34, 36, 39) (5, 9, 29, 33) "
"OP(6,10,6,16,3,3,3,3)",0,Solved,"0,0590"," (4t+2)","0,0638","(\infty, 4, 6, \infty, 30, 28) (12, 44, 18, 10, 3, 36, 20, 42, 34, 27) (22, 43, 15, 46, 19, 39) (45, 16, 41, 23, 9, 0, 5, 8, 21, 40, 17, 47, 33, 24, 29, 32) (14, 13, 2) (38, 37, 26) (1, 7, 11) (25, 31, 35) "
"OP(4,10,6,4,4,16,3,3)",0,Solved,"0,0870"," (4t+2)","0,0918","(\infty, 6, \infty, 30) (47, 44, 21, 11, 19, 23, 20, 45, 35, 43) (46, 12, 34, 22, 36, 10) (39, 9, 25, 4) (15, 33, 1, 28) (41, 13, 8, 2, 3, 42, 5, 24, 17, 37, 32, 26, 27, 18, 29, 0) (31, 16, 14) (7, 40, 38) "
"OP(4,10,5,5,5,5,16)",0,Solved,"0,0770"," (4t+2)","0,0818","(\infty, 19, \infty, 43) (9, 5, 2, 0, 1, 33, 29, 26, 24, 25) (20, 7, 35, 21, 42) (44, 31, 11, 45, 18) (22, 14, 8, 3, 10) (46, 38, 32, 27, 34) (12, 30, 15, 4, 13, 23, 40, 17, 36, 6, 39, 28, 37, 47, 16, 41) "
"OP(6,10,16,5,5,4,4)",0,Solved,"0,0920"," (4t+2)","0,0983","(\infty, 42, 22, \infty, 46, 18) (4, 16, 1, 15, 5, 28, 40, 25, 39, 29) (21, 32, 6, 19, 11, 17, 44, 13, 45, 8, 30, 43, 35, 41, 20, 37) (14, 33, 3, 12, 10) (38, 9, 27, 36, 34) (0, 47, 2, 7) (24, 23, 26, 31) "
"OP(4,10,5,5,4,16,3,3)",0,Solved,"0,0750"," (4t+2)","0,0801","(\infty, 30, \infty, 6) (3, 0, 10, 45, 15, 27, 24, 34, 21, 39) (18, 35, 16, 12, 46) (42, 11, 40, 36, 22) (13, 5, 37, 29) (1, 7, 8, 17, 43, 20, 47, 14, 25, 31, 32, 41, 19, 44, 23, 38) (4, 2, 9) (28, 26, 33) "
"OP(6,10,16,4,4,4,3,3)",0,Solved,"0,1220"," (4t+2)","0,1267","(\infty, 14, 6, \infty, 30, 38) (5, 2, 21, 0, 1, 29, 26, 45, 24, 25) (33, 22, 7, 42, 8, 15, 3, 47, 9, 46, 31, 18, 32, 39, 27, 23) (17, 19, 44, 12) (41, 43, 20, 36) (10, 16, 34, 40) (4, 35, 13) (28, 11, 37) "
"OP(6,10,16,3,3,3,3,3,3)",0,Solved,"0,0920"," (4t+2)","0,0969","(\infty, 47, 21, \infty, 45, 23) (22, 42, 19, 8, 7, 46, 18, 43, 32, 31) (9, 12, 44, 17, 2, 15, 34, 16, 33, 36, 20, 41, 26, 39, 10, 40) (5, 3, 11) (29, 27, 35) (13, 6, 1) (37, 30, 25) (4, 0, 14) (28, 24, 38) "
"OP(4,10,4,4,4,4,4,16)",0,Solved,"0,0800"," (4t+2)","0,0843","(\infty, 1, \infty, 25) (2, 3, 5, 8, 13, 26, 27, 29, 32, 37) (7, 16, 41, 14) (31, 40, 17, 38) (4, 0, 6, 35) (28, 24, 30, 11) (9, 19, 33, 43) (36, 21, 39, 23, 34, 22, 42, 20, 12, 45, 15, 47, 10, 46, 18, 44) "
"OP(4,10,4,4,16,3,3,3,3)",0,Solved,"0,1140"," (4t+2)","0,1189","(\infty, 11, \infty, 35) (0, 47, 17, 20, 4, 24, 23, 41, 44, 28) (6, 31, 9, 40) (30, 7, 33, 16) (22, 14, 5, 3, 13, 42, 15, 10, 46, 38, 29, 27, 37, 18, 39, 34) (12, 1, 45) (36, 25, 21) (8, 2, 43) (32, 26, 19) "
"OP(10,16,9,9,6)",0,Solved,"0,0470"," (4t+2)","0,0509","(\infty, 4, 13, 23, 44, \infty, 20, 47, 37, 28) (21, 9, 39, 19, 36, 14, 46, 11, 45, 33, 15, 43, 12, 38, 22, 35) (6, 1, 2, 8, 16, 31, 42, 17, 10) (30, 25, 26, 32, 40, 7, 18, 41, 34) (0, 3, 5, 24, 27, 29) "
"OP(10,16,9,9,3,3)",0,Solved,"0,0960"," (4t+2)","0,0990","(\infty, 17, 2, 3, 1, \infty, 25, 27, 26, 41) (9, 23, 40, 18, 34, 14, 39, 20, 33, 47, 16, 42, 10, 38, 15, 44) (4, 45, 5, 8, 12, 22, 43, 31, 13) (28, 21, 29, 32, 36, 46, 19, 7, 37) (6, 11, 0) (30, 35, 24) "
"OP(8,9,9,8,16)",0,Solved,"0,0470"," (4t+2)","0,0515","(\infty, 1, 4, 13, \infty, 37, 28, 25) (3, 2, 0, 5, 9, 15, 30, 18, 10) (27, 26, 24, 29, 33, 39, 6, 42, 34) (14, 35, 17, 7, 38, 11, 41, 31) (16, 45, 20, 46, 12, 47, 19, 8, 40, 21, 44, 22, 36, 23, 43, 32) "
"OP(4,9,9,8,4,16)",0,Solved,"0,1600"," (4t+2)","0,1648","(\infty, 2, \infty, 26) (37, 3, 4, 6, 9, 14, 41, 18, 7) (13, 27, 28, 30, 33, 38, 17, 42, 31) (10, 1, 11, 46, 34, 25, 35, 22) (16, 20, 40, 44) (8, 0, 19, 45, 12, 5, 47, 15, 32, 24, 43, 21, 36, 29, 23, 39) "
"OP(17,9,9,7,5,3)",,Infeasible,,Table config is not valid,,
"OP(8,9,9,16,4,4)",0,Solved,"0,0510"," (4t+2)","0,0553","(\infty, 9, 31, 3, \infty, 27, 7, 33) (8, 19, 5, 4, 39, 14, 12, 45, 24) (32, 43, 29, 28, 15, 38, 36, 21, 0) (6, 42, 11, 16, 46, 2, 10, 1, 30, 18, 35, 40, 22, 26, 34, 25) (44, 41, 47, 37) (20, 17, 23, 13) "
"OP(4,9,9,6,6,16)",0,Solved,"0,0410"," (4t+2)","0,0445","(\infty, 20, \infty, 44) (40, 23, 36, 21, 11, 38, 13, 42, 22) (16, 47, 12, 45, 35, 14, 37, 18, 46) (19, 30, 8, 1, 2, 10) (43, 6, 32, 25, 26, 34) (17, 31, 15, 9, 4, 0, 3, 5, 41, 7, 39, 33, 28, 24, 27, 29) "
"OP(6,9,9,6,16,4)",0,Solved,"0,0570"," (4t+2)","0,0611","(\infty, 4, 8, \infty, 32, 28) (5, 12, 13, 21, 39, 22, 10, 0, 2) (29, 36, 37, 45, 15, 46, 34, 24, 26) (3, 9, 41, 27, 33, 17) (16, 42, 19, 47, 14, 35, 6, 1, 40, 18, 43, 23, 38, 11, 30, 25) (20, 7, 44, 31) "
"OP(4,9,9,6,16,3,3)",0,Solved,"0,0680"," (4t+2)","0,0725","(\infty, 30, \infty, 6) (3, 0, 11, 38, 20, 43, 15, 46, 12) (27, 24, 35, 14, 44, 19, 39, 22, 36) (17, 13, 5, 41, 37, 29) (1, 7, 8, 18, 34, 47, 21, 40, 25, 31, 32, 42, 10, 23, 45, 16) (4, 2, 9) (28, 26, 33) "
"OP(6,9,9,16,5,5)",0,Solved,"0,1030"," (4t+2)","0,1063","(\infty, 47, 17, \infty, 41, 23) (12, 4, 6, 10, 1, 7, 14, 33, 0) (36, 28, 30, 34, 25, 31, 38, 9, 24) (45, 11, 39, 18, 2, 19, 20, 46, 21, 35, 15, 42, 26, 43, 44, 22) (8, 13, 3, 16, 5) (32, 37, 27, 40, 29) "
"OP(6,9,9,16,4,3,3)",0,Solved,"0,1040"," (4t+2)","0,1085","(\infty, 41, 25, \infty, 1, 17) (15, 27, 7, 34, 43, 38, 35, 46, 32) (39, 3, 31, 10, 19, 14, 11, 22, 8) (26, 13, 9, 47, 40, 21, 6, 0, 2, 37, 33, 23, 16, 45, 30, 24) (29, 4, 5, 28) (18, 36, 44) (42, 12, 20) "
"OP(4,9,9,4,4,4,16)",0,Solved,"0,0430"," (4t+2)","0,0493","(\infty, 16, \infty, 40) (17, 35, 13, 30, 14, 5, 1, 4, 10) (41, 11, 37, 6, 38, 29, 25, 28, 34) (2, 0, 8, 3) (26, 24, 32, 27) (18, 7, 42, 31) (36, 22, 47, 20, 39, 19, 9, 45, 12, 46, 23, 44, 15, 43, 33, 21) "
"OP(4,9,9,16,3,3,3,3)",0,Solved,"0,1400"," (4t+2)","0,1442","(\infty, 17, \infty, 41) (39, 10, 36, 9, 19, 13, 45, 20, 11) (15, 34, 12, 33, 43, 37, 21, 44, 35) (6, 18, 0, 5, 40, 23, 8, 22, 30, 42, 24, 29, 16, 47, 32, 46) (7, 3, 14) (31, 27, 38) (4, 2, 1) (28, 26, 25) "
"OP(10,16,8,8,8)",0,Solved,"0,0520"," (4t+2)","0,0555","(\infty, 4, 5, 7, 2, \infty, 26, 31, 29, 28) (22, 35, 15, 12, 3, 17, 43, 14, 46, 11, 39, 36, 27, 41, 19, 38) (8, 0, 6, 10, 40, 23, 13, 1) (32, 24, 30, 34, 16, 47, 37, 25) (9, 20, 45, 18, 33, 44, 21, 42) "
"OP(17,9,8,8,5,3)",,Infeasible,,Table config is not valid,,
"OP(10,16,8,8,4,4)",0,Solved,"0,0650"," (4t+2)","0,0685","(\infty, 4, 5, 7, 2, \infty, 26, 31, 29, 28) (20, 35, 15, 12, 3, 16, 42, 21, 44, 11, 39, 36, 27, 40, 18, 45) (8, 0, 6, 10, 41, 23, 13, 1) (32, 24, 30, 34, 17, 47, 37, 25) (9, 43, 14, 46) (33, 19, 38, 22) "
"OP(17,9,8,7,6,3)",,Infeasible,,Table config is not valid,,
"OP(17,9,8,7,5,4)",,Infeasible,,Table config is not valid,,
"OP(17,9,8,7,3,3,3)",,Infeasible,,Table config is not valid,,
"OP(10,16,8,6,6,4)",0,Solved,"0,1520"," (4t+2)","0,1568","(\infty, 45, 4, 2, 7, \infty, 31, 26, 28, 21) (12, 38, 19, 44, 23, 37, 46, 16, 36, 14, 43, 20, 47, 13, 22, 40) (18, 8, 41, 10, 42, 32, 17, 34) (6, 5, 1, 9, 15, 3) (30, 29, 25, 33, 39, 27) (0, 11, 24, 35) "
"OP(10,16,8,6,5,5)",0,Solved,"0,0490"," (4t+2)","0,0525","(\infty, 43, 21, 8, 37, \infty, 13, 32, 45, 19) (46, 36, 20, 11, 4, 15, 30, 42, 22, 12, 44, 35, 28, 39, 6, 18) (7, 1, 2, 10, 31, 25, 26, 34) (16, 41, 23, 40, 17, 47) (9, 14, 0, 3, 5) (33, 38, 24, 27, 29) "
"OP(10,16,8,6,4,3,3)",0,Solved,"0,1370"," (4t+2)","0,1412","(\infty, 18, 8, 5, 38, \infty, 14, 29, 32, 42) (4, 21, 37, 16, 2, 9, 10, 39, 28, 45, 13, 40, 26, 33, 34, 15) (0, 12, 6, 1, 24, 36, 30, 25) (22, 20, 7, 46, 44, 31) (3, 23, 27, 47) (41, 11, 19) (17, 35, 43) "
"OP(10,16,8,5,5,3,3)",0,Solved,"0,0490"," (4t+2)","0,0525","(\infty, 10, 27, 30, 44, \infty, 20, 6, 3, 34) (42, 4, 33, 21, 26, 0, 39, 43, 18, 28, 9, 45, 2, 24, 15, 19) (1, 38, 31, 46, 25, 14, 7, 22) (36, 23, 17, 16, 8) (12, 47, 41, 40, 32) (5, 37, 35) (29, 13, 11) "
"OP(17,9,8,5,4,4,3)",,Infeasible,,Table config is not valid,,
"OP(10,16,8,4,4,4,4)",0,Solved,"0,0620"," (4t+2)","0,0656","(\infty, 4, 5, 7, 2, \infty, 26, 31, 29, 28) (15, 34, 22, 13, 3, 20, 42, 19, 39, 10, 46, 37, 27, 44, 18, 43) (6, 0, 8, 45, 30, 24, 32, 21) (14, 35, 17, 1) (38, 11, 41, 25) (9, 12, 16, 23) (33, 36, 40, 47) "
"OP(10,16,8,4,3,3,3,3)",0,Solved,"0,1280"," (4t+2)","0,1341","(\infty, 14, 20, 3, 42, \infty, 18, 27, 44, 38) (46, 19, 6, 17, 45, 16, 15, 37, 22, 43, 30, 41, 21, 40, 39, 13) (23, 5, 7, 4, 47, 29, 31, 28) (11, 1, 35, 25) (9, 34, 2) (33, 10, 26) (0, 12, 8) (24, 36, 32) "
"OP(17,9,7,7,7,3)",,Infeasible,,Table config is not valid,,
"OP(10,16,7,7,6,4)",0,Solved,"0,0490"," (4t+2)","0,0525","(\infty, 18, 6, 17, 34, \infty, 10, 41, 30, 42) (22, 40, 12, 39, 20, 45, 19, 11, 46, 16, 36, 15, 44, 21, 43, 35) (8, 1, 2, 4, 7, 23, 14) (32, 25, 26, 28, 31, 47, 38) (9, 5, 0, 33, 29, 24) (13, 3, 37, 27) "
"OP(10,16,7,7,5,5)",0,Solved,"0,0610"," (4t+2)","0,0657","(\infty, 32, 39, 40, 24, \infty, 0, 16, 15, 8) (38, 2, 28, 45, 42, 31, 46, 37, 14, 26, 4, 21, 18, 7, 22, 13) (36, 41, 43, 29, 35, 25, 44) (12, 17, 19, 5, 11, 1, 20) (6, 34, 47, 3, 33) (30, 10, 23, 27, 9) "
"OP(10,16,7,7,4,3,3)",0,Solved,"0,0990"," (4t+2)","0,1042","(\infty, 45, 15, 5, 17, \infty, 41, 29, 39, 21) (0, 11, 3, 12, 25, 9, 42, 43, 24, 35, 27, 36, 1, 33, 18, 19) (16, 44, 30, 4, 10, 8, 13) (40, 20, 6, 28, 34, 32, 37) (31, 14, 7, 38) (46, 2, 23) (22, 26, 47) "
"OP(17,9,7,6,6,5)",,Infeasible,,Table config is not valid,,
"OP(17,9,7,6,5,3,3)",,Infeasible,,Table config is not valid,,
"OP(17,9,7,6,4,4,3)",,Infeasible,,Table config is not valid,,
"OP(17,9,7,5,5,4,3)",,Infeasible,,Table config is not valid,,
"OP(17,9,7,5,4,4,4)",,Infeasible,,Table config is not valid,,
"OP(17,9,7,5,3,3,3,3)",,Infeasible,,Table config is not valid,,
"OP(17,9,7,4,4,3,3,3)",,Infeasible,,Table config is not valid,,
"OP(10,16,6,6,6,6)",0,Solved,"0,0540"," (4t+2)","0,0577","(\infty, 4, 21, 10, 44, \infty, 20, 34, 45, 28) (3, 22, 6, 8, 23, 41, 13, 0, 27, 46, 30, 32, 47, 17, 37, 24) (7, 16, 42, 19, 12, 15) (31, 40, 18, 43, 36, 39) (2, 1, 11, 5, 9, 14) (26, 25, 35, 29, 33, 38) "
"OP(10,16,6,6,6,3,3)",0,Solved,"0,1020"," (4t+2)","0,1056","(\infty, 17, 46, 18, 19, \infty, 43, 42, 22, 41) (16, 5, 3, 10, 36, 15, 0, 23, 40, 29, 27, 34, 12, 39, 24, 47) (4, 14, 32, 44, 9, 1) (28, 38, 8, 20, 33, 25) (7, 13, 45, 31, 37, 21) (6, 11, 2) (30, 35, 26) "
"OP(17,9,6,6,5,4,3)",,Infeasible,,Table config is not valid,,
"OP(10,16,6,6,4,4,4)",0,Solved,"0,2210"," (4t+2)","0,2244","(\infty, 4, 20, 45, 12, \infty, 36, 21, 44, 28) (26, 15, 18, 19, 1, 7, 46, 38, 2, 39, 42, 43, 25, 31, 22, 14) (35, 16, 47, 9, 13, 8) (11, 40, 23, 33, 37, 32) (6, 34, 0, 41) (30, 10, 24, 17) (5, 3, 29, 27) "
"OP(10,16,6,6,3,3,3,3)",0,Solved,"0,0550"," (4t+2)","0,0586","(\infty, 14, 42, 15, 44, \infty, 20, 39, 18, 38) (11, 4, 12, 22, 37, 23, 41, 10, 35, 28, 36, 46, 13, 47, 17, 34) (45, 32, 16, 5, 7, 19) (21, 8, 40, 29, 31, 43) (1, 2, 6) (25, 26, 30) (9, 0, 3) (33, 24, 27) "
"OP(17,9,6,5,5,5,3)",,Infeasible,,Table config is not valid,,
"OP(10,16,6,5,5,4,4)",0,Solved,"0,0590"," (4t+2)","0,0634","(\infty, 4, 5, 7, 2, \infty, 26, 31, 29, 28) (10, 43, 22, 13, 3, 15, 44, 21, 34, 19, 46, 37, 27, 39, 20, 45) (6, 0, 8, 30, 24, 32) (17, 35, 18, 38, 1) (41, 11, 42, 14, 25) (9, 12, 16, 23) (33, 36, 40, 47) "
"OP(17,9,6,5,4,3,3,3)",,Infeasible,,Table config is not valid,,
"OP(10,16,6,4,4,4,3,3)",0,Solved,"0,0720"," (4t+2)","0,0762","(\infty, 13, 0, 9, 3, \infty, 27, 33, 24, 37) (45, 43, 15, 11, 14, 6, 22, 4, 21, 19, 39, 35, 38, 30, 46, 28) (23, 44, 18, 47, 20, 42) (2, 12, 1, 16) (26, 36, 25, 40) (8, 7, 32, 31) (17, 5, 10) (41, 29, 34) "
"OP(10,16,6,3,3,3,3,3,3)",0,Solved,"0,0530"," (4t+2)","0,0572","(\infty, 13, 43, 20, 41, \infty, 17, 44, 19, 37) (21, 36, 23, 14, 6, 16, 33, 11, 45, 12, 47, 38, 30, 40, 9, 35) (7, 1, 2, 31, 25, 26) (8, 15, 4) (32, 39, 28) (42, 10, 22) (18, 34, 46) (0, 5, 3) (24, 29, 27) "
"OP(10,16,5,5,5,5,4)",0,Solved,"0,0550"," (4t+2)","0,0592","(\infty, 2, 4, 7, 6, \infty, 30, 31, 28, 26) (46, 21, 33, 16, 27, 37, 17, 43, 22, 45, 9, 40, 3, 13, 41, 19) (18, 36, 23, 15, 34) (42, 12, 47, 39, 10) (5, 0, 14, 8, 1) (29, 24, 38, 32, 25) (20, 11, 44, 35) "
"OP(17,9,5,5,5,3,3,3)",,Infeasible,,Table config is not valid,,
"OP(10,16,5,5,4,4,3,3)",0,Solved,"0,1250"," (4t+2)","0,1289","(\infty, 2, 3, 5, 0, \infty, 24, 29, 27, 26) (6, 12, 20, 9, 21, 31, 14, 39, 30, 36, 44, 33, 45, 7, 38, 15) (10, 23, 37, 22, 42) (34, 47, 13, 46, 18) (11, 40, 19, 41) (35, 16, 43, 17) (4, 1, 8) (28, 25, 32) "
"OP(17,9,5,4,4,4,4,3)",,Infeasible,,Table config is not valid,,
"OP(17,9,5,4,3,3,3,3,3)",,Infeasible,,Table config is not valid,,
"OP(10,16,4,4,4,4,4,4)",0,Solved,"0,0470"," (4t+2)","0,0552","(\infty, 18, 37, 22, 10, \infty, 34, 46, 13, 42) (41, 14, 32, 19, 11, 4, 15, 31, 17, 38, 8, 43, 35, 28, 39, 7) (6, 1, 2, 12) (30, 25, 26, 36) (16, 44, 21, 47) (40, 20, 45, 23) (9, 0, 3, 5) (33, 24, 27, 29) "
"OP(10,16,4,4,4,3,3,3,3)",0,Solved,"0,4650"," (4t+2)","0,4687","(\infty, 3, 23, 40, 13, \infty, 37, 16, 47, 27) (9, 6, 2, 34, 21, 20, 42, 8, 33, 30, 26, 10, 45, 44, 18, 32) (4, 15, 17, 46) (28, 39, 41, 22) (14, 29, 38, 5) (12, 7, 0) (36, 31, 24) (11, 1, 19) (35, 25, 43) "
"OP(10,16,3,3,3,3,3,3,3,3)",0,Solved,"0,1250"," (4t+2)","0,1290","(\infty, 42, 44, 19, 32, \infty, 8, 43, 20, 18) (34, 24, 16, 38, 9, 46, 13, 17, 10, 0, 40, 14, 33, 22, 37, 41) (39, 7, 21) (15, 31, 45) (4, 47, 35) (28, 23, 11) (2, 29, 1) (26, 5, 25) (3, 12, 6) (27, 36, 30) "
"OP(4,8,8,8,6,16)",0,Solved,"0,0360"," (4t+2)","0,0407","(\infty, 1, \infty, 25) (4, 3, 6, 2, 0, 5, 17, 10) (28, 27, 30, 26, 24, 29, 41, 34) (7, 15, 32, 13, 31, 39, 8, 37) (19, 9, 18, 43, 33, 42) (11, 22, 38, 16, 44, 23, 36, 21, 35, 46, 14, 40, 20, 47, 12, 45) "
"OP(6,8,8,8,16,4)",0,Solved,"0,2200"," (4t+2)","0,2235","(\infty, 44, 32, \infty, 8, 20) (30, 47, 3, 9, 35, 42, 26, 40) (6, 23, 27, 33, 11, 18, 2, 16) (0, 25, 43, 4, 24, 1, 19, 28) (46, 13, 5, 7, 12, 39, 38, 41, 22, 37, 29, 31, 36, 15, 14, 17) (45, 10, 21, 34) "
"OP(4,8,8,8,16,3,3)",0,Solved,"0,0590"," (4t+2)","0,0624","(\infty, 3, \infty, 27) (4, 6, 11, 10, 22, 14, 5, 1) (28, 30, 35, 34, 46, 38, 29, 25) (15, 26, 40, 8, 39, 2, 16, 32) (44, 23, 45, 17, 36, 18, 33, 43, 20, 47, 21, 41, 12, 42, 9, 19) (0, 7, 13) (24, 31, 37) "
"OP(4,8,8,7,7,16)",0,Solved,"0,0410"," (4t+2)","0,0448","(\infty, 22, \infty, 46) (9, 5, 6, 3, 12, 45, 14, 4) (33, 29, 30, 27, 36, 21, 38, 28) (0, 11, 31, 19, 1, 47, 13) (24, 35, 7, 43, 25, 23, 37) (15, 8, 2, 10, 42, 16, 41, 20, 39, 32, 26, 34, 18, 40, 17, 44) "
"OP(8,8,8,16,6,4)",0,Solved,"0,0460"," (4t+2)","0,0508","(\infty, 19, 42, 11, \infty, 35, 18, 43) (12, 40, 21, 10, 22, 44, 17, 47) (36, 16, 45, 34, 46, 20, 41, 23) (14, 8, 1, 2, 4, 7, 15, 6, 38, 32, 25, 26, 28, 31, 39, 30) (9, 5, 0, 33, 29, 24) (13, 3, 37, 27) "
"OP(8,8,8,16,5,5)",0,Solved,"0,0770"," (4t+2)","0,0806","(\infty, 7, 11, 9, \infty, 33, 35, 31) (14, 8, 16, 1, 23, 5, 4, 43) (38, 32, 40, 25, 47, 29, 28, 19) (20, 45, 18, 2, 13, 41, 6, 3, 44, 21, 42, 26, 37, 17, 30, 27) (46, 12, 0, 10, 15) (22, 36, 24, 34, 39) "
"OP(8,8,8,16,4,3,3)",0,Solved,"0,0560"," (4t+2)","0,0601","(\infty, 41, 32, 47, \infty, 23, 8, 17) (33, 36, 0, 26, 45, 25, 46, 39) (9, 12, 24, 2, 21, 1, 22, 15) (19, 44, 40, 27, 37, 42, 31, 29, 43, 20, 16, 3, 13, 18, 7, 5) (30, 38, 6, 14) (34, 4, 35) (10, 28, 11) "
"OP(6,8,8,6,6,16)",0,Solved,"0,0760"," (4t+2)","0,0794","(\infty, 3, 41, \infty, 17, 27) (0, 6, 10, 13, 8, 21, 12, 11) (24, 30, 34, 37, 32, 45, 36, 35) (14, 2, 9, 1, 15, 46) (38, 26, 33, 25, 39, 22) (5, 7, 28, 43, 20, 40, 18, 47, 29, 31, 4, 19, 44, 16, 42, 23) "
"OP(6,8,8,6,16,3,3)",0,Solved,"0,0710"," (4t+2)","0,0771","(\infty, 20, 4, \infty, 28, 44) (2, 13, 11, 42, 14, 22, 45, 16) (26, 37, 35, 18, 38, 46, 21, 40) (5, 23, 8, 29, 47, 32) (15, 19, 41, 6, 3, 9, 10, 1, 39, 43, 17, 30, 27, 33, 34, 25) (0, 7, 12) (24, 31, 36) "
"OP(4,8,8,6,4,4,16)",0,Solved,"0,0420"," (4t+2)","0,0461","(\infty, 1, \infty, 25) (3, 14, 9, 15, 5, 30, 18, 10) (27, 38, 33, 39, 29, 6, 42, 34) (7, 16, 44, 31, 40, 20) (0, 4, 2, 47) (24, 28, 26, 23) (8, 22, 37, 21, 43, 12, 41, 11, 32, 46, 13, 45, 19, 36, 17, 35) "
"OP(4,8,8,5,5,4,16)",0,Solved,"0,0480"," (4t+2)","0,0518","(\infty, 21, \infty, 45) (3, 15, 32, 16, 36, 17, 44, 18) (27, 39, 8, 40, 12, 41, 20, 42) (11, 19, 14, 10, 1) (35, 43, 38, 34, 25) (2, 13, 26, 37) (47, 22, 4, 5, 7, 0, 6, 9, 23, 46, 28, 29, 31, 24, 30, 33) "
"OP(6,8,8,16,4,4,4)",0,Solved,"0,1990"," (4t+2)","0,2038","(\infty, 4, 0, \infty, 24, 28) (1, 2, 5, 3, 10, 33, 15, 35) (25, 26, 29, 27, 34, 9, 39, 11) (32, 17, 12, 18, 37, 20, 47, 21, 8, 41, 36, 42, 13, 44, 23, 45) (43, 6, 16, 7) (19, 30, 40, 31) (46, 14, 22, 38) "
"OP(6,8,8,16,3,3,3,3)",0,Solved,"0,1800"," (4t+2)","0,1843","(\infty, 0, 16, \infty, 40, 24) (37, 6, 3, 11, 33, 15, 44, 17) (13, 30, 27, 35, 9, 39, 20, 41) (47, 22, 8, 2, 4, 14, 21, 36, 23, 46, 32, 26, 28, 38, 45, 12) (5, 1, 10) (29, 25, 34) (18, 19, 7) (42, 43, 31) "
"OP(4,8,8,4,4,16,3,3)",0,Solved,"0,0570"," (4t+2)","0,0618","(\infty, 14, \infty, 38) (37, 8, 31, 17, 10, 2, 11, 21) (13, 32, 7, 41, 34, 26, 35, 45) (9, 5, 0, 15) (33, 29, 24, 39) (18, 6, 19, 46, 20, 40, 23, 12, 42, 30, 43, 22, 44, 16, 47, 36) (4, 3, 1) (28, 27, 25) "
"OP(8,8,16,7,7,4)",0,Solved,"0,2420"," (4t+2)","0,2460","(\infty, 6, 4, 8, \infty, 32, 28, 30) (5, 0, 13, 44, 29, 24, 37, 20) (45, 11, 3, 10, 1, 7, 18, 47, 21, 35, 27, 34, 25, 31, 42, 23) (39, 14, 2, 12, 40, 41, 9) (15, 38, 26, 36, 16, 17, 33) (19, 22, 43, 46) "
"OP(6,8,7,7,6,16)",0,Solved,"0,0610"," (4t+2)","0,0644","(\infty, 3, 11, \infty, 35, 27) (43, 17, 47, 12, 19, 41, 23, 36) (42, 10, 14, 2, 8, 46, 21) (18, 34, 38, 26, 32, 22, 45) (7, 5, 0, 31, 29, 24) (9, 6, 20, 1, 16, 15, 4, 13, 33, 30, 44, 25, 40, 39, 28, 37) "
"OP(6,8,7,7,16,3,3)",0,Solved,"0,0360"," (4t+2)","0,0405","(\infty, 2, 4, \infty, 28, 26) (6, 7, 10, 38, 30, 31, 34, 14) (23, 16, 27, 11, 42, 19, 41) (47, 40, 3, 35, 18, 43, 17) (22, 36, 15, 21, 9, 0, 13, 8, 46, 12, 39, 45, 33, 24, 37, 32) (1, 20, 5) (25, 44, 29) "
"OP(4,8,7,7,4,4,16)",0,Solved,"0,0790"," (4t+2)","0,0833","(\infty, 21, \infty, 45) (6, 16, 32, 18, 30, 40, 8, 42) (38, 23, 10, 3, 0, 11, 12) (14, 47, 34, 27, 24, 35, 36) (4, 2, 7, 13) (28, 26, 31, 37) (5, 1, 9, 39, 19, 44, 17, 46, 29, 25, 33, 15, 43, 20, 41, 22) "
"OP(8,8,16,6,6,6)",0,Solved,"0,0710"," (4t+2)","0,0752","(\infty, 1, 14, 43, \infty, 19, 38, 25) (16, 12, 42, 15, 40, 36, 18, 39) (3, 41, 0, 22, 2, 10, 7, 13, 27, 17, 24, 46, 26, 34, 31, 37) (8, 23, 6, 11, 9, 45) (32, 47, 30, 35, 33, 21) (4, 5, 44, 28, 29, 20) "
"OP(8,8,16,6,6,3,3)",0,Solved,"0,1560"," (4t+2)","0,1599","(\infty, 20, 5, 4, \infty, 28, 29, 44) (8, 6, 1, 35, 32, 30, 25, 11) (41, 45, 14, 40, 22, 33, 13, 7, 17, 21, 38, 16, 46, 9, 37, 31) (12, 3, 10, 42, 19, 0) (36, 27, 34, 18, 43, 24) (15, 23, 2) (39, 47, 26) "
"OP(17,8,7,6,5,4,3)",,Infeasible,,Table config is not valid,,
"OP(8,8,16,6,4,4,4)",0,Solved,"0,6340"," (4t+2)","0,6377","(\infty, 7, 39, 5, \infty, 29, 15, 31) (44, 14, 10, 32, 20, 38, 34, 8) (28, 9, 3, 43, 22, 47, 16, 6, 4, 33, 27, 19, 46, 23, 40, 30) (25, 45, 42, 1, 21, 18) (35, 2, 41, 36) (11, 26, 17, 12) (13, 24, 37, 0) "
"OP(8,8,16,6,3,3,3,3)",0,Solved,"0,0830"," (4t+2)","0,0880","(\infty, 25, 19, 45, \infty, 21, 43, 1) (4, 9, 13, 11, 28, 33, 37, 35) (41, 14, 42, 7, 39, 20, 2, 10, 17, 38, 18, 31, 15, 44, 26, 34) (23, 8, 22, 47, 32, 46) (12, 0, 3) (36, 24, 27) (16, 5, 6) (40, 29, 30) "
"OP(17,8,7,5,5,5,3)",,Infeasible,,Table config is not valid,,
"OP(8,8,16,5,5,4,4)",0,Solved,"0,0720"," (4t+2)","0,0752","(\infty, 20, 47, 14, \infty, 38, 23, 44) (10, 6, 3, 5, 34, 30, 27, 29) (4, 9, 18, 35, 12, 46, 26, 16, 28, 33, 42, 11, 36, 22, 2, 40) (7, 15, 41, 0, 1) (31, 39, 17, 24, 25) (8, 19, 37, 21) (32, 43, 13, 45) "
"OP(17,8,7,5,4,3,3,3)",,Infeasible,,Table config is not valid,,
"OP(8,8,16,4,4,4,3,3)",0,Solved,"0,3980"," (4t+2)","0,4043","(\infty, 3, 30, 19, \infty, 43, 6, 27) (46, 32, 44, 42, 22, 8, 20, 18) (33, 39, 47, 37, 5, 38, 35, 0, 9, 15, 23, 13, 29, 14, 11, 24) (4, 26, 1, 45) (28, 2, 25, 21) (12, 31, 36, 7) (10, 40, 41) (34, 16, 17) "
"OP(8,8,16,3,3,3,3,3,3)",0,Solved,"0,0410"," (4t+2)","0,0450","(\infty, 32, 6, 40, \infty, 16, 30, 8) (35, 39, 29, 38, 11, 15, 5, 14) (37, 44, 25, 41, 42, 2, 27, 33, 13, 20, 1, 17, 18, 26, 3, 9) (47, 34, 45) (23, 10, 21) (43, 46, 28) (19, 22, 4) (36, 0, 31) (12, 24, 7) "
"OP(4,8,6,6,6,4,16)",0,Solved,"0,0570"," (4t+2)","0,0615","(\infty, 4, \infty, 28) (5, 6, 2, 12, 29, 30, 26, 36) (16, 14, 8, 3, 10, 39) (40, 38, 32, 27, 34, 15) (44, 11, 0, 20, 35, 24) (19, 22, 43, 46) (23, 45, 13, 1, 9, 18, 31, 17, 47, 21, 37, 25, 33, 42, 7, 41) "
"OP(4,8,6,6,5,5,16)",0,Solved,"0,0470"," (4t+2)","0,0565","(\infty, 21, \infty, 45) (46, 14, 5, 3, 22, 38, 29, 27) (40, 23, 11, 4, 0, 15) (16, 47, 35, 28, 24, 39) (9, 6, 1, 7, 20) (33, 30, 25, 31, 44) (37, 10, 2, 12, 32, 18, 17, 43, 13, 34, 26, 36, 8, 42, 41, 19) "
"OP(6,8,6,6,16,4,4)",0,Solved,"0,0830"," (4t+2)","0,0866","(\infty, 36, 0, \infty, 24, 12) (17, 42, 37, 20, 41, 18, 13, 44) (8, 14, 34, 4, 6, 9) (32, 38, 10, 28, 30, 33) (40, 3, 47, 21, 29, 19, 35, 1, 16, 27, 23, 45, 5, 43, 11, 25) (7, 26, 39, 46) (31, 2, 15, 22) "
"OP(4,8,6,6,4,16,3,3)",0,Solved,"0,0610"," (4t+2)","0,0658","(\infty, 16, \infty, 40) (8, 9, 20, 45, 32, 33, 44, 21) (5, 0, 3, 1, 7, 14) (29, 24, 27, 25, 31, 38) (6, 2, 30, 26) (41, 10, 43, 11, 23, 37, 18, 39, 17, 34, 19, 35, 47, 13, 42, 15) (12, 4, 22) (36, 28, 46) "
"OP(6,8,6,16,5,5,4)",0,Solved,"0,0620"," (4t+2)","0,0670","(\infty, 15, 35, \infty, 11, 39) (47, 42, 0, 37, 23, 18, 24, 13) (17, 38, 29, 41, 14, 5) (45, 10, 6, 8, 46, 31, 9, 40, 21, 34, 30, 32, 22, 7, 33, 16) (27, 26, 19, 1, 4) (3, 2, 43, 25, 28) (20, 12, 44, 36) "
"OP(4,8,6,5,5,16,3,3)",0,Solved,"0,0580"," (4t+2)","0,0636","(\infty, 3, \infty, 27) (4, 5, 7, 15, 28, 29, 31, 39) (9, 20, 45, 33, 44, 21) (1, 17, 26, 11, 8) (25, 41, 2, 35, 32) (40, 23, 42, 22, 36, 14, 19, 37, 16, 47, 18, 46, 12, 38, 43, 13) (0, 6, 10) (24, 30, 34) "
"OP(6,8,6,16,4,4,3,3)",0,Solved,"0,1770"," (4t+2)","0,1845","(\infty, 38, 32, \infty, 8, 14) (13, 6, 4, 1, 37, 30, 28, 25) (18, 33, 5, 42, 9, 29) (0, 40, 19, 35, 17, 34, 44, 15, 24, 16, 43, 11, 41, 10, 20, 39) (47, 21, 46, 12) (23, 45, 22, 36) (3, 7, 2) (27, 31, 26) "
"OP(4,8,6,4,4,4,4,16)",0,Solved,"0,0580"," (4t+2)","0,0618","(\infty, 21, \infty, 45) (42, 22, 16, 2, 18, 46, 40, 26) (4, 6, 7, 28, 30, 31) (12, 15, 37, 1) (36, 39, 13, 25) (11, 3, 10, 20) (35, 27, 34, 44) (41, 23, 38, 19, 32, 9, 5, 0, 17, 47, 14, 43, 8, 33, 29, 24) "
"OP(4,8,6,4,16,3,3,3,3)",0,Solved,"0,1650"," (4t+2)","0,1690","(\infty, 12, \infty, 36) (17, 31, 10, 18, 41, 7, 34, 42) (22, 20, 35, 46, 44, 11) (21, 2, 45, 26) (13, 43, 8, 1, 23, 6, 3, 9, 37, 19, 32, 25, 47, 30, 27, 33) (4, 0, 16) (28, 24, 40) (14, 5, 15) (38, 29, 39) "
"OP(6,8,16,5,5,5,5)",0,Solved,"0,0700"," (4t+2)","0,0731","(\infty, 43, 17, \infty, 41, 19) (39, 10, 4, 6, 15, 34, 28, 30) (21, 8, 5, 0, 16, 9, 1, 11, 45, 32, 29, 24, 40, 33, 25, 35) (14, 42, 12, 13, 2) (38, 18, 36, 37, 26) (22, 47, 20, 3, 7) (46, 23, 44, 27, 31) "
"OP(6,8,16,5,5,4,3,3)",0,Solved,"0,1130"," (4t+2)","0,1169","(\infty, 28, 0, \infty, 24, 4) (39, 43, 7, 33, 15, 19, 31, 9) (2, 47, 5, 30, 44, 45, 10, 37, 26, 23, 29, 6, 20, 21, 34, 13) (38, 40, 25, 8, 46) (14, 16, 1, 32, 22) (36, 41, 12, 17) (3, 35, 42) (27, 11, 18) "
"OP(4,8,5,5,4,4,4,16)",0,Solved,"0,0620"," (4t+2)","0,0671","(\infty, 4, \infty, 28) (5, 6, 2, 15, 29, 30, 26, 39) (31, 14, 8, 3, 10) (7, 38, 32, 27, 34) (11, 21, 12, 0) (35, 45, 36, 24) (18, 20, 42, 44) (43, 13, 16, 1, 9, 41, 22, 47, 19, 37, 40, 25, 33, 17, 46, 23) "
"OP(4,8,5,5,16,3,3,3,3)",0,Solved,"0,0430"," (4t+2)","0,0468","(\infty, 1, \infty, 25) (12, 3, 9, 2, 36, 27, 33, 26) (0, 45, 15, 4, 8) (24, 21, 39, 28, 32) (16, 6, 11, 34, 7, 23, 43, 14, 40, 30, 35, 10, 31, 47, 19, 38) (5, 18, 17) (29, 42, 41) (46, 13, 44) (22, 37, 20) "
"OP(6,8,16,4,4,4,4,4)",0,Solved,"0,1150"," (4t+2)","0,1191","(\infty, 20, 46, \infty, 22, 44) (47, 30, 14, 2, 23, 6, 38, 26) (8, 0, 5, 19, 39, 21, 40, 17, 32, 24, 29, 43, 15, 45, 16, 41) (18, 11, 7, 9) (42, 35, 31, 33) (10, 13, 3, 4) (34, 37, 27, 28) (12, 1, 36, 25) "
"OP(6,8,16,4,4,3,3,3,3)",0,Solved,"0,1470"," (4t+2)","0,1511","(\infty, 9, 3, \infty, 27, 33) (4, 13, 1, 46, 28, 37, 25, 22) (6, 11, 0, 14, 45, 19, 23, 2, 30, 35, 24, 38, 21, 43, 47, 26) (44, 12, 10, 29) (20, 36, 34, 5) (42, 7, 17) (18, 31, 41) (8, 15, 16) (32, 39, 40) "
"OP(4,8,4,4,4,4,16,3,3)",0,Solved,"0,0500"," (4t+2)","0,0542","(\infty, 2, \infty, 26) (3, 4, 6, 10, 27, 28, 30, 34) (1, 7, 12, 15) (25, 31, 36, 39) (5, 14, 21, 40) (29, 38, 45, 16) (11, 22, 37, 9, 41, 19, 44, 23, 35, 46, 13, 33, 17, 43, 20, 47) (18, 0, 8) (42, 24, 32) "
"OP(4,8,4,16,3,3,3,3,3,3)",0,Solved,"0,1070"," (4t+2)","0,1119","(\infty, 13, \infty, 37) (0, 7, 46, 10, 24, 31, 22, 34) (11, 14, 35, 38) (42, 16, 41, 21, 8, 3, 4, 2, 18, 40, 17, 45, 32, 27, 28, 26) (5, 20, 1) (29, 44, 25) (12, 6, 43) (36, 30, 19) (47, 39, 9) (23, 15, 33) "
"OP(6,7,7,7,7,16)",0,Solved,"0,0540"," (4t+2)","0,0585","(\infty, 9, 23, \infty, 47, 33) (5, 7, 3, 16, 36, 21, 4) (29, 31, 27, 40, 12, 45, 28) (0, 6, 17, 10, 1, 11, 8) (24, 30, 41, 34, 25, 35, 32) (39, 14, 2, 18, 13, 43, 22, 44, 15, 38, 26, 42, 37, 19, 46, 20) "
"OP(8,16,7,7,6,6)",0,Solved,"0,1020"," (4t+2)","0,1062","(\infty, 2, 3, 0, \infty, 24, 27, 26) (43, 20, 33, 16, 35, 13, 47, 39, 19, 44, 9, 40, 11, 37, 23, 15) (22, 34, 18, 12, 7, 5, 1) (46, 10, 42, 36, 31, 29, 25) (45, 4, 14, 32, 17, 6) (21, 28, 38, 8, 41, 30) "
"OP(8,16,7,7,6,3,3)",0,Solved,"0,0880"," (4t+2)","0,0931","(\infty, 17, 2, 3, \infty, 27, 26, 41) (1, 8, 19, 35, 18, 44, 16, 37, 25, 32, 43, 11, 42, 20, 40, 13) (14, 5, 45, 7, 10, 15, 33) (38, 29, 21, 31, 34, 39, 9) (12, 46, 23, 36, 22, 47) (4, 6, 0) (28, 30, 24) "
"OP(17,7,7,7,5,4,3)",,Infeasible,,Table config is not valid,,
"OP(8,16,7,7,4,4,4)",0,Solved,"0,1810"," (4t+2)","0,1844","(\infty, 2, 7, 18, \infty, 42, 31, 26) (14, 43, 16, 44, 21, 33, 15, 5, 38, 19, 40, 20, 45, 9, 39, 29) (34, 17, 1, 8, 4, 13, 47) (10, 41, 25, 32, 28, 37, 23) (3, 11, 12, 6) (27, 35, 36, 30) (22, 0, 46, 24) "
"OP(8,16,7,7,3,3,3,3)",0,Solved,"0,1060"," (4t+2)","0,1103","(\infty, 11, 21, 3, \infty, 27, 45, 35) (15, 10, 7, 18, 37, 1, 0, 17, 39, 34, 31, 42, 13, 25, 24, 41) (47, 40, 8, 28, 19, 33, 12) (23, 16, 32, 4, 43, 9, 36) (29, 14, 6) (5, 38, 30) (22, 20, 26) (46, 44, 2) "
"OP(4,7,7,6,6,4,16)",0,Solved,"0,1150"," (4t+2)","0,1211","(\infty, 4, \infty, 28) (42, 5, 6, 8, 13, 9, 0) (18, 29, 30, 32, 37, 33, 24) (7, 19, 11, 1, 14, 21) (31, 43, 35, 25, 38, 45) (17, 20, 41, 44) (2, 27, 12, 34, 15, 47, 16, 46, 26, 3, 36, 10, 39, 23, 40, 22) "
"OP(4,7,7,6,5,5,16)",0,Solved,"0,0460"," (4t+2)","0,0504","(\infty, 2, \infty, 26) (3, 4, 6, 9, 1, 16, 12) (27, 28, 30, 33, 25, 40, 36) (5, 11, 39, 29, 35, 15) (8, 19, 45, 20, 37) (32, 43, 21, 44, 13) (17, 38, 22, 10, 23, 18, 0, 7, 41, 14, 46, 34, 47, 42, 24, 31) "
"OP(6,7,7,6,16,4,4)",0,Solved,"0,1850"," (4t+2)","0,1889","(\infty, 42, 14, \infty, 38, 18) (12, 3, 1, 6, 7, 41, 20) (36, 27, 25, 30, 31, 17, 44) (4, 11, 40, 28, 35, 16) (9, 5, 2, 8, 39, 23, 45, 22, 33, 29, 26, 32, 15, 47, 21, 46) (0, 13, 43, 10) (24, 37, 19, 34) "
"OP(4,7,7,6,4,16,3,3)",0,Solved,"0,0530"," (4t+2)","0,0560","(\infty, 5, \infty, 29) (6, 12, 17, 8, 9, 23, 13) (30, 36, 41, 32, 33, 47, 37) (15, 0, 2, 39, 24, 26) (3, 7, 27, 31) (10, 40, 14, 45, 18, 43, 35, 22, 34, 16, 38, 21, 42, 19, 11, 46) (1, 20, 4) (25, 44, 28) "
"OP(6,7,7,16,5,5,4)",0,Solved,"0,1510"," (4t+2)","0,1558","(\infty, 8, 10, \infty, 34, 32) (37, 16, 23, 3, 20, 1, 45) (13, 40, 47, 27, 44, 25, 21) (2, 38, 6, 7, 4, 9, 22, 12, 26, 14, 30, 31, 28, 33, 46, 36) (42, 5, 11, 41, 19) (18, 29, 35, 17, 43) (15, 24, 39, 0) "
"OP(4,7,7,5,5,16,3,3)",0,Solved,"0,0810"," (4t+2)","0,0848","(\infty, 29, \infty, 5) (9, 20, 38, 30, 40, 46, 45) (33, 44, 14, 6, 16, 22, 21) (39, 42, 3, 1, 26) (15, 18, 27, 25, 2) (12, 41, 24, 8, 13, 47, 43, 10, 36, 17, 0, 32, 37, 23, 19, 34) (11, 31, 4) (35, 7, 28) "
"OP(6,7,7,16,4,4,3,3)",0,Solved,"0,0700"," (4t+2)","0,0737","(\infty, \infty, 23, 21, 45, 47) (44, 22, 9, 5, 15, 16, 11) (20, 46, 33, 29, 39, 40, 35) (17, 10, 24, 13, 43, 7, 4, 12, 41, 34, 0, 37, 19, 31, 28, 36) (3, 42, 14, 30) (27, 18, 38, 6) (8, 25, 2) (32, 1, 26) "
"OP(4,7,7,4,4,4,4,16)",0,Solved,"0,0840"," (4t+2)","0,0909","(\infty, 1, \infty, 25) (2, 3, 5, 8, 13, 31, 16) (26, 27, 29, 32, 37, 7, 40) (4, 10, 17, 0) (28, 34, 41, 24) (6, 35, 46, 19) (30, 11, 22, 43) (36, 45, 33, 23, 39, 14, 42, 20, 12, 21, 9, 47, 15, 38, 18, 44) "
"OP(4,7,7,4,16,3,3,3,3)",0,Solved,"0,0410"," (4t+2)","0,0449","(\infty, 41, \infty, 17) (40, 19, 37, 28, 29, 22, 18) (16, 43, 13, 4, 5, 46, 42) (11, 27, 35, 3) (8, 23, 12, 14, 1, 39, 10, 7, 32, 47, 36, 38, 25, 15, 34, 31) (0, 20, 6) (24, 44, 30) (45, 33, 2) (21, 9, 26) "
"OP(17,7,6,6,6,5,3)",,Infeasible,,Table config is not valid,,
"OP(8,16,6,6,6,4,4)",0,Solved,"0,0430"," (4t+2)","0,0476","(\infty, 1, 4, 11, \infty, 35, 28, 25) (3, 2, 0, 5, 9, 15, 6, 14, 27, 26, 24, 29, 33, 39, 30, 38) (46, 32, 17, 7, 18, 34) (22, 8, 41, 31, 42, 10) (12, 43, 13, 36, 19, 37) (23, 45, 16, 44) (47, 21, 40, 20) "
"OP(8,16,6,6,5,5,4)",0,Solved,"0,0670"," (4t+2)","0,0712","(\infty, 15, 42, 17, \infty, 41, 18, 39) (37, 46, 14, 47, 21, 8, 0, 2, 13, 22, 38, 23, 45, 32, 24, 26) (3, 7, 19, 36, 16, 9) (27, 31, 43, 12, 40, 33) (4, 5, 35, 6, 1) (28, 29, 11, 30, 25) (20, 10, 44, 34) "
"OP(17,7,6,6,5,3,3,3)",,Infeasible,,Table config is not valid,,
"OP(8,16,6,6,4,4,3,3)",0,Solved,"0,0470"," (4t+2)","0,0518","(\infty, 5, 13, 43, \infty, 19, 37, 29) (41, 18, 46, 36, 15, 6, 0, 2, 17, 42, 22, 12, 39, 30, 24, 26) (3, 7, 14, 40, 9, 8) (27, 31, 38, 16, 33, 32) (10, 21, 35, 23) (34, 45, 11, 47) (1, 20, 4) (25, 44, 28) "
"OP(8,16,6,5,5,5,5)",0,Solved,"0,1420"," (4t+2)","0,1464","(\infty, 20, 16, 2, \infty, 26, 40, 44) (23, 12, 42, 32, 3, 5, 13, 46, 47, 36, 18, 8, 27, 29, 37, 22) (1, 6, 0, 25, 30, 24) (45, 33, 17, 10, 19) (21, 9, 41, 34, 43) (38, 11, 39, 4, 7) (14, 35, 15, 28, 31) "
"OP(8,16,6,5,5,4,3,3)",0,Solved,"0,1540"," (4t+2)","0,1581","(\infty, 38, 37, 26, \infty, 2, 13, 14) (1, 6, 33, 45, 11, 46, 42, 40, 25, 30, 9, 21, 35, 22, 18, 16) (15, 32, 7, 39, 8, 31) (36, 10, 19, 0, 28) (12, 34, 43, 24, 4) (47, 5, 23, 29) (27, 20, 17) (3, 44, 41) "
"OP(17,7,6,5,4,4,4,3)",,Infeasible,,Table config is not valid,,
"OP(17,7,6,5,3,3,3,3,3)",,Infeasible,,Table config is not valid,,
"OP(8,16,6,4,4,4,4,4)",0,Solved,"0,1210"," (4t+2)","0,1250","(\infty, 14, 35, 46, \infty, 22, 11, 38) (1, 32, 23, 13, 41, 0, 3, 33, 25, 8, 47, 37, 17, 24, 27, 9) (6, 12, 26, 30, 36, 2) (28, 16, 31, 29) (4, 40, 7, 5) (34, 21, 43, 18) (10, 45, 19, 42) (44, 15, 20, 39) "
"OP(8,16,6,4,4,3,3,3,3)",0,Solved,"0,0940"," (4t+2)","0,0976","(\infty, 16, 33, 46, \infty, 22, 9, 40) (41, 34, 32, 5, 21, 30, 11, 12, 17, 10, 8, 29, 45, 6, 35, 36) (14, 2, 27, 38, 26, 3) (7, 4, 37, 47) (31, 28, 13, 23) (20, 42, 24) (44, 18, 0) (43, 15, 1) (19, 39, 25) "
"OP(8,16,5,5,5,5,3,3)",0,Solved,"0,0630"," (4t+2)","0,0675","(\infty, 37, 7, 47, \infty, 23, 31, 13) (16, 11, 33, 10, 6, 12, 0, 19, 40, 35, 9, 34, 30, 36, 24, 43) (38, 45, 44, 5, 3) (14, 21, 20, 29, 27) (26, 41, 4, 32, 42) (2, 17, 28, 8, 18) (25, 22, 39) (1, 46, 15) "
"OP(17,7,5,5,5,4,4,3)",,Infeasible,,Table config is not valid,,
"OP(8,16,5,5,4,4,4,4)",0,Solved,"0,0480"," (4t+2)","0,0519","(\infty, 1, 4, 11, \infty, 35, 28, 25) (3, 2, 0, 5, 9, 15, 6, 14, 27, 26, 24, 29, 33, 39, 30, 38) (44, 32, 17, 7, 18) (20, 8, 41, 31, 42) (37, 10, 40, 21) (13, 34, 16, 45) (12, 43, 23, 46) (36, 19, 47, 22) "
"OP(8,16,5,5,4,3,3,3,3)",0,Solved,"0,3460"," (4t+2)","0,3503","(\infty, 13, 8, 35, \infty, 11, 32, 37) (43, 10, 1, 0, 41, 22, 40, 44, 19, 34, 25, 24, 17, 46, 16, 20) (30, 47, 7, 45, 42) (6, 23, 31, 21, 18) (39, 26, 15, 2) (38, 4, 36) (14, 28, 12) (3, 9, 29) (27, 33, 5) "
"OP(17,7,5,4,4,4,3,3,3)",,Infeasible,,Table config is not valid,,
"OP(17,7,5,3,3,3,3,3,3,3)",,Infeasible,,Table config is not valid,,
"OP(8,16,4,4,4,4,4,3,3)",0,Solved,"0,1180"," (4t+2)","0,1216","(\infty, 36, 45, 38, \infty, 14, 21, 12) (8, 5, 0, 6, 19, 42, 2, 33, 32, 29, 24, 30, 43, 18, 26, 9) (17, 13, 40, 7) (41, 37, 16, 31) (22, 11, 39, 3) (46, 35, 15, 27) (1, 23, 25, 47) (4, 34, 20) (28, 10, 44) "
"OP(8,16,4,4,3,3,3,3,3,3)",0,Solved,"0,0900"," (4t+2)","0,0960","(\infty, 21, 46, 19, \infty, 43, 22, 45) (11, 40, 23, 39, 17, 32, 18, 7, 35, 16, 47, 15, 41, 8, 42, 31) (6, 3, 10, 4) (30, 27, 34, 28) (14, 1, 13) (38, 25, 37) (5, 0, 9) (29, 24, 33) (12, 2, 20) (36, 26, 44) "
"OP(4,6,6,6,6,6,16)",0,Solved,"0,0540"," (4t+2)","0,0584","(\infty, 18, \infty, 42) (43, 14, 5, 3, 6, 11) (19, 38, 29, 27, 30, 35) (15, 4, 0, 13, 46, 36) (39, 28, 24, 37, 22, 12) (1, 7, 8, 25, 31, 32) (21, 9, 2, 10, 44, 16, 41, 23, 45, 33, 26, 34, 20, 40, 17, 47) "
"OP(6,6,6,6,6,16,4)",0,Solved,"0,0460"," (4t+2)","0,0509","(\infty, 7, 17, \infty, 41, 31) (9, 14, 34, 23, 39, 22) (33, 38, 10, 47, 15, 46) (4, 0, 2, 3, 6, 12) (28, 24, 26, 27, 30, 36) (13, 43, 18, 40, 21, 35, 8, 1, 37, 19, 42, 16, 45, 11, 32, 25) (20, 5, 44, 29) "
"OP(4,6,6,6,6,16,3,3)",0,Solved,"0,0980"," (4t+2)","0,1024","(\infty, 16, \infty, 40) (3, 5, 22, 45, 18, 2) (27, 29, 46, 21, 42, 26) (47, 12, 19, 33, 14, 32) (23, 36, 43, 9, 38, 8) (25, 13, 41, 15, 11, 6, 0, 10, 1, 37, 17, 39, 35, 30, 24, 34) (7, 44, 4) (31, 20, 28) "
"OP(6,6,6,6,16,5,5)",0,Solved,"0,0530"," (4t+2)","0,0564","(\infty, 2, 4, \infty, 28, 26) (5, 9, 14, 22, 37, 16) (29, 33, 38, 46, 13, 40) (27, 7, 6, 3, 31, 30) (12, 43, 11, 21, 15, 41, 18, 0, 36, 19, 35, 45, 39, 17, 42, 24) (47, 8, 1, 20, 34) (23, 32, 25, 44, 10) "
"OP(6,6,6,6,16,4,3,3)",0,Solved,"0,2170"," (4t+2)","0,2207","(\infty, 18, 10, \infty, 34, 42) (2, 7, 11, 4, 3, 0) (26, 31, 35, 28, 27, 24) (19, 40, 8, 43, 16, 32) (20, 9, 47, 14, 5, 22, 41, 21, 44, 33, 23, 38, 29, 46, 17, 45) (30, 12, 6, 36) (15, 37, 1) (39, 13, 25) "
"OP(4,6,6,6,4,4,4,16)",0,Solved,"0,0390"," (4t+2)","0,0430","(\infty, 12, \infty, 36) (3, 11, 21, 42, 8, 23) (27, 35, 45, 18, 32, 47) (46, 15, 44, 22, 39, 20) (19, 14, 10, 1) (43, 38, 34, 25) (2, 13, 26, 37) (17, 40, 4, 5, 7, 0, 6, 9, 41, 16, 28, 29, 31, 24, 30, 33) "
"OP(4,6,6,6,16,3,3,3,3)",0,Solved,"0,0500"," (4t+2)","0,0542","(\infty, 2, \infty, 26) (3, 4, 6, 9, 1, 7) (27, 28, 30, 33, 25, 31) (8, 15, 41, 32, 39, 17) (10, 20, 35, 21, 37, 14, 43, 22, 34, 44, 11, 45, 13, 38, 19, 46) (12, 40, 23) (36, 16, 47) (18, 0, 5) (42, 24, 29) "
"OP(6,6,6,16,5,5,3,3)",0,Solved,"0,1330"," (4t+2)","0,1374","(\infty, 13, 39, \infty, 15, 37) (21, 0, 16, 1, 4, 3) (45, 24, 40, 25, 28, 27) (18, 41, 22, 14, 34, 32, 44, 7, 42, 17, 46, 38, 10, 8, 20, 31) (43, 12, 5, 47, 9) (19, 36, 29, 23, 33) (2, 6, 11) (26, 30, 35) "
"OP(4,6,6,5,5,4,4,16)",0,Solved,"0,0600"," (4t+2)","0,0659","(\infty, 4, \infty, 28) (5, 6, 2, 16, 37, 7) (29, 30, 26, 40, 13, 31) (8, 3, 10, 23, 14) (32, 27, 34, 47, 38) (11, 0, 36, 21) (35, 24, 12, 45) (43, 46, 18, 1, 9, 41, 15, 44, 19, 22, 42, 25, 33, 17, 39, 20) "
"OP(6,6,6,16,4,4,4,4)",0,Solved,"0,0610"," (4t+2)","0,0649","(\infty, 39, 27, \infty, 3, 15) (7, 33, 43, 24, 4, 37) (31, 9, 19, 0, 28, 13) (46, 47, 38, 45, 34, 26, 40, 35, 22, 23, 14, 21, 10, 2, 16, 11) (30, 5, 32, 36) (6, 29, 8, 12) (25, 42, 44, 41) (1, 18, 20, 17) "
"OP(6,6,6,16,4,3,3,3,3)",0,Solved,"0,2080"," (4t+2)","0,2147","(\infty, 2, 24, \infty, 0, 26) (4, 42, 41, 6, 21, 12) (28, 18, 17, 30, 45, 36) (13, 1, 31, 3, 5, 9, 20, 23, 37, 25, 7, 27, 29, 33, 44, 47) (8, 15, 32, 39) (35, 16, 10) (11, 40, 34) (22, 43, 38) (46, 19, 14) "
"OP(4,6,6,4,4,4,16,3,3)",0,Solved,"0,0440"," (4t+2)","0,0477","(\infty, 16, \infty, 40) (1, 2, 43, 0, 4, 46) (25, 26, 19, 24, 28, 22) (45, 12, 29, 6) (21, 36, 5, 30) (11, 3, 35, 27) (7, 34, 23, 9, 38, 20, 8, 18, 31, 10, 47, 33, 14, 44, 32, 42) (15, 17, 37) (39, 41, 13) "
"OP(4,6,6,16,3,3,3,3,3,3)",0,Solved,"0,0940"," (4t+2)","0,0989","(\infty, 22, \infty, 46) (0, 15, 7, 2, 33, 21) (24, 39, 31, 26, 9, 45) (30, 19, 35, 36, 14, 27, 13, 4, 6, 43, 11, 12, 38, 3, 37, 28) (5, 8, 1) (29, 32, 25) (40, 20, 10) (16, 44, 34) (42, 23, 17) (18, 47, 41) "
"OP(4,6,5,5,5,5,4,16)",0,Solved,"0,0430"," (4t+2)","0,0465","(\infty, 13, \infty, 37) (14, 5, 8, 38, 29, 32) (10, 17, 31, 12, 2) (34, 41, 7, 36, 26) (0, 4, 9, 3, 1) (24, 28, 33, 27, 25) (19, 6, 43, 30) (42, 16, 44, 11, 23, 39, 22, 45, 18, 40, 20, 35, 47, 15, 46, 21) "
"OP(6,6,16,5,5,4,4,4)",0,Solved,"0,0590"," (4t+2)","0,0629","(\infty, 12, 6, \infty, 30, 36) (7, 9, 47, 31, 33, 23) (42, 15, 0, 1, 41, 5, 22, 4, 18, 39, 24, 25, 17, 29, 46, 28) (19, 45, 16, 3, 44) (43, 21, 40, 27, 20) (11, 8, 13, 2) (35, 32, 37, 26) (38, 10, 14, 34) "
"OP(6,6,16,5,5,3,3,3,3)",0,Solved,"0,1410"," (4t+2)","0,1446","(\infty, 45, 9, \infty, 33, 21) (2, 4, 13, 26, 28, 37) (6, 7, 39, 46, 16, 43, 18, 44, 30, 31, 15, 22, 40, 19, 42, 20) (10, 41, 12, 23, 38) (34, 17, 36, 47, 14) (1, 5, 11) (25, 29, 35) (3, 0, 8) (27, 24, 32) "
"OP(4,6,5,5,4,4,16,3,3)",0,Solved,"0,0960"," (4t+2)","0,1012","(\infty, 11, \infty, 35) (41, 15, 46, 17, 39, 22) (23, 3, 8, 18, 10) (47, 27, 32, 42, 34) (12, 44, 21, 6) (36, 20, 45, 30) (7, 0, 9, 43, 16, 14, 2, 13, 31, 24, 33, 19, 40, 38, 26, 37) (1, 4, 5) (25, 28, 29) "
"OP(6,6,16,4,4,4,4,3,3)",0,Solved,"0,0480"," (4t+2)","0,0519","(\infty, 13, 47, \infty, 23, 37) (15, 45, 16, 39, 21, 40) (33, 18, 8, 20, 41, 10, 38, 22, 9, 42, 32, 44, 17, 34, 14, 46) (1, 2, 11, 7) (25, 26, 35, 31) (19, 30, 4, 12) (43, 6, 28, 36) (0, 5, 3) (24, 29, 27) "
"OP(6,6,16,4,3,3,3,3,3,3)",0,Solved,"0,2480"," (4t+2)","0,2522","(\infty, 28, 46, \infty, 22, 4) (31, 27, 47, 7, 3, 23) (30, 35, 41, 42, 45, 29, 0, 15, 6, 11, 17, 18, 21, 5, 24, 39) (36, 25, 12, 1) (44, 10, 32) (20, 34, 8) (38, 13, 40) (14, 37, 16) (43, 26, 33) (19, 2, 9) "
"OP(4,6,4,4,4,4,4,4,16)",0,Solved,"0,0410"," (4t+2)","0,0451","(\infty, 15, \infty, 39) (35, 10, 37, 11, 34, 13) (3, 5, 17, 9) (27, 29, 41, 33) (4, 0, 16, 7) (28, 24, 40, 31) (6, 1, 8, 19) (30, 25, 32, 43) (46, 12, 2, 20, 21, 38, 23, 42, 22, 36, 26, 44, 45, 14, 47, 18) "
"OP(4,6,4,4,4,16,3,3,3,3)",0,Solved,"0,0680"," (4t+2)","0,0712","(\infty, 44, \infty, 20) (5, 2, 9, 29, 26, 33) (47, 46, 11, 30) (23, 22, 35, 6) (4, 10, 28, 34) (16, 8, 12, 1, 3, 17, 43, 31, 40, 32, 36, 25, 27, 41, 19, 7) (38, 0, 15) (14, 24, 39) (18, 45, 13) (42, 21, 37) "
"OP(4,6,16,3,3,3,3,3,3,3,3)",0,Solved,"0,2120"," (4t+2)","0,2158","(\infty, 45, \infty, 21) (29, 34, 16, 5, 10, 40) (3, 36, 37, 2, 6, 18, 41, 44, 27, 12, 13, 26, 30, 42, 17, 20) (24, 46, 8) (0, 22, 32) (1, 28, 35) (25, 4, 11) (7, 9, 15) (31, 33, 39) (47, 19, 38) (23, 43, 14) "
"OP(4,5,5,5,5,5,5,16)",0,Solved,"0,0430"," (4t+2)","0,0470","(\infty, 5, \infty, 29) (7, 8, 17, 34, 20) (31, 32, 41, 10, 44) (6, 12, 0, 18, 2) (30, 36, 24, 42, 26) (23, 16, 35, 15, 38) (47, 40, 11, 39, 14) (3, 1, 4, 9, 46, 19, 45, 37, 27, 25, 28, 33, 22, 43, 21, 13) "
"OP(6,16,5,5,5,5,4,4)",0,Solved,"0,0980"," (4t+2)","0,1017","(\infty, 12, 0, \infty, 24, 36) (44, 11, 7, 6, 8, 2, 9, 46, 20, 35, 31, 30, 32, 26, 33, 22) (16, 19, 42, 3, 37) (40, 43, 18, 27, 13) (21, 41, 1, 14, 4) (45, 17, 25, 38, 28) (39, 23, 5, 10) (15, 47, 29, 34) "
"OP(4,5,5,5,5,4,16,3,3)",0,Solved,"0,0680"," (4t+2)","0,0722","(\infty, 30, \infty, 6) (3, 0, 10, 23, 14) (27, 24, 34, 47, 38) (15, 43, 16, 12, 45) (39, 19, 40, 36, 21) (13, 5, 37, 29) (1, 7, 8, 20, 46, 17, 42, 11, 25, 31, 32, 44, 22, 41, 18, 35) (4, 2, 9) (28, 26, 33) "
"OP(6,16,5,5,4,4,4,3,3)",0,Solved,"0,1530"," (4t+2)","0,1576","(\infty, 6, 46, \infty, 22, 30) (19, 2, 29, 27, 9, 8, 44, 1, 43, 26, 5, 3, 33, 32, 20, 25) (17, 36, 21, 11, 4) (41, 12, 45, 35, 28) (18, 15, 31, 40) (42, 39, 7, 16) (14, 34, 38, 10) (23, 0, 37) (47, 24, 13) "
"OP(6,16,5,5,3,3,3,3,3,3)",0,Solved,"0,0530"," (4t+2)","0,0576","(\infty, 46, 18, \infty, 42, 22) (43, 20, 41, 12, 2, 11, 10, 45, 19, 44, 17, 36, 26, 35, 34, 21) (32, 14, 0, 16, 47) (8, 38, 24, 40, 23) (6, 13, 1) (30, 37, 25) (9, 5, 3) (33, 29, 27) (4, 7, 15) (28, 31, 39) "
"OP(4,5,5,4,4,4,4,4,16)",0,Solved,"0,0580"," (4t+2)","0,0618","(\infty, 4, \infty, 28) (5, 6, 2, 15, 21) (29, 30, 26, 39, 45) (19, 8, 3, 10) (43, 32, 27, 34) (12, 31, 14, 0) (36, 7, 38, 24) (16, 18, 40, 42) (20, 41, 11, 1, 9, 37, 22, 47, 44, 17, 35, 25, 33, 13, 46, 23) "
"OP(4,5,5,4,4,16,3,3,3,3)",0,Solved,"0,1110"," (4t+2)","0,1149","(\infty, 43, \infty, 19) (32, 38, 27, 23, 33) (8, 14, 3, 47, 9) (17, 29, 37, 24) (41, 5, 13, 0) (40, 15, 42, 25, 28, 10, 36, 21, 16, 39, 18, 1, 4, 34, 12, 45) (26, 7, 35) (2, 31, 11) (30, 46, 44) (6, 22, 20) "
"OP(6,16,4,4,4,4,4,4,4)",0,Solved,"0,1150"," (4t+2)","0,1192","(\infty, 1, 3, \infty, 27, 25) (21, 14, 46, 16, 4, 10, 44, 19, 45, 38, 22, 40, 28, 34, 20, 43) (6, 41, 13, 5) (30, 17, 37, 29) (8, 47, 9, 12) (32, 23, 33, 36) (11, 42, 15, 0) (35, 18, 39, 24) (7, 2, 31, 26) "
"OP(6,16,4,4,4,4,3,3,3,3)",0,Solved,"0,1890"," (4t+2)","0,1930","(\infty, 19, 47, \infty, 23, 43) (1, 14, 6, 2, 5, 17, 7, 8, 25, 38, 30, 26, 29, 41, 31, 32) (22, 44, 11, 45) (46, 20, 35, 21) (37, 18, 0, 16) (13, 42, 24, 40) (10, 3, 12) (34, 27, 36) (4, 9, 15) (28, 33, 39) "
"OP(6,16,4,3,3,3,3,3,3,3,3)",0,Solved,"0,1780"," (4t+2)","0,1830","(\infty, 22, 20, \infty, 44, 46) (2, 17, 40, 23, 45, 15, 6, 12, 26, 41, 16, 47, 21, 39, 30, 36) (9, 4, 33, 28) (19, 8, 18) (43, 32, 42) (7, 14, 34) (31, 38, 10) (0, 3, 35) (24, 27, 11) (1, 13, 5) (25, 37, 29) "
"OP(4,4,4,4,4,4,4,16,3,3)",0,Solved,"0,1380"," (4t+2)","0,1425","(\infty, 9, \infty, 33) (14, 37, 5, 27) (38, 13, 29, 3) (45, 28, 39, 41) (21, 4, 15, 17) (22, 43, 2, 8) (46, 19, 26, 32) (20, 0, 40, 7, 12, 30, 18, 47, 44, 24, 16, 31, 36, 6, 42, 23) (10, 1, 11) (34, 25, 35) "
"OP(4,4,4,4,16,3,3,3,3,3,3)",0,Solved,"0,1010"," (4t+2)","0,1056","(\infty, 18, \infty, 42) (7, 20, 43, 22) (31, 44, 19, 46) (0, 5, 24, 29) (9, 1, 10, 17, 35, 23, 39, 13, 33, 25, 34, 41, 11, 47, 15, 37) (16, 12, 2) (40, 36, 26) (8, 45, 14) (32, 21, 38) (4, 6, 3) (28, 30, 27) "
"OP(4,16,3,3,3,3,3,3,3,3,3,3)",0,Solved,"0,0640"," (4t+2)","0,0687","(\infty, 33, \infty, 9) (44, 32, 36, 43, 25, 45, 40, 14, 20, 8, 12, 19, 1, 21, 16, 38) (24, 41, 26) (0, 17, 2) (35, 3, 6) (11, 27, 30) (7, 34, 42) (31, 10, 18) (5, 39, 28) (29, 15, 4) (47, 46, 37) (23, 22, 13) "
"OP(4,16)",0,Solved,"0,0490"," (4t+2)","0,0542","(\infty, 1, \infty, 25) (4, 3, 6, 2, 0, 5, 11, 18, 28, 27, 30, 26, 24, 29, 35, 42) "
"OP(16,16,14,4)",0,Solved,"0,0500"," (4t+2)","0,0543","(\infty, 9, 1, 8, 18, 36, 23, 37, \infty, 13, 47, 12, 42, 32, 25, 33) (43, 15, 6, 0, 3, 7, 2, 4, 19, 39, 30, 24, 27, 31, 26, 28) (21, 38, 22, 44, 17, 5, 16, 45, 14, 46, 20, 41, 29, 40) (10, 11, 34, 35) "
"OP(6,12)",0,Solved,"0,0750"," (4t+2)","0,0800","(\infty, 36, 34, \infty, 10, 12) (35, 44, 40, 17, 5, 39, 11, 20, 16, 41, 29, 15) "
"OP(16,16,12,6)",0,Solved,"0,0590"," (4t+2)","0,0632","(\infty, 41, 38, 32, 45, 28, 47, 31, \infty, 7, 23, 4, 21, 8, 14, 17) (40, 42, 27, 37, 36, 25, 2, 43, 16, 18, 3, 13, 12, 1, 26, 19) (35, 5, 39, 44, 24, 33, 11, 29, 15, 20, 0, 9) (46, 34, 30, 22, 10, 6) "
"OP(16,16,12,3,3)",0,Solved,"0,0490"," (4t+2)","0,0540","(\infty, 16, 43, 14, 46, 21, 9, 44, \infty, 20, 33, 45, 22, 38, 19, 40) (41, 15, 32, 18, 11, 7, 1, 2, 17, 39, 8, 42, 35, 31, 25, 26) (12, 4, 13, 23, 34, 6, 36, 28, 37, 47, 10, 30) (0, 5, 3) (24, 29, 27) "
"OP(8,10)",0,Solved,"0,0550"," (4t+2)","0,0604","(\infty, 11, 38, 23, \infty, 47, 14, 35) (5, 3, 9, 22, 45, 29, 27, 33, 46, 21) "
"OP(4,10,4)",0,Solved,"0,0710"," (4t+2)","0,0758","(\infty, 1, \infty, 25) (2, 3, 5, 8, 13, 26, 27, 29, 32, 37) (6, 16, 30, 40) "
"OP(16,16,10,8)",0,Solved,"0,1140"," (4t+2)","0,1189","(\infty, 2, 17, 43, 20, 36, 31, 18, \infty, 42, 7, 12, 44, 19, 41, 26) (3, 1, 4, 11, 23, 37, 10, 38, 27, 25, 28, 35, 47, 13, 34, 14) (0, 8, 39, 9, 5, 24, 32, 15, 33, 29) (22, 16, 6, 45, 46, 40, 30, 21) "
"OP(4,10,4)",0,Solved,"0,0720"," (4t+2)","0,0759","(\infty, 1, \infty, 25) (2, 3, 5, 8, 13, 26, 27, 29, 32, 37) (6, 16, 30, 40) "
"OP(16,16,10,4,4)",0,Solved,"0,0440"," (4t+2)","0,0481","(\infty, \infty, 23, 35, 10, 41, 13, 40, 21, 45, 16, 37, 17, 34, 11, 47) (44, 18, 32, 19, 12, 6, 1, 2, 20, 42, 8, 43, 36, 30, 25, 26) (15, 4, 14, 22, 7, 39, 28, 38, 46, 31) (9, 0, 3, 5) (33, 24, 27, 29) "
"OP(16,16,9,9)",0,Solved,"0,0510"," (4t+2)","0,0543","(\infty, 15, 46, 13, 5, 3, 9, 21, \infty, 45, 33, 27, 29, 37, 22, 39) (7, 4, 0, 16, 17, 6, 1, 8, 31, 28, 24, 40, 41, 30, 25, 32) (19, 38, 11, 2, 12, 42, 20, 34, 47) (43, 14, 35, 26, 36, 18, 44, 10, 23) "
"OP(4,8,6)",0,Solved,"0,0480"," (4t+2)","0,0517","(\infty, \infty, 23, 47) (40, 15, 5, 3, 16, 39, 29, 27) (21, 43, 12, 45, 19, 36) "
"OP(6,8,4)",0,Solved,"0,0530"," (4t+2)","0,0567","(\infty, 2, 4, \infty, 28, 26) (5, 11, 10, 42, 29, 35, 34, 18) (6, 16, 30, 40) "
"OP(4,8,3,3)",0,Solved,"0,0540"," (4t+2)","0,0580","(\infty, 4, \infty, 28) (5, 6, 2, 15, 29, 30, 26, 39) (31, 14, 8) (7, 38, 32) "
"OP(4,7,7)",0,Solved,"0,0520"," (4t+2)","0,0560","(\infty, 2, \infty, 26) (4, 5, 7, 12, 21, 37, 16) (28, 29, 31, 36, 45, 13, 40) "
"OP(16,16,8,6,4)",0,Solved,"0,0600"," (4t+2)","0,0662","(\infty, 17, 10, 6, 3, 8, 14, 29, \infty, 5, 38, 32, 27, 30, 34, 41) (42, 22, 40, 21, 12, 4, 15, 31, 18, 46, 16, 45, 36, 28, 39, 7) (23, 11, 37, 20, 47, 35, 13, 44) (1, 0, 2, 25, 24, 26) (19, 9, 43, 33) "
"OP(16,16,8,5,5)",0,Solved,"0,0490"," (4t+2)","0,0549","(\infty, 10, 23, 45, 13, 36, 18, 8, \infty, 32, 42, 12, 37, 21, 47, 34) (43, 22, 41, 30, 15, 7, 1, 2, 19, 46, 17, 6, 39, 31, 25, 26) (4, 11, 20, 40, 28, 35, 44, 16) (9, 14, 0, 3, 5) (33, 38, 24, 27, 29) "
"OP(16,16,8,4,3,3)",0,Solved,"0,0490"," (4t+2)","0,0524","(\infty, 2, 4, 7, 6, 11, 19, 42, \infty, 18, 43, 35, 30, 31, 28, 26) (16, 27, 41, 13, 45, 23, 36, 9, 40, 3, 17, 37, 21, 47, 12, 33) (15, 22, 10, 0, 39, 46, 34, 24) (14, 8, 38, 32) (1, 20, 5) (25, 44, 29) "
"OP(16,16,7,7,4)",0,Solved,"0,0500"," (4t+2)","0,0554","(\infty, 10, 41, 15, 47, 13, 42, 22, \infty, 46, 18, 37, 23, 39, 17, 34) (7, 4, 0, 2, 3, 9, 16, 43, 31, 28, 24, 26, 27, 33, 40, 19) (6, 14, 32, 45, 35, 12, 1) (30, 38, 8, 21, 11, 36, 25) (20, 5, 44, 29) "
"OP(6,6,6)",0,Solved,"0,0520"," (4t+2)","0,0567","(\infty, 46, 30, \infty, 6, 22) (40, 12, 47, 18, 43, 9) (16, 36, 23, 42, 19, 33) "
"OP(6,6,3,3)",0,Solved,"0,1630"," (4t+2)","0,1669","(\infty, \infty, 23, 11, 35, 47) (3, 4, 14, 27, 28, 38) (5, 1, 6) (29, 25, 30) "
"OP(4,6,4,4)",0,Solved,"0,0400"," (4t+2)","0,0439","(\infty, 20, \infty, 44) (10, 38, 15, 34, 14, 39) (16, 43, 12, 46) (40, 19, 36, 22) "
"OP(16,16,6,6,6)",0,Solved,"0,0490"," (4t+2)","0,0528","(\infty, 10, 43, 23, 40, 17, 6, 18, \infty, 42, 30, 41, 16, 47, 19, 34) (12, 39, 21, 13, 7, 5, 1, 2, 36, 15, 45, 37, 31, 29, 25, 26) (4, 11, 20, 46, 33, 14) (28, 35, 44, 22, 9, 38) (0, 3, 8, 24, 27, 32) "
"OP(16,16,6,6,3,3)",0,Solved,"0,0480"," (4t+2)","0,0518","(\infty, 2, 4, 7, 6, 12, 22, 10, \infty, 34, 46, 36, 30, 31, 28, 26) (16, 27, 43, 18, 45, 17, 35, 9, 40, 3, 19, 42, 21, 41, 11, 33) (15, 23, 14, 0, 13, 8) (39, 47, 38, 24, 37, 32) (1, 20, 5) (25, 44, 29) "
"OP(4,5,5,4)",0,Solved,"0,0470"," (4t+2)","0,0510","(\infty, 1, \infty, 25) (2, 3, 9, 17, 6) (26, 27, 33, 41, 30) (11, 13, 35, 37) "
"OP(16,16,6,4,4,4)",0,Solved,"0,0660"," (4t+2)","0,0703","(\infty, 0, 17, 31, 37, 40, 45, 8, \infty, 32, 21, 16, 13, 7, 41, 24) (5, 44, 3, 35, 12, 39, 1, 47, 29, 20, 27, 11, 36, 15, 25, 23) (6, 28, 43, 30, 4, 19) (14, 26, 34, 33) (38, 2, 10, 9) (22, 42, 46, 18) "
"OP(16,16,6,3,3,3,3)",0,Solved,"0,0850"," (4t+2)","0,0898","(\infty, 47, 2, 4, 20, 39, 12, 35, \infty, 11, 36, 15, 44, 28, 26, 23) (42, 16, 7, 19, 8, 22, 21, 38, 18, 40, 31, 43, 32, 46, 45, 14) (10, 5, 1, 34, 29, 25) (13, 0, 6) (37, 24, 30) (41, 3, 33) (17, 27, 9) "
"OP(4,4,5,5)",0,Solved,"0,0820"," (4t+2)","0,0867","(\infty, 3, \infty, 27) (41, 0, 17, 24) (6, 7, 9, 15, 11) (30, 31, 33, 39, 35) "
"OP(16,16,5,5,4,4)",0,Solved,"0,0570"," (4t+2)","0,0615","(\infty, 18, 35, 7, 37, 21, 47, 20, \infty, 44, 23, 45, 13, 31, 11, 42) (40, 17, 32, 19, 12, 6, 1, 2, 16, 41, 8, 43, 36, 30, 25, 26) (15, 4, 14, 22, 34) (39, 28, 38, 46, 10) (9, 0, 3, 5) (33, 24, 27, 29) "
"OP(4,4,4,3,3)",0,Solved,"0,0860"," (4t+2)","0,0907","(\infty, 17, \infty, 41) (2, 3, 1, 7) (26, 27, 25, 31) (9, 39, 10) (33, 15, 34) "
"OP(16,16,4,4,4,3,3)",0,Solved,"0,1550"," (4t+2)","0,1584","(\infty, 7, 16, 41, 36, 1, 3, 19, \infty, 43, 27, 25, 12, 17, 40, 31) (8, 2, 13, 35, 47, 14, 33, 5, 32, 26, 37, 11, 23, 38, 9, 29) (42, 4, 44, 45) (18, 28, 20, 21) (46, 39, 22, 15) (0, 30, 34) (24, 6, 10) "
"OP(16,16,3,3,3,3,3,3)",0,Solved,"0,1170"," (4t+2)","0,1223","(\infty, 30, 15, 19, 0, 18, 8, 10, \infty, 34, 32, 42, 24, 43, 39, 6) (3, 28, 44, 2, 9, 45, 14, 5, 27, 4, 20, 26, 33, 21, 38, 29) (41, 40, 13) (17, 16, 37) (22, 25, 11) (46, 1, 35) (47, 7, 12) (23, 31, 36) "
"OP(16,15,15,4)",0,Solved,"0,0560"," (4t+2)","0,0603","(\infty, 5, 32, 6, 36, 1, 33, 31, \infty, 7, 9, 25, 12, 30, 8, 29) (2, 35, 4, 42, 45, 44, 39, 47, 40, 46, 34, 43, 24, 38, 27) (26, 11, 28, 18, 21, 20, 15, 23, 16, 22, 10, 19, 0, 14, 3) (41, 37, 17, 13) "
"OP(6,14)",0,Solved,"0,0490"," (4t+2)","0,0542","(\infty, 17, 47, \infty, 23, 41) (42, 19, 36, 4, 38, 10, 39, 18, 43, 12, 28, 14, 34, 15) "
"OP(14,6)",0,Solved,"0,0510"," (4t+2)","0,0557","(\infty, 45, 3, 32, 10, 5, 19, \infty, 43, 29, 34, 8, 27, 21) (39, 2, 11, 15, 26, 35) "
"OP(14,3,3)",0,Solved,"0,0460"," (4t+2)","0,0490","(\infty, 4, 14, 30, 41, 23, 46, \infty, 22, 47, 17, 6, 38, 28) (12, 40, 21) (36, 16, 45) "
"OP(8,12)",0,Solved,"0,0550"," (4t+2)","0,0595","(\infty, 15, 36, 19, \infty, 43, 12, 39) (41, 23, 4, 38, 10, 42, 17, 47, 28, 14, 34, 18) "
"OP(4,12,4)",0,Solved,"0,0770"," (4t+2)","0,0816","(\infty, 35, \infty, 11) (0, 1, 4, 14, 23, 41, 24, 25, 28, 38, 47, 17) (13, 21, 37, 45) "
"OP(12,8)",0,Solved,"0,0680"," (4t+2)","0,0736","(\infty, 5, 18, 38, 8, 23, \infty, 47, 32, 14, 42, 29) (21, 12, 7, 4, 45, 36, 31, 28) "
"OP(16,15,11,5,3)",,Infeasible,,Table config is not valid,,
"OP(12,4,4)",0,Solved,"0,0550"," (4t+2)","0,0584","(\infty, 10, 21, 35, 23, 36, \infty, 12, 47, 11, 45, 34) (13, 22, 7, 0) (37, 46, 31, 24) "
"OP(10,10)",0,Solved,"0,0540"," (4t+2)","0,0607","(\infty, 1, 2, 4, 9, \infty, 33, 28, 26, 25) (5, 16, 31, 19, 42, 29, 40, 7, 43, 18) "
"OP(4,10,6)",0,Solved,"0,0550"," (4t+2)","0,0592","(\infty, 1, \infty, 25) (2, 3, 9, 5, 13, 26, 27, 33, 29, 37) (6, 17, 45, 30, 41, 21) "
"OP(6,10,4)",0,Solved,"0,0990"," (4t+2)","0,1030","(\infty, 22, 8, \infty, 32, 46) (4, 0, 3, 5, 12, 28, 24, 27, 29, 36) (21, 13, 45, 37) "
"OP(4,10,3,3)",0,Solved,"0,0910"," (4t+2)","0,0948","(\infty, \infty, 23, 47) (45, 18, 38, 19, 8, 21, 42, 14, 43, 32) (31, 13, 3) (7, 37, 27) "
"OP(16,15,9,7,3)",,Infeasible,,Table config is not valid,,
"OP(10,6,4)",0,Solved,"0,0550"," (4t+2)","0,0590","(\infty, 19, 6, 17, 35, \infty, 11, 41, 30, 43) (22, 45, 18, 46, 21, 42) (44, 12, 20, 36) "
"OP(10,5,5)",0,Solved,"0,0530"," (4t+2)","0,0567","(\infty, 13, 44, 21, 47, \infty, 23, 45, 20, 37) (4, 17, 36, 8, 46) (28, 41, 12, 32, 22) "
"OP(10,4,3,3)",0,Solved,"0,2190"," (4t+2)","0,2249","(\infty, 13, 31, 20, 17, \infty, 41, 44, 7, 37) (9, 23, 33, 47) (8, 1, 40) (32, 25, 16) "
"OP(4,8,8)",0,Solved,"0,0120"," (4t+2)","0,0158","(\infty, 1, \infty, 25) (4, 3, 6, 2, 0, 5, 17, 10) (28, 27, 30, 26, 24, 29, 41, 34) "
"OP(8,8,4)",0,Solved,"0,1460"," (4t+2)","0,1493","(\infty, 15, 42, 13, \infty, 37, 18, 39) (4, 2, 3, 0, 28, 26, 27, 24) (17, 8, 41, 32) "
"OP(6,8,6)",0,Solved,"0,0480"," (4t+2)","0,0523","(\infty, 2, 4, \infty, 28, 26) (5, 6, 11, 14, 29, 30, 35, 38) (34, 16, 27, 10, 40, 3) "
"OP(6,8,3,3)",0,Solved,"0,0470"," (4t+2)","0,0514","(\infty, 2, 4, \infty, 28, 26) (6, 7, 10, 42, 30, 31, 34, 18) (22, 16, 27) (46, 40, 3) "
"OP(4,8,4,4)",0,Solved,"0,0510"," (4t+2)","0,0560","(\infty, 22, \infty, 46) (8, 1, 2, 7, 32, 25, 26, 31) (6, 17, 34, 18) (30, 41, 10, 42) "
"OP(6,7,7)",0,Solved,"0,0480"," (4t+2)","0,0511","(\infty, 42, 16, \infty, 40, 18) (34, 20, 41, 11, 3, 6, 15) (10, 44, 17, 35, 27, 30, 39) "
"OP(8,6,6)",0,Solved,"0,0460"," (4t+2)","0,0504","(\infty, 4, 14, 44, \infty, 20, 38, 28) (46, 6, 23, 3, 5, 9) (22, 30, 47, 27, 29, 33) "
"OP(8,6,3,3)",0,Solved,"0,1560"," (4t+2)","0,1609","(\infty, 2, 3, 0, \infty, 24, 27, 26) (1, 8, 6, 25, 32, 30) (20, 15, 7) (44, 39, 31) "
"OP(16,15,7,5,4,3)",,Infeasible,,Table config is not valid,,
"OP(8,4,4,4)",0,Solved,"0,0460"," (4t+2)","0,0502","(\infty, 1, 4, 13, \infty, 37, 28, 25) (3, 2, 0, 5) (27, 26, 24, 29) (9, 15, 33, 39) "
"OP(8,3,3,3,3)",0,Solved,"0,0480"," (4t+2)","0,0514","(\infty, 4, 14, 30, \infty, 6, 38, 28) (44, 16, 37) (20, 40, 13) (15, 46, 21) (39, 22, 45) "
"OP(4,6,6,4)",0,Solved,"0,0590"," (4t+2)","0,0634","(\infty, 36, \infty, 12) (43, 46, 47, 29, 6, 32) (19, 22, 23, 5, 30, 8) (38, 33, 14, 9) "
"OP(4,6,5,5)",0,Solved,"0,1350"," (4t+2)","0,1400","(\infty, 22, \infty, 46) (1, 9, 34, 25, 33, 10) (13, 35, 16, 29, 41) (37, 11, 40, 5, 17) "
"OP(6,6,4,4)",0,Solved,"0,1370"," (4t+2)","0,1434","(\infty, 45, 11, \infty, 35, 21) (2, 4, 9, 26, 28, 33) (18, 46, 16, 39) (42, 22, 40, 15) "
"OP(4,6,4,3,3)",0,Solved,"0,1050"," (4t+2)","0,1096","(\infty, 19, \infty, 43) (8, 0, 1, 32, 24, 25) (2, 39, 26, 15) (3, 5, 9) (27, 29, 33) "
"OP(6,5,5,4)",0,Solved,"0,1430"," (4t+2)","0,1468","(\infty, 20, 42, \infty, 18, 44) (21, 1, 39, 23, 8) (45, 25, 15, 47, 32) (17, 6, 41, 30) "
"OP(4,5,5,3,3)",0,Solved,"0,0420"," (4t+2)","0,0459","(\infty, 4, \infty, 28) (6, 16, 34, 45, 22) (30, 40, 10, 21, 46) (17, 38, 23) (41, 14, 47) "
"OP(6,4,4,3,3)",0,Solved,"0,0380"," (4t+2)","0,0427","(\infty, 4, 14, \infty, 38, 28) (32, 44, 13, 39) (8, 20, 37, 15) (12, 40, 21) (36, 16, 45) "
"OP(4,4,4,4,4)",0,Solved,"0,0250"," (4t+2)","0,0285","(\infty, 1, \infty, 25) (8, 3, 5, 2) (32, 27, 29, 26) (0, 10, 11, 4) (24, 34, 35, 28) "
"OP(4,4,3,3,3,3)",0,Solved,"0,1570"," (4t+2)","0,1601","(\infty, 29, \infty, 5) (3, 4, 27, 28) (9, 39, 44) (33, 15, 20) (30, 8, 21) (6, 32, 45) "
"OP(16,14,14,6)",0,Solved,"0,0550"," (4t+2)","0,0597","(\infty, 41, 30, 15, 9, 5, 2, 7, \infty, 31, 26, 29, 33, 39, 6, 17) (4, 13, 23, 42, 10, 45, 22, 8, 20, 38, 16, 36, 19, 11) (28, 37, 47, 18, 34, 21, 46, 32, 44, 14, 40, 12, 43, 35) (0, 1, 3, 24, 25, 27) "
"OP(16,14,14,3,3)",0,Solved,"0,0540"," (4t+2)","0,0598","(\infty, \infty, 23, 13, 40, 8, 33, 46, 15, 39, 22, 9, 32, 16, 37, 47) (29, 3, 10, 6, 1, 4, 12, 18, 17, 45, 31, 43, 14, 44) (5, 27, 34, 30, 25, 28, 36, 42, 41, 21, 7, 19, 38, 20) (35, 26, 24) (11, 2, 0) "
"OP(8,13,13,16)",0,Solved,"0,0790"," (4t+2)","0,0850","(\infty, 30, 3, 0, \infty, 24, 27, 6) (8, 16, 17, 46, 15, 47, 12, 38, 10, 5, 1, 7, 18) (32, 40, 41, 22, 39, 23, 36, 14, 34, 29, 25, 31, 42) (21, 35, 20, 43, 13, 4, 2, 9, 45, 11, 44, 19, 37, 28, 26, 33) "
"OP(4,13,13,4,16)",0,Solved,"0,0450"," (4t+2)","0,0494","(\infty, 14, \infty, 38) (3, 11, 20, 37, 17, 47, 31, 45, 16, 42, 19, 6, 1) (27, 35, 44, 13, 41, 23, 7, 21, 40, 18, 43, 30, 25) (2, 5, 26, 29) (9, 10, 4, 8, 15, 0, 12, 22, 33, 34, 28, 32, 39, 24, 36, 46) "
"OP(16,14,12,8)",0,Solved,"0,0940"," (4t+2)","0,0996","(\infty, 3, 23, 42, 15, 14, 7, 41, \infty, 17, 31, 38, 39, 18, 47, 27) (4, 6, 11, 8, 43, 1, 10, 28, 30, 35, 32, 19, 25, 34) (16, 5, 13, 46, 21, 9, 40, 29, 37, 22, 45, 33) (0, 44, 12, 2, 24, 20, 36, 26) "
"OP(4,14,12,4,16)",0,Solved,"0,0750"," (4t+2)","0,0794","(\infty, 0, \infty, 24) (2, 3, 7, 5, 8, 13, 4, 26, 27, 31, 29, 32, 37, 28) (6, 12, 19, 9, 17, 42, 30, 36, 43, 33, 41, 18) (10, 21, 34, 45) (14, 47, 15, 46, 25, 11, 40, 20, 38, 23, 39, 22, 1, 35, 16, 44) "
"OP(16,14,12,4,4)",0,Solved,"0,0830"," (4t+2)","0,0884","(\infty, 30, 3, 0, 8, 7, 18, 40, \infty, 16, 42, 31, 32, 24, 27, 6) (38, 21, 12, 22, 10, 5, 1, 14, 45, 36, 46, 34, 29, 25) (9, 23, 39, 20, 43, 13, 33, 47, 15, 44, 19, 37) (11, 4, 2, 17) (35, 28, 26, 41) "
"OP(10,14,10,16)",0,Solved,"0,0430"," (4t+2)","0,0468","(\infty, 5, 6, 12, 17, \infty, 41, 36, 30, 29) (14, 46, 33, 15, 8, 0, 2, 38, 22, 9, 39, 32, 24, 26) (3, 7, 16, 37, 47, 27, 31, 40, 13, 23) (43, 10, 21, 35, 4, 1, 20, 42, 19, 34, 45, 11, 28, 25, 44, 18) "
"OP(4,14,10,6,16)",0,Solved,"0,0480"," (4t+2)","0,0520","(\infty, 1, \infty, 25) (4, 3, 6, 2, 0, 5, 11, 28, 27, 30, 26, 24, 29, 35) (8, 18, 33, 19, 44, 32, 42, 9, 43, 20) (22, 14, 7, 46, 38, 31) (10, 21, 37, 16, 36, 23, 41, 15, 34, 45, 13, 40, 12, 47, 17, 39) "
"OP(6,14,10,16,4)",0,Solved,"0,2270"," (4t+2)","0,2308","(\infty, 44, 12, \infty, 36, 20) (11, 21, 14, 9, 6, 4, 0, 35, 45, 38, 33, 30, 28, 24) (41, 19, 34, 16, 5, 17, 43, 10, 40, 29) (1, 7, 15, 32, 23, 37, 18, 46, 25, 31, 39, 8, 47, 13, 42, 22) (3, 2, 27, 26) "
"OP(4,14,10,16,3,3)",0,Solved,"0,0700"," (4t+2)","0,0736","(\infty, 22, \infty, 46) (0, 18, 47, 11, 4, 14, 39, 24, 42, 23, 35, 28, 38, 15) (1, 5, 13, 44, 9, 25, 29, 37, 20, 33) (40, 19, 41, 21, 10, 8, 7, 2, 16, 43, 17, 45, 34, 32, 31, 26) (12, 6, 3) (36, 30, 27) "
"OP(16,14,10,10)",0,Solved,"0,0760"," (4t+2)","0,0798","(\infty, 3, 4, 6, 9, 40, 21, 39, \infty, 15, 45, 16, 33, 30, 28, 27) (5, 1, 17, 26, 13, 8, 14, 29, 25, 41, 2, 37, 32, 38) (23, 43, 22, 36, 44, 18, 7, 0, 10, 35) (47, 19, 46, 12, 20, 42, 31, 24, 34, 11) "
"OP(4,14,10,6,16)",0,Solved,"0,0470"," (4t+2)","0,0522","(\infty, 1, \infty, 25) (4, 3, 6, 2, 0, 5, 11, 28, 27, 30, 26, 24, 29, 35) (8, 18, 33, 19, 44, 32, 42, 9, 43, 20) (22, 14, 7, 46, 38, 31) (10, 21, 37, 16, 36, 23, 41, 15, 34, 45, 13, 40, 12, 47, 17, 39) "
"OP(16,14,10,6,4)",0,Solved,"0,0810"," (4t+2)","0,0848","(\infty, 18, 43, 36, 39, 3, 37, 38, \infty, 14, 13, 27, 15, 12, 19, 42) (16, 20, 1, 23, 28, 17, 34, 40, 44, 25, 47, 4, 41, 10) (30, 2, 29, 11, 21, 6, 26, 5, 35, 45) (33, 46, 7, 9, 22, 31) (0, 32, 24, 8) "
"OP(16,14,10,5,5)",0,Solved,"0,0600"," (4t+2)","0,0641","(\infty, 3, 4, 6, 9, 18, 39, 17, \infty, 41, 15, 42, 33, 30, 28, 27) (5, 1, 19, 26, 13, 8, 14, 29, 25, 43, 2, 37, 32, 38) (23, 40, 20, 36, 7, 47, 16, 44, 12, 31) (22, 10, 0, 11, 45) (46, 34, 24, 35, 21) "
"OP(16,14,10,4,3,3)",0,Solved,"0,0660"," (4t+2)","0,0704","(\infty, 39, 20, 46, 12, 7, 24, 35, \infty, 11, 0, 31, 36, 22, 44, 15) (45, 18, 19, 4, 6, 2, 9, 21, 42, 43, 28, 30, 26, 33) (34, 16, 3, 13, 38, 10, 40, 27, 37, 14) (25, 41, 1, 17) (8, 5, 47) (32, 29, 23) "
"OP(4,14,8,8,16)",0,Solved,"0,0670"," (4t+2)","0,0715","(\infty, 26, \infty, 2) (1, 27, 37, 36, 45, 39, 10, 25, 3, 13, 12, 21, 15, 34) (44, 16, 33, 38, 17, 29, 31, 28) (20, 40, 9, 14, 41, 5, 7, 4) (23, 46, 42, 8, 43, 35, 24, 6, 47, 22, 18, 32, 19, 11, 0, 30) "
"OP(8,14,8,16,4)",0,Solved,"0,2390"," (4t+2)","0,2446","(\infty, 3, 13, 41, \infty, 17, 37, 27) (6, 1, 9, 11, 2, 5, 16, 30, 25, 33, 35, 26, 29, 40) (14, 32, 45, 12, 38, 8, 21, 36) (10, 4, 0, 7, 23, 42, 15, 46, 34, 28, 24, 31, 47, 18, 39, 22) (43, 20, 19, 44) "
"OP(6,14,8,6,16)",0,Solved,"0,1660"," (4t+2)","0,1700","(\infty, 2, 0, \infty, 24, 26) (8, 39, 21, 42, 23, 37, 17, 32, 15, 45, 18, 47, 13, 41) (20, 46, 11, 12, 44, 22, 35, 36) (16, 10, 3, 40, 34, 27) (7, 19, 9, 4, 1, 5, 14, 6, 31, 43, 33, 28, 25, 29, 38, 30) "
"OP(6,14,8,16,3,3)",0,Solved,"0,0830"," (4t+2)","0,0871","(\infty, 46, 16, \infty, 40, 22) (12, 39, 20, 9, 8, 4, 13, 36, 15, 44, 33, 32, 28, 37) (17, 2, 7, 5, 41, 26, 31, 29) (3, 10, 23, 43, 21, 18, 1, 11, 27, 34, 47, 19, 45, 42, 25, 35) (0, 6, 14) (24, 30, 38) "
"OP(4,14,8,4,4,16)",0,Solved,"0,0880"," (4t+2)","0,0918","(\infty, 6, \infty, 30) (9, 0, 7, 15, 41, 16, 4, 33, 24, 31, 39, 17, 40, 28) (14, 1, 5, 20, 38, 25, 29, 44) (47, 10, 8, 13) (23, 34, 32, 37) (21, 42, 11, 12, 2, 22, 19, 3, 45, 18, 35, 36, 26, 46, 43, 27) "
"OP(16,14,8,8,4)",0,Solved,"0,2060"," (4t+2)","0,2095","(\infty, 3, 45, 47, 7, 8, 34, 39, \infty, 15, 10, 32, 31, 23, 21, 27) (44, 37, 2, 38, 29, 33, 0, 20, 13, 26, 14, 5, 9, 24) (30, 11, 1, 18, 36, 4, 41, 16) (6, 35, 25, 42, 12, 28, 17, 40) (46, 43, 22, 19) "
"OP(6,14,7,7,16)",0,Solved,"0,0510"," (4t+2)","0,0544","(\infty, 43, 17, \infty, 41, 19) (44, 23, 40, 11, 4, 3, 6, 20, 47, 16, 35, 28, 27, 30) (9, 7, 1, 10, 38, 15, 45) (33, 31, 25, 34, 14, 39, 21) (5, 0, 8, 12, 22, 37, 2, 18, 29, 24, 32, 36, 46, 13, 26, 42) "
"OP(16,14,8,6,6)",0,Solved,"0,0450"," (4t+2)","0,0491","(\infty, 1, 4, 10, 3, 2, 0, 5, \infty, 29, 24, 26, 27, 34, 28, 25) (22, 44, 32, 18, 7, 17, 33, 46, 20, 8, 42, 31, 41, 9) (35, 14, 6, 15, 11, 38, 30, 39) (12, 45, 16, 47, 19, 37) (36, 21, 40, 23, 43, 13) "
"OP(16,14,8,6,3,3)",0,Solved,"0,0720"," (4t+2)","0,0767","(\infty, 1, 9, 11, 6, 5, 17, 43, \infty, 19, 41, 29, 30, 35, 33, 25) (22, 47, 14, 44, 16, 3, 12, 46, 23, 38, 20, 40, 27, 36) (13, 7, 0, 10, 37, 31, 24, 34) (39, 8, 4, 15, 32, 28) (18, 21, 2) (42, 45, 26) "
"OP(4,14,8,4,4,16)",0,Solved,"0,0780"," (4t+2)","0,0842","(\infty, 6, \infty, 30) (9, 0, 7, 15, 41, 16, 4, 33, 24, 31, 39, 17, 40, 28) (14, 1, 5, 20, 38, 25, 29, 44) (47, 10, 8, 13) (23, 34, 32, 37) (21, 42, 11, 12, 2, 22, 19, 3, 45, 18, 35, 36, 26, 46, 43, 27) "
"OP(16,14,8,4,4,4)",0,Solved,"0,0730"," (4t+2)","0,0779","(\infty, 33, 6, 38, 39, 8, 46, 13, \infty, 37, 22, 32, 15, 14, 30, 9) (44, 16, 3, 1, 26, 23, 42, 20, 40, 27, 25, 2, 47, 18) (43, 7, 21, 10, 19, 31, 45, 34) (0, 5, 12, 4) (24, 29, 36, 28) (17, 11, 41, 35) "
"OP(16,14,8,3,3,3,3)",0,Solved,"0,0350"," (4t+2)","0,0412","(\infty, 11, 3, 16, 37, 20, 39, 23, \infty, 47, 15, 44, 13, 40, 27, 35) (43, 21, 46, 32, 17, 12, 1, 19, 45, 22, 8, 41, 36, 25) (2, 9, 18, 38, 26, 33, 42, 14) (4, 5, 7) (28, 29, 31) (0, 10, 6) (24, 34, 30) "
"OP(16,14,7,7,6)",0,Solved,"0,0470"," (4t+2)","0,0514","(\infty, 11, 3, 10, 45, 15, 42, 19, \infty, 43, 18, 39, 21, 34, 27, 35) (14, 46, 20, 40, 23, 13, 1, 38, 22, 44, 16, 47, 37, 25) (2, 36, 17, 8, 4, 5, 7) (26, 12, 41, 32, 28, 29, 31) (0, 6, 9, 24, 30, 33) "
"OP(16,14,7,7,3,3)",0,Solved,"0,0450"," (4t+2)","0,0499","(\infty, 14, 3, 13, 40, 17, 45, 12, \infty, 36, 21, 41, 16, 37, 27, 38) (11, 42, 20, 39, 23, 10, 1, 35, 18, 44, 15, 47, 34, 25) (2, 7, 19, 22, 4, 5, 9) (26, 31, 43, 46, 28, 29, 33) (0, 8, 6) (24, 32, 30) "
"OP(4,14,6,6,4,16)",0,Solved,"0,0430"," (4t+2)","0,0469","(\infty, 1, \infty, 25) (4, 3, 6, 2, 0, 5, 11, 28, 27, 30, 26, 24, 29, 35) (18, 8, 17, 37, 22, 36) (42, 32, 41, 13, 46, 12) (15, 7, 39, 31) (19, 38, 16, 9, 45, 10, 47, 20, 43, 14, 40, 33, 21, 34, 23, 44) "
"OP(4,14,6,5,5,16)",0,Solved,"0,0480"," (4t+2)","0,0527","(\infty, 8, \infty, 32) (23, 30, 40, 44, 24, 7, 5, 47, 6, 16, 20, 0, 31, 29) (17, 38, 1, 41, 14, 25) (10, 11, 36, 45, 42) (34, 35, 12, 21, 18) (39, 26, 4, 33, 19, 37, 22, 27, 15, 2, 28, 9, 43, 13, 46, 3) "
"OP(6,14,6,16,4,4)",0,Solved,"0,0750"," (4t+2)","0,0798","(\infty, 5, 15, \infty, 39, 29) (13, 7, 2, 0, 1, 4, 8, 37, 31, 26, 24, 25, 28, 32) (18, 10, 3, 42, 34, 27) (16, 44, 14, 47, 21, 33, 17, 6, 40, 20, 38, 23, 45, 9, 41, 30) (19, 36, 11, 46) (43, 12, 35, 22) "
"OP(4,14,6,4,16,3,3)",0,Solved,"0,0740"," (4t+2)","0,0784","(\infty, 30, \infty, 6) (3, 0, 10, 45, 22, 42, 15, 27, 24, 34, 21, 46, 18, 39) (16, 12, 23, 40, 36, 47) (13, 5, 37, 29) (1, 7, 8, 17, 43, 14, 44, 11, 25, 31, 32, 41, 19, 38, 20, 35) (4, 2, 9) (28, 26, 33) "
"OP(4,14,5,5,6,16)",0,Solved,"0,0650"," (4t+2)","0,0687","(\infty, 4, \infty, 28) (5, 6, 2, 12, 15, 17, 45, 29, 30, 26, 36, 39, 41, 21) (3, 8, 14, 43, 10) (27, 32, 38, 19, 34) (0, 11, 42, 24, 35, 18) (31, 40, 13, 1, 9, 23, 46, 20, 7, 16, 37, 25, 33, 47, 22, 44) "
"OP(16,14,6,6,4,4)",0,Solved,"0,0660"," (4t+2)","0,0704","(\infty, 3, 4, 6, 9, 21, 39, 19, \infty, 43, 15, 45, 33, 30, 28, 27) (5, 1, 17, 26, 13, 8, 14, 29, 25, 41, 2, 37, 32, 38) (23, 40, 11, 36, 22, 44) (47, 16, 35, 12, 46, 20) (7, 0, 10, 18) (31, 24, 34, 42) "
"OP(16,14,6,5,5,4)",0,Solved,"0,0410"," (4t+2)","0,0446","(\infty, 17, 3, 6, 18, 44, 15, 47, \infty, 23, 39, 20, 42, 30, 27, 41) (10, 38, 21, 46, 33, 12, 1, 34, 14, 45, 22, 9, 36, 25) (2, 11, 16, 26, 35, 40) (8, 4, 5, 7, 0) (32, 28, 29, 31, 24) (13, 19, 37, 43) "
"OP(4,14,5,5,16,3,3)",0,Solved,"0,0830"," (4t+2)","0,0870","(\infty, 22, \infty, 46) (16, 10, 3, 6, 8, 20, 7, 40, 34, 27, 30, 32, 44, 31) (47, 17, 36, 5, 15) (23, 41, 12, 29, 39) (11, 38, 18, 43, 21, 13, 2, 1, 35, 14, 42, 19, 45, 37, 26, 25) (4, 0, 9) (28, 24, 33) "
"OP(16,14,6,4,4,3,3)",0,Solved,"0,0650"," (4t+2)","0,0686","(\infty, 3, 4, 6, 9, 46, 21, 43, \infty, 19, 45, 22, 33, 30, 28, 27) (5, 1, 40, 26, 13, 8, 14, 29, 25, 16, 2, 37, 32, 38) (23, 35, 7, 47, 11, 31) (36, 18, 39, 20) (12, 42, 15, 44) (0, 10, 17) (24, 34, 41) "
"OP(16,14,5,5,5,5)",0,Solved,"0,0520"," (4t+2)","0,0572","(\infty, 5, 40, 44, 32, 37, 46, 47, \infty, 23, 22, 13, 8, 20, 16, 29) (33, 3, 25, 39, 36, 26, 42, 9, 27, 1, 15, 12, 2, 18) (7, 30, 38, 45, 34) (31, 6, 14, 21, 10) (4, 35, 41, 43, 24) (28, 11, 17, 19, 0) "
"OP(16,14,5,5,4,3,3)",0,Solved,"0,0980"," (4t+2)","0,1038","(\infty, 27, 8, 15, 14, 17, 43, 7, \infty, 31, 19, 41, 38, 39, 32, 3) (25, 4, 20, 12, 2, 6, 21, 1, 28, 44, 36, 26, 30, 45) (13, 47, 22, 5, 18) (37, 23, 46, 29, 42) (10, 16, 34, 40) (0, 11, 9) (24, 35, 33) "
"OP(4,14,4,4,4,4,16)",0,Solved,"0,0460"," (4t+2)","0,0497","(\infty, 22, \infty, 46) (43, 13, 5, 3, 9, 10, 44, 19, 37, 29, 27, 33, 34, 20) (4, 0, 16, 7) (28, 24, 40, 31) (6, 1, 8, 18) (30, 25, 32, 42) (35, 15, 2, 17, 36, 47, 21, 38, 11, 39, 26, 41, 12, 23, 45, 14) "
"OP(4,14,4,16,3,3,3,3)",0,Solved,"0,0630"," (4t+2)","0,0665","(\infty, 3, \infty, 27) (4, 5, 7, 13, 17, 40, 45, 28, 29, 31, 37, 41, 16, 21) (1, 14, 25, 38) (26, 11, 8, 15, 23, 44, 18, 36, 2, 35, 32, 39, 47, 20, 42, 12) (6, 22, 34) (30, 46, 10) (0, 9, 19) (24, 33, 43) "
"OP(16,14,4,4,4,4,4)",0,Solved,"0,1100"," (4t+2)","0,1138","(\infty, 10, 16, 35, 27, 47, 13, 46, \infty, 22, 37, 23, 3, 11, 40, 34) (2, 33, 15, 6, 31, 42, 21, 26, 9, 39, 30, 7, 18, 45) (44, 12, 5, 8) (20, 36, 29, 32) (4, 14, 1, 0) (28, 38, 25, 24) (41, 43, 17, 19) "
"OP(16,14,4,4,3,3,3,3)",0,Solved,"0,0680"," (4t+2)","0,0719","(\infty, 26, 32, 5, 40, 4, 27, 44, \infty, 20, 3, 28, 16, 29, 8, 2) (31, 41, 25, 36, 38, 45, 37, 7, 17, 1, 12, 14, 21, 13) (24, 46, 43, 39) (0, 22, 19, 15) (6, 35, 34) (30, 11, 10) (42, 33, 47) (18, 9, 23) "
"OP(16,13,13,8)",0,Solved,"0,0540"," (4t+2)","0,0579","(\infty, 5, 13, 22, 10, 23, 38, 15, \infty, 39, 14, 47, 34, 46, 37, 29) (7, 4, 0, 2, 3, 9, 16, 32, 18, 36, 19, 45, 35) (31, 28, 24, 26, 27, 33, 40, 8, 42, 12, 43, 21, 11) (6, 1, 20, 41, 30, 25, 44, 17) "
"OP(4,13,13,4,16)",0,Solved,"0,0440"," (4t+2)","0,0504","(\infty, 14, \infty, 38) (3, 11, 20, 37, 17, 47, 31, 45, 16, 42, 19, 6, 1) (27, 35, 44, 13, 41, 23, 7, 21, 40, 18, 43, 30, 25) (2, 5, 26, 29) (9, 10, 4, 8, 15, 0, 12, 22, 33, 34, 28, 32, 39, 24, 36, 46) "
"OP(16,13,13,4,4)",0,Solved,"0,0630"," (4t+2)","0,0664","(\infty, 4, 5, 7, 2, 16, 20, 46, \infty, 22, 44, 40, 26, 31, 29, 28) (10, 3, 15, 47, 14, 6, 0, 13, 42, 21, 41, 11, 1) (34, 27, 39, 23, 38, 30, 24, 37, 18, 45, 17, 35, 25) (9, 12, 43, 32) (33, 36, 19, 8) "
"OP(10,12,12,16)",0,Solved,"0,0450"," (4t+2)","0,0511","(\infty, 1, 2, 4, 9, \infty, 33, 28, 26, 25) (3, 6, 12, 21, 5, 35, 22, 10, 0, 14, 7, 47) (27, 30, 36, 45, 29, 11, 46, 34, 24, 38, 31, 23) (8, 19, 39, 20, 37, 16, 42, 17, 32, 43, 15, 44, 13, 40, 18, 41) "
"OP(4,12,12,6,16)",0,Solved,"0,0490"," (4t+2)","0,0524","(\infty, 3, \infty, 27) (4, 13, 47, 5, 12, 8, 0, 15, 44, 19, 22, 17) (28, 37, 23, 29, 36, 32, 24, 39, 20, 43, 46, 41) (9, 7, 6, 33, 31, 30) (42, 11, 1, 21, 10, 40, 14, 2, 18, 35, 25, 45, 34, 16, 38, 26) "
"OP(6,12,12,16,4)",0,Solved,"0,0510"," (4t+2)","0,0554","(\infty, 6, 16, \infty, 40, 30) (34, 14, 32, 19, 12, 7, 4, 0, 2, 3, 9, 17) (10, 38, 8, 43, 36, 31, 28, 24, 26, 27, 33, 41) (39, 23, 42, 21, 46, 35, 13, 1, 15, 47, 18, 45, 22, 11, 37, 25) (20, 5, 44, 29) "
"OP(4,12,12,16,3,3)",0,Solved,"0,0500"," (4t+2)","0,0560","(\infty, 20, \infty, 44) (16, 8, 2, 5, 6, 1, 22, 12, 0, 35, 17, 33) (40, 32, 26, 29, 30, 25, 46, 36, 24, 11, 41, 9) (42, 23, 38, 10, 3, 7, 21, 43, 18, 47, 14, 34, 27, 31, 45, 19) (13, 4, 15) (37, 28, 39) "
"OP(12,12,16,10)",0,Solved,"0,0490"," (4t+2)","0,0548","(\infty, 1, 2, 4, 0, 3, \infty, 27, 24, 28, 26, 25) (23, 6, 13, 32, 19, 5, 47, 30, 37, 8, 43, 29) (35, 17, 40, 31, 15, 10, 18, 38, 11, 41, 16, 7, 39, 34, 42, 14) (9, 20, 46, 36, 21, 33, 44, 22, 12, 45) "
"OP(16,13,11,7,3)",,Infeasible,,Table config is not valid,,
"OP(12,12,16,6,4)",0,Solved,"0,0770"," (4t+2)","0,0812","(\infty, 40, 45, 11, 34, 12, \infty, 36, 10, 35, 21, 16) (14, 33, 1, 0, 39, 46, 38, 9, 25, 24, 15, 22) (43, 6, 3, 5, 47, 32, 20, 2, 19, 30, 27, 29, 23, 8, 44, 26) (7, 42, 4, 31, 18, 28) (41, 37, 17, 13) "
"OP(12,12,16,5,5)",0,Solved,"0,0470"," (4t+2)","0,0523","(\infty, 2, 4, 5, 9, 14, \infty, 38, 33, 29, 28, 26) (12, 42, 16, 27, 17, 45, 36, 18, 40, 3, 41, 21) (37, 22, 43, 31, 15, 23, 6, 0, 13, 46, 19, 7, 39, 47, 30, 24) (11, 8, 1, 20, 34) (35, 32, 25, 44, 10) "
"OP(12,12,16,4,3,3)",0,Solved,"0,1380"," (4t+2)","0,1422","(\infty, 47, 38, 6, 12, 33, \infty, 9, 36, 30, 14, 23) (35, 10, 17, 39, 44, 7, 11, 34, 41, 15, 20, 31) (37, 19, 2, 0, 29, 21, 1, 46, 13, 43, 26, 24, 5, 45, 25, 22) (32, 42, 8, 18) (40, 28, 27) (16, 4, 3) "
"OP(4,12,10,8,16)",0,Solved,"0,0790"," (4t+2)","0,0836","(\infty, 10, \infty, 34) (11, 18, 2, 1, 7, 5, 35, 42, 26, 25, 31, 29) (19, 9, 4, 39, 20, 43, 33, 28, 15, 44) (0, 3, 23, 12, 24, 27, 47, 36) (38, 21, 17, 32, 6, 40, 13, 22, 14, 45, 41, 8, 30, 16, 37, 46) "
"OP(8,12,10,16,4)",0,Solved,"0,0670"," (4t+2)","0,0720","(\infty, 0, 25, 38, \infty, 14, 1, 24) (19, 46, 15, 47, 44, 33, 43, 22, 39, 23, 20, 9) (13, 5, 7, 12, 41, 37, 29, 31, 36, 17) (6, 32, 4, 45, 11, 26, 27, 18, 30, 8, 28, 21, 35, 2, 3, 42) (34, 16, 10, 40) "
"OP(6,12,10,6,16)",0,Solved,"0,1100"," (4t+2)","0,1134","(\infty, 19, 1, \infty, 25, 43) (2, 9, 7, 6, 17, 21, 26, 33, 31, 30, 41, 45) (5, 40, 46, 15, 3, 29, 16, 22, 39, 27) (42, 13, 4, 18, 37, 28) (23, 38, 10, 0, 8, 11, 36, 20, 47, 14, 34, 24, 32, 35, 12, 44) "
"OP(6,12,10,16,3,3)",0,Solved,"0,1780"," (4t+2)","0,1826","(\infty, 47, 19, \infty, 43, 23) (15, 36, 34, 42, 45, 32, 39, 12, 10, 18, 21, 8) (4, 16, 6, 7, 46, 28, 40, 30, 31, 22) (11, 0, 5, 27, 44, 2, 17, 1, 35, 24, 29, 3, 20, 26, 41, 25) (9, 13, 38) (33, 37, 14) "
"OP(4,12,10,4,4,16)",0,Solved,"0,0550"," (4t+2)","0,0592","(\infty, 4, \infty, 28) (5, 6, 2, 15, 13, 43, 29, 30, 26, 39, 37, 19) (8, 3, 10, 20, 17, 32, 27, 34, 44, 41) (11, 0, 12, 40) (35, 24, 36, 16) (22, 38, 7, 1, 9, 18, 45, 23, 46, 14, 31, 25, 33, 42, 21, 47) "
"OP(4,12,9,9,16)",0,Solved,"0,0410"," (4t+2)","0,0445","(\infty, 17, \infty, 41) (9, 42, 22, 35, 16, 6, 33, 18, 46, 11, 40, 30) (15, 8, 3, 1, 0, 4, 7, 13, 29) (39, 32, 27, 25, 24, 28, 31, 37, 5) (14, 44, 21, 47, 36, 19, 10, 2, 38, 20, 45, 23, 12, 43, 34, 26) "
"OP(10,12,16,8,4)",0,Solved,"0,0430"," (4t+2)","0,0475","(\infty, 2, 4, 5, 10, \infty, 34, 29, 28, 26) (6, 9, 22, 16, 27, 13, 30, 33, 46, 40, 3, 37) (14, 43, 17, 7, 23, 15, 45, 18, 38, 19, 41, 31, 47, 39, 21, 42) (0, 12, 8, 1, 24, 36, 32, 25) (20, 11, 44, 35) "
"OP(16,13,9,7,5)",,Infeasible,,Table config is not valid,,
"OP(10,12,16,6,6)",0,Solved,"0,0910"," (4t+2)","0,0949","(\infty, 3, 11, 1, 23, \infty, 47, 25, 35, 27) (29, 2, 19, 39, 46, 14, 5, 26, 43, 15, 22, 38) (8, 44, 10, 4, 41, 18, 0, 13, 32, 20, 34, 28, 17, 42, 24, 37) (7, 9, 12, 16, 21, 6) (31, 33, 36, 40, 45, 30) "
"OP(10,12,16,6,3,3)",0,Solved,"0,0880"," (4t+2)","0,0926","(\infty, 17, 2, 3, 1, \infty, 25, 27, 26, 41) (7, 19, 44, 10, 40, 14, 31, 43, 20, 34, 16, 38) (33, 13, 4, 45, 5, 8, 12, 22, 9, 37, 28, 21, 29, 32, 36, 46) (15, 42, 23, 39, 18, 47) (6, 11, 0) (30, 35, 24) "
"OP(16,13,9,5,4,3)",,Infeasible,,Table config is not valid,,
"OP(10,12,16,4,4,4)",0,Solved,"0,1790"," (4t+2)","0,1835","(\infty, 20, 34, 19, 8, \infty, 32, 43, 10, 44) (2, 0, 5, 6, 14, 36, 26, 24, 29, 30, 38, 12) (45, 15, 46, 11, 23, 42, 17, 37, 21, 39, 22, 35, 47, 18, 41, 13) (3, 9, 16, 7) (27, 33, 40, 31) (1, 4, 25, 28) "
"OP(10,12,16,3,3,3,3)",0,Solved,"0,1270"," (4t+2)","0,1315","(\infty, 45, 4, 2, 13, \infty, 37, 26, 28, 21) (6, 7, 43, 22, 44, 16, 30, 31, 19, 46, 20, 40) (23, 36, 18, 9, 41, 10, 39, 14, 47, 12, 42, 33, 17, 34, 15, 38) (1, 5, 11) (25, 29, 35) (3, 0, 8) (27, 24, 32) "
"OP(6,12,8,8,16)",0,Solved,"0,1220"," (4t+2)","0,1254","(\infty, 22, 12, \infty, 36, 46) (29, 15, 32, 9, 20, 7, 5, 39, 8, 33, 44, 31) (3, 18, 40, 19, 0, 6, 1, 4) (27, 42, 16, 43, 24, 30, 25, 28) (13, 41, 23, 11, 2, 10, 14, 21, 37, 17, 47, 35, 26, 34, 38, 45) "
"OP(8,12,8,16,6)",0,Solved,"0,0460"," (4t+2)","0,0507","(\infty, 1, 4, 11, \infty, 35, 28, 25) (3, 2, 0, 5, 9, 15, 27, 26, 24, 29, 33, 39) (6, 14, 23, 10, 30, 38, 47, 34) (18, 7, 17, 32, 46, 20, 43, 12, 42, 31, 41, 8, 22, 44, 19, 36) (21, 40, 13, 45, 16, 37) "
"OP(8,12,8,16,3,3)",0,Solved,"0,0550"," (4t+2)","0,0582","(\infty, 2, 36, 6, \infty, 30, 12, 26) (39, 32, 0, 1, 27, 44, 15, 8, 24, 25, 3, 20) (42, 40, 43, 38, 18, 16, 19, 14) (33, 45, 41, 35, 46, 7, 34, 47, 9, 21, 17, 11, 22, 31, 10, 23) (29, 37, 4) (5, 13, 28) "
"OP(4,12,8,6,4,16)",0,Solved,"0,0700"," (4t+2)","0,0740","(\infty, 21, \infty, 45) (23, 37, 17, 11, 2, 12, 47, 13, 41, 35, 26, 36) (44, 14, 3, 43, 20, 38, 27, 19) (1, 8, 9, 25, 32, 33) (0, 5, 24, 29) (42, 15, 46, 10, 6, 4, 7, 40, 18, 39, 22, 34, 30, 28, 31, 16) "
"OP(4,12,8,5,5,16)",0,Solved,"0,0510"," (4t+2)","0,0619","(\infty, 24, \infty, 0) (40, 33, 44, 34, 30, 29, 16, 9, 20, 10, 6, 5) (8, 26, 14, 35, 32, 2, 38, 11) (31, 36, 13, 39, 23) (7, 12, 37, 15, 47) (27, 41, 22, 28, 19, 21, 1, 18, 3, 17, 46, 4, 43, 45, 25, 42) "
"OP(6,12,8,16,4,4)",0,Solved,"0,1080"," (4t+2)","0,1132","(\infty, 39, 3, \infty, 27, 15) (4, 5, 7, 10, 17, 47, 28, 29, 31, 34, 41, 23) (18, 13, 38, 22, 42, 37, 14, 46) (9, 1, 16, 43, 21, 8, 12, 2, 33, 25, 40, 19, 45, 32, 36, 26) (0, 6, 20, 11) (24, 30, 44, 35) "
"OP(4,12,8,4,16,3,3)",0,Solved,"0,1860"," (4t+2)","0,1896","(\infty, 16, \infty, 40) (12, 30, 14, 3, 10, 19, 36, 6, 38, 27, 34, 43) (35, 9, 22, 47, 11, 33, 46, 23) (8, 18, 32, 42) (39, 20, 41, 21, 13, 7, 2, 0, 15, 44, 17, 45, 37, 31, 26, 24) (1, 4, 5) (25, 28, 29) "
"OP(8,12,16,7,7)",0,Solved,"0,0570"," (4t+2)","0,0611","(\infty, 38, 20, 42, \infty, 18, 44, 14) (17, 33, 8, 7, 1, 4, 41, 9, 32, 31, 25, 28) (12, 0, 15, 43, 22, 13, 6, 2, 36, 24, 39, 19, 46, 37, 30, 26) (21, 11, 3, 5, 10, 23, 40) (45, 35, 27, 29, 34, 47, 16) "
"OP(4,12,7,7,4,16)",0,Solved,"0,0440"," (4t+2)","0,0475","(\infty, 18, \infty, 42) (3, 17, 47, 20, 36, 8, 27, 41, 23, 44, 12, 32) (11, 16, 39, 22, 14, 10, 1) (35, 40, 15, 46, 38, 34, 25) (2, 13, 26, 37) (45, 19, 4, 5, 7, 0, 6, 9, 21, 43, 28, 29, 31, 24, 30, 33) "
"OP(16,13,7,6,5,3)",,Infeasible,,Table config is not valid,,
"OP(8,12,16,6,4,4)",0,Solved,"0,1550"," (4t+2)","0,1588","(\infty, 17, 44, 19, \infty, 43, 20, 41) (45, 16, 46, 10, 3, 5, 21, 40, 22, 34, 27, 29) (11, 42, 14, 0, 13, 23, 8, 9, 35, 18, 38, 24, 37, 47, 32, 33) (15, 6, 2, 39, 30, 26) (12, 4, 1, 7) (36, 28, 25, 31) "
"OP(8,12,16,5,5,4)",0,Solved,"0,0850"," (4t+2)","0,0899","(\infty, 41, 28, 9, \infty, 33, 4, 17) (6, 5, 7, 1, 13, 16, 30, 29, 31, 25, 37, 40) (22, 45, 12, 2, 20, 42, 14, 19, 46, 21, 36, 26, 44, 18, 38, 43) (23, 15, 11, 0, 32) (47, 39, 35, 24, 8) (10, 3, 34, 27) "
"OP(16,13,7,5,3,3,3)",,Infeasible,,Table config is not valid,,
"OP(8,12,16,4,4,3,3)",0,Solved,"0,1580"," (4t+2)","0,1618","(\infty, 20, 36, 22, \infty, 46, 12, 44) (42, 19, 7, 6, 1, 3, 18, 43, 31, 30, 25, 27) (14, 8, 0, 10, 45, 16, 47, 17, 38, 32, 24, 34, 21, 40, 23, 41) (15, 4, 13, 35) (39, 28, 37, 11) (2, 5, 9) (26, 29, 33) "
"OP(4,12,6,6,6,16)",0,Solved,"0,0550"," (4t+2)","0,0589","(\infty, 15, \infty, 39) (8, 22, 13, 19, 4, 9, 32, 46, 37, 43, 28, 33) (23, 1, 12, 0, 2, 20) (47, 25, 36, 24, 26, 44) (14, 41, 10, 38, 17, 34) (16, 6, 7, 3, 11, 18, 5, 21, 40, 30, 31, 27, 35, 42, 29, 45) "
"OP(6,12,6,6,16,4)",0,Solved,"0,1100"," (4t+2)","0,1141","(\infty, 44, 18, \infty, 42, 20) (12, 6, 1, 5, 2, 0, 36, 30, 25, 29, 26, 24) (11, 39, 23, 8, 19, 38) (35, 15, 47, 32, 43, 14) (10, 3, 4, 13, 21, 46, 33, 16, 34, 27, 28, 37, 45, 22, 9, 40) (17, 7, 41, 31) "
"OP(4,12,6,6,16,3,3)",0,Solved,"0,0530"," (4t+2)","0,0573","(\infty, 2, \infty, 26) (3, 4, 6, 9, 1, 7, 27, 28, 30, 33, 25, 31) (8, 12, 19, 34, 44, 17) (32, 36, 43, 10, 20, 41) (11, 22, 38, 21, 40, 15, 37, 23, 35, 46, 14, 45, 16, 39, 13, 47) (18, 0, 5) (42, 24, 29) "
"OP(6,12,6,16,5,5)",0,Solved,"0,0430"," (4t+2)","0,0470","(\infty, 21, 5, \infty, 29, 45) (43, 12, 3, 15, 23, 1, 19, 36, 27, 39, 47, 25) (4, 2, 9, 28, 26, 33) (6, 7, 44, 11, 16, 13, 0, 10, 30, 31, 20, 35, 40, 37, 24, 34) (22, 8, 14, 41, 18) (46, 32, 38, 17, 42) "
"OP(6,12,6,16,4,3,3)",0,Solved,"0,0770"," (4t+2)","0,0810","(\infty, 8, 4, \infty, 28, 32) (43, 16, 2, 22, 44, 1, 19, 40, 26, 46, 20, 25) (3, 5, 15, 27, 29, 39) (45, 6, 12, 9, 10, 41, 18, 37, 21, 30, 36, 33, 34, 17, 42, 13) (11, 0, 35, 24) (7, 47, 14) (31, 23, 38) "
"OP(4,12,6,4,4,4,16)",0,Solved,"0,1030"," (4t+2)","0,1072","(\infty, 0, \infty, 24) (1, 2, 4, 7, 3, 8, 25, 26, 28, 31, 27, 32) (5, 11, 18, 29, 35, 42) (6, 14, 23, 36) (30, 38, 47, 12) (10, 20, 34, 44) (16, 39, 19, 45, 33, 17, 46, 13, 40, 15, 43, 21, 9, 41, 22, 37) "
"OP(4,12,6,16,3,3,3,3)",0,Solved,"0,0970"," (4t+2)","0,1011","(\infty, 22, \infty, 46) (15, 1, 13, 36, 5, 23, 39, 25, 37, 12, 29, 47) (7, 3, 16, 31, 27, 40) (44, 6, 9, 4, 45, 19, 0, 11, 20, 30, 33, 28, 21, 43, 24, 35) (8, 10, 2) (32, 34, 26) (41, 14, 42) (17, 38, 18) "
"OP(6,12,16,5,5,3,3)",0,Solved,"0,0670"," (4t+2)","0,0716","(\infty, 14, 16, \infty, 40, 38) (13, 43, 18, 9, 29, 45, 37, 19, 42, 33, 5, 21) (0, 6, 2, 36, 15, 4, 17, 7, 24, 30, 26, 12, 39, 28, 41, 31) (3, 10, 11, 23, 8) (27, 34, 35, 47, 32) (44, 25, 22) (20, 1, 46) "
"OP(4,12,5,5,4,4,16)",0,Solved,"0,0270"," (4t+2)","0,0316","(\infty, 4, \infty, 28) (5, 12, 17, 8, 16, 42, 29, 36, 41, 32, 40, 18) (6, 10, 0, 2, 3) (30, 34, 24, 26, 27) (9, 43, 13, 45) (33, 19, 37, 21) (38, 15, 46, 35, 7, 1, 20, 47, 14, 39, 22, 11, 31, 25, 44, 23) "
"OP(6,12,16,4,4,4,4)",0,Solved,"0,1290"," (4t+2)","0,1343","(\infty, 40, 0, \infty, 24, 16) (31, 15, 6, 19, 34, 17, 7, 39, 30, 43, 10, 41) (35, 8, 37, 42, 38, 20, 45, 47, 11, 32, 13, 18, 14, 44, 21, 23) (2, 9, 29, 3) (26, 33, 5, 27) (4, 46, 12, 1) (28, 22, 36, 25) "
"OP(6,12,16,4,3,3,3,3)",0,Solved,"0,1320"," (4t+2)","0,1363","(\infty, 44, 22, \infty, 46, 20) (42, 6, 14, 39, 29, 34, 18, 30, 38, 15, 5, 10) (33, 2, 36, 45, 47, 19, 37, 8, 9, 26, 12, 21, 23, 43, 13, 32) (25, 28, 1, 4) (35, 0, 41) (11, 24, 17) (7, 3, 40) (31, 27, 16) "
"OP(4,12,4,4,4,16,3,3)",0,Solved,"0,0480"," (4t+2)","0,0526","(\infty, 22, \infty, 46) (47, 10, 37, 19, 12, 4, 23, 34, 13, 43, 36, 28) (2, 17, 11, 6) (26, 41, 35, 30) (5, 15, 29, 39) (16, 7, 20, 42, 14, 45, 33, 8, 40, 31, 44, 18, 38, 21, 9, 32) (1, 0, 3) (25, 24, 27) "
"OP(4,12,16,3,3,3,3,3,3)",0,Solved,"0,1850"," (4t+2)","0,1894","(\infty, 9, \infty, 33) (4, 3, 10, 46, 17, 8, 28, 27, 34, 22, 41, 32) (7, 18, 40, 19, 1, 15, 38, 35, 31, 42, 16, 43, 25, 39, 14, 11) (30, 47, 45) (6, 23, 21) (0, 13, 5) (24, 37, 29) (12, 44, 2) (36, 20, 26) "
"OP(16,12,12,10)",0,Solved,"0,0470"," (4t+2)","0,0505","(\infty, 41, 11, 37, 14, 6, 0, 15, \infty, 39, 24, 30, 38, 13, 35, 17) (5, 7, 3, 10, 1, 12, 44, 23, 42, 22, 21, 8) (29, 31, 27, 34, 25, 36, 20, 47, 18, 46, 45, 32) (16, 2, 19, 9, 4, 40, 26, 43, 33, 28) "
"OP(4,12,12,6,16)",0,Solved,"0,0490"," (4t+2)","0,0529","(\infty, 3, \infty, 27) (4, 13, 47, 5, 12, 8, 0, 15, 44, 19, 22, 17) (28, 37, 23, 29, 36, 32, 24, 39, 20, 43, 46, 41) (9, 7, 6, 33, 31, 30) (42, 11, 1, 21, 10, 40, 14, 2, 18, 35, 25, 45, 34, 16, 38, 26) "
"OP(16,12,12,6,4)",0,Solved,"0,0460"," (4t+2)","0,0502","(\infty, 6, 22, 45, 15, 34, 23, 40, \infty, 16, 47, 10, 39, 21, 46, 30) (7, 4, 0, 2, 3, 9, 17, 38, 18, 32, 19, 12) (31, 28, 24, 26, 27, 33, 41, 14, 42, 8, 43, 36) (35, 13, 1, 11, 37, 25) (20, 5, 44, 29) "
"OP(16,12,12,5,5)",0,Solved,"0,0640"," (4t+2)","0,0685","(\infty, 46, 19, 33, 18, 7, 4, 0, \infty, 24, 28, 31, 42, 9, 43, 22) (13, 21, 38, 12, 47, 15, 44, 16, 34, 11, 1, 6) (37, 45, 14, 36, 23, 39, 20, 40, 10, 35, 25, 30) (8, 17, 5, 3, 2) (32, 41, 29, 27, 26) "
"OP(16,12,12,4,3,3)",0,Solved,"0,2580"," (4t+2)","0,2634","(\infty, 10, 2, 9, 20, 17, 21, 8, \infty, 32, 45, 41, 44, 33, 26, 34) (1, 13, 40, 6, 15, 43, 11, 42, 4, 3, 22, 7) (25, 37, 16, 30, 39, 19, 35, 18, 28, 27, 46, 31) (12, 14, 36, 38) (23, 5, 0) (47, 29, 24) "
"OP(16,12,11,11)",0,Solved,"0,0410"," (4t+2)","0,0444","(\infty, 9, 20, 11, 45, 23, 36, 13, \infty, 37, 12, 47, 21, 35, 44, 33) (7, 0, 18, 2, 6, 16, 31, 24, 42, 26, 30, 40) (22, 14, 8, 3, 1, 4, 5, 17, 34, 15, 43) (46, 38, 32, 27, 25, 28, 29, 41, 10, 39, 19) "
"OP(4,11,11,8,16)",0,Solved,"0,0610"," (4t+2)","0,0650","(\infty, 4, \infty, 28) (5, 6, 2, 36, 17, 14, 8, 3, 10, 19, 7) (29, 30, 26, 12, 41, 38, 32, 27, 34, 43, 31) (11, 0, 18, 45, 35, 24, 42, 21) (13, 44, 16, 1, 9, 22, 47, 15, 37, 20, 40, 25, 33, 46, 23, 39) "
"OP(8,11,11,16,4)",0,Solved,"0,0590"," (4t+2)","0,0627","(\infty, 14, 42, 10, \infty, 34, 18, 38) (2, 47, 8, 41, 7, 9, 16, 43, 13, 3, 15) (26, 23, 32, 17, 31, 33, 40, 19, 37, 27, 39) (6, 11, 5, 22, 0, 4, 12, 1, 30, 35, 29, 46, 24, 28, 36, 25) (44, 21, 20, 45) "
"OP(6,11,11,6,16)",0,Solved,"0,0560"," (4t+2)","0,0593","(\infty, 45, 17, \infty, 41, 21) (15, 5, 3, 6, 11, 20, 4, 0, 13, 47, 36) (39, 29, 27, 30, 35, 44, 28, 24, 37, 23, 12) (1, 7, 8, 25, 31, 32) (42, 9, 2, 10, 22, 40, 14, 43, 18, 33, 26, 34, 46, 16, 38, 19) "
"OP(6,11,11,16,3,3)",0,Solved,"0,0520"," (4t+2)","0,0560","(\infty, 7, 17, \infty, 41, 31) (22, 11, 34, 20, 8, 21, 39, 18, 47, 16, 38) (46, 35, 10, 44, 32, 45, 15, 42, 23, 40, 14) (1, 2, 6, 12, 19, 4, 13, 33, 25, 26, 30, 36, 43, 28, 37, 9) (0, 5, 3) (24, 29, 27) "
"OP(4,11,11,4,4,16)",0,Solved,"0,0410"," (4t+2)","0,0457","(\infty, 1, \infty, 25) (4, 3, 6, 2, 0, 5, 13, 22, 32, 17, 10) (28, 27, 30, 26, 24, 29, 37, 46, 8, 41, 34) (35, 18, 7, 19) (11, 42, 31, 43) (40, 20, 45, 15, 36, 23, 9, 38, 16, 44, 21, 39, 12, 47, 33, 14) "
"OP(4,12,9,9,16)",0,Solved,"0,0430"," (4t+2)","0,0492","(\infty, 17, \infty, 41) (9, 42, 22, 35, 16, 6, 33, 18, 46, 11, 40, 30) (15, 8, 3, 1, 0, 4, 7, 13, 29) (39, 32, 27, 25, 24, 28, 31, 37, 5) (14, 44, 21, 47, 36, 19, 10, 2, 38, 20, 45, 23, 12, 43, 34, 26) "
"OP(16,12,10,8,4)",0,Solved,"0,1280"," (4t+2)","0,1324","(\infty, 22, 1, 4, 13, 3, 35, 16, \infty, 40, 11, 27, 37, 28, 25, 46) (29, 47, 19, 20, 33, 10, 5, 23, 43, 44, 9, 34) (7, 15, 41, 8, 42, 31, 39, 17, 32, 18) (0, 2, 6, 12, 24, 26, 30, 36) (14, 21, 38, 45) "
"OP(6,12,10,6,16)",0,Solved,"0,0990"," (4t+2)","0,1027","(\infty, 19, 1, \infty, 25, 43) (2, 9, 7, 6, 17, 21, 26, 33, 31, 30, 41, 45) (5, 40, 46, 15, 3, 29, 16, 22, 39, 27) (42, 13, 4, 18, 37, 28) (23, 38, 10, 0, 8, 11, 36, 20, 47, 14, 34, 24, 32, 35, 12, 44) "
"OP(16,12,10,6,6)",0,Solved,"0,0660"," (4t+2)","0,0702","(\infty, 46, 19, 8, 21, 39, 23, 42, \infty, 18, 47, 15, 45, 32, 43, 22) (17, 5, 0, 3, 1, 7, 41, 29, 24, 27, 25, 31) (20, 35, 12, 4, 13, 44, 11, 36, 28, 37) (10, 38, 16, 6, 2, 9) (34, 14, 40, 30, 26, 33) "
"OP(16,12,10,6,3,3)",0,Solved,"0,0700"," (4t+2)","0,0749","(\infty, 36, 27, 37, 31, 0, 47, 42, \infty, 18, 23, 24, 7, 13, 3, 12) (26, 34, 4, 38, 41, 25, 2, 10, 28, 14, 17, 1) (39, 46, 33, 45, 43, 15, 22, 9, 21, 19) (32, 6, 35, 8, 30, 11) (44, 29, 40) (20, 5, 16) "
"OP(4,12,10,4,4,16)",0,Solved,"0,0660"," (4t+2)","0,0713","(\infty, 4, \infty, 28) (5, 6, 2, 15, 13, 43, 29, 30, 26, 39, 37, 19) (8, 3, 10, 20, 17, 32, 27, 34, 44, 41) (11, 0, 12, 40) (35, 24, 36, 16) (22, 38, 7, 1, 9, 18, 45, 23, 46, 14, 31, 25, 33, 42, 21, 47) "
"OP(16,12,10,4,4,4)",0,Solved,"0,1370"," (4t+2)","0,1421","(\infty, 20, 3, 9, 19, 35, 1, 2, \infty, 26, 25, 11, 43, 33, 27, 44) (18, 31, 46, 41, 23, 15, 42, 7, 22, 17, 47, 39) (0, 36, 45, 8, 4, 24, 12, 21, 32, 28) (6, 13, 10, 29) (30, 37, 34, 5) (40, 38, 16, 14) "
"OP(16,12,10,3,3,3,3)",0,Solved,"0,0860"," (4t+2)","0,0890","(\infty, 38, 18, 41, 22, 6, 5, 0, \infty, 24, 29, 30, 46, 17, 42, 14) (44, 23, 8, 1, 45, 34, 20, 47, 32, 25, 21, 10) (36, 19, 37, 15, 2, 12, 43, 13, 39, 26) (4, 16, 7) (28, 40, 31) (3, 9, 11) (27, 33, 35) "
"OP(16,12,9,9,4)",0,Solved,"0,2090"," (4t+2)","0,2135","(\infty, 35, 2, 3, 7, 9, 14, 45, \infty, 21, 38, 33, 31, 27, 26, 11) (1, 17, 28, 40, 10, 0, 25, 41, 4, 16, 34, 24) (46, 5, 19, 32, 12, 18, 37, 15, 6) (22, 29, 43, 8, 36, 42, 13, 39, 30) (20, 23, 44, 47) "
"OP(6,12,8,8,16)",0,Solved,"0,1160"," (4t+2)","0,1207","(\infty, 22, 12, \infty, 36, 46) (29, 15, 32, 9, 20, 7, 5, 39, 8, 33, 44, 31) (3, 18, 40, 19, 0, 6, 1, 4) (27, 42, 16, 43, 24, 30, 25, 28) (13, 41, 23, 11, 2, 10, 14, 21, 37, 17, 47, 35, 26, 34, 38, 45) "
"OP(8,12,8,16,6)",0,Solved,"0,0470"," (4t+2)","0,0513","(\infty, 1, 4, 11, \infty, 35, 28, 25) (3, 2, 0, 5, 9, 15, 27, 26, 24, 29, 33, 39) (6, 14, 23, 10, 30, 38, 47, 34) (18, 7, 17, 32, 46, 20, 43, 12, 42, 31, 41, 8, 22, 44, 19, 36) (21, 40, 13, 45, 16, 37) "
"OP(8,12,8,16,3,3)",0,Solved,"0,0560"," (4t+2)","0,0600","(\infty, 2, 36, 6, \infty, 30, 12, 26) (39, 32, 0, 1, 27, 44, 15, 8, 24, 25, 3, 20) (42, 40, 43, 38, 18, 16, 19, 14) (33, 45, 41, 35, 46, 7, 34, 47, 9, 21, 17, 11, 22, 31, 10, 23) (29, 37, 4) (5, 13, 28) "
"OP(4,12,8,6,4,16)",0,Solved,"0,0660"," (4t+2)","0,0733","(\infty, 21, \infty, 45) (23, 37, 17, 11, 2, 12, 47, 13, 41, 35, 26, 36) (44, 14, 3, 43, 20, 38, 27, 19) (1, 8, 9, 25, 32, 33) (0, 5, 24, 29) (42, 15, 46, 10, 6, 4, 7, 40, 18, 39, 22, 34, 30, 28, 31, 16) "
"OP(4,12,8,5,5,16)",0,Solved,"0,0520"," (4t+2)","0,0578","(\infty, 24, \infty, 0) (40, 33, 44, 34, 30, 29, 16, 9, 20, 10, 6, 5) (8, 26, 14, 35, 32, 2, 38, 11) (31, 36, 13, 39, 23) (7, 12, 37, 15, 47) (27, 41, 22, 28, 19, 21, 1, 18, 3, 17, 46, 4, 43, 45, 25, 42) "
"OP(6,12,8,16,4,4)",0,Solved,"0,1100"," (4t+2)","0,1143","(\infty, 39, 3, \infty, 27, 15) (4, 5, 7, 10, 17, 47, 28, 29, 31, 34, 41, 23) (18, 13, 38, 22, 42, 37, 14, 46) (9, 1, 16, 43, 21, 8, 12, 2, 33, 25, 40, 19, 45, 32, 36, 26) (0, 6, 20, 11) (24, 30, 44, 35) "
"OP(4,12,8,4,16,3,3)",0,Solved,"0,1890"," (4t+2)","0,1930","(\infty, 16, \infty, 40) (12, 30, 14, 3, 10, 19, 36, 6, 38, 27, 34, 43) (35, 9, 22, 47, 11, 33, 46, 23) (8, 18, 32, 42) (39, 20, 41, 21, 13, 7, 2, 0, 15, 44, 17, 45, 37, 31, 26, 24) (1, 4, 5) (25, 28, 29) "
"OP(16,12,8,8,6)",0,Solved,"0,0400"," (4t+2)","0,0435","(\infty, 2, 4, 5, 10, 17, 37, 6, \infty, 30, 13, 41, 34, 29, 28, 26) (16, 27, 42, 19, 46, 14, 40, 3, 18, 43, 22, 38) (11, 21, 15, 23, 9, 0, 12, 8) (35, 45, 39, 47, 33, 24, 36, 32) (1, 20, 7, 25, 44, 31) "
"OP(16,12,8,8,3,3)",0,Solved,"0,0600"," (4t+2)","0,0640","(\infty, 3, 21, 13, 15, 4, 42, 17, \infty, 41, 18, 28, 39, 37, 45, 27) (11, 16, 1, 23, 10, 44, 35, 40, 25, 47, 34, 20) (12, 19, 46, 26, 7, 38, 6, 0) (36, 43, 22, 2, 31, 14, 30, 24) (5, 9, 8) (29, 33, 32) "
"OP(16,12,8,7,7)",0,Solved,"0,0460"," (4t+2)","0,0501","(\infty, 17, 47, 14, 5, 3, 6, 11, \infty, 35, 30, 27, 29, 38, 23, 41) (15, 4, 0, 16, 44, 18, 39, 28, 24, 40, 20, 42) (1, 7, 8, 37, 25, 31, 32, 13) (9, 2, 10, 45, 22, 36, 19) (33, 26, 34, 21, 46, 12, 43) "
"OP(4,12,7,7,4,16)",0,Solved,"0,0440"," (4t+2)","0,0477","(\infty, 18, \infty, 42) (3, 17, 47, 20, 36, 8, 27, 41, 23, 44, 12, 32) (11, 16, 39, 22, 14, 10, 1) (35, 40, 15, 46, 38, 34, 25) (2, 13, 26, 37) (45, 19, 4, 5, 7, 0, 6, 9, 21, 43, 28, 29, 31, 24, 30, 33) "
"OP(4,12,8,5,5,16)",0,Solved,"0,0500"," (4t+2)","0,0543","(\infty, 24, \infty, 0) (40, 33, 44, 34, 30, 29, 16, 9, 20, 10, 6, 5) (8, 26, 14, 35, 32, 2, 38, 11) (31, 36, 13, 39, 23) (7, 12, 37, 15, 47) (27, 41, 22, 28, 19, 21, 1, 18, 3, 17, 46, 4, 43, 45, 25, 42) "
"OP(16,12,8,6,4,4)",0,Solved,"0,0490"," (4t+2)","0,0523","(\infty, 21, 10, 23, 44, 14, 43, 17, \infty, 41, 19, 38, 20, 47, 34, 45) (6, 16, 32, 18, 46, 15, 30, 40, 8, 42, 22, 39) (1, 2, 7, 13, 25, 26, 31, 37) (4, 11, 36, 28, 35, 12) (9, 0, 3, 5) (33, 24, 27, 29) "
"OP(16,12,8,5,5,4)",0,Solved,"0,1870"," (4t+2)","0,1922","(\infty, 46, 23, 41, 15, 12, 0, 8, \infty, 32, 24, 36, 39, 17, 47, 22) (13, 42, 21, 6, 7, 9, 37, 18, 45, 30, 31, 33) (11, 5, 10, 1, 35, 29, 34, 25) (14, 4, 20, 16, 3) (38, 28, 44, 40, 27) (2, 19, 26, 43) "
"OP(4,12,8,4,16,3,3)",0,Solved,"0,1840"," (4t+2)","0,1873","(\infty, 16, \infty, 40) (12, 30, 14, 3, 10, 19, 36, 6, 38, 27, 34, 43) (35, 9, 22, 47, 11, 33, 46, 23) (8, 18, 32, 42) (39, 20, 41, 21, 13, 7, 2, 0, 15, 44, 17, 45, 37, 31, 26, 24) (1, 4, 5) (25, 28, 29) "
"OP(16,12,8,4,4,3,3)",0,Solved,"0,1010"," (4t+2)","0,1050","(\infty, 34, 3, 4, 6, 9, 13, 20, \infty, 44, 37, 33, 30, 28, 27, 10) (39, 18, 26, 16, 7, 1, 15, 42, 2, 40, 31, 25) (0, 5, 17, 35, 24, 29, 41, 11) (22, 38, 19, 45) (46, 14, 43, 21) (8, 23, 36) (32, 47, 12) "
"OP(4,12,7,7,4,16)",0,Solved,"0,0450"," (4t+2)","0,0497","(\infty, 18, \infty, 42) (3, 17, 47, 20, 36, 8, 27, 41, 23, 44, 12, 32) (11, 16, 39, 22, 14, 10, 1) (35, 40, 15, 46, 38, 34, 25) (2, 13, 26, 37) (45, 19, 4, 5, 7, 0, 6, 9, 21, 43, 28, 29, 31, 24, 30, 33) "
"OP(16,12,7,7,4,4)",0,Solved,"0,0580"," (4t+2)","0,0613","(\infty, 22, 14, 7, 2, 37, 23, 8, \infty, 32, 47, 13, 26, 31, 38, 46) (5, 3, 6, 16, 39, 11, 29, 27, 30, 40, 15, 35) (0, 4, 10, 19, 36, 17, 1) (24, 28, 34, 43, 12, 41, 25) (9, 20, 42, 21) (33, 44, 18, 45) "
"OP(4,12,6,6,6,16)",0,Solved,"0,0580"," (4t+2)","0,0630","(\infty, 15, \infty, 39) (8, 22, 13, 19, 4, 9, 32, 46, 37, 43, 28, 33) (23, 1, 12, 0, 2, 20) (47, 25, 36, 24, 26, 44) (14, 41, 10, 38, 17, 34) (16, 6, 7, 3, 11, 18, 5, 21, 40, 30, 31, 27, 35, 42, 29, 45) "
"OP(6,12,6,6,16,4)",0,Solved,"0,1140"," (4t+2)","0,1181","(\infty, 44, 18, \infty, 42, 20) (12, 6, 1, 5, 2, 0, 36, 30, 25, 29, 26, 24) (11, 39, 23, 8, 19, 38) (35, 15, 47, 32, 43, 14) (10, 3, 4, 13, 21, 46, 33, 16, 34, 27, 28, 37, 45, 22, 9, 40) (17, 7, 41, 31) "
"OP(4,12,6,6,16,3,3)",0,Solved,"0,0510"," (4t+2)","0,0568","(\infty, 2, \infty, 26) (3, 4, 6, 9, 1, 7, 27, 28, 30, 33, 25, 31) (8, 12, 19, 34, 44, 17) (32, 36, 43, 10, 20, 41) (11, 22, 38, 21, 40, 15, 37, 23, 35, 46, 14, 45, 16, 39, 13, 47) (18, 0, 5) (42, 24, 29) "
"OP(6,12,6,16,5,5)",0,Solved,"0,0430"," (4t+2)","0,0474","(\infty, 21, 5, \infty, 29, 45) (43, 12, 3, 15, 23, 1, 19, 36, 27, 39, 47, 25) (4, 2, 9, 28, 26, 33) (6, 7, 44, 11, 16, 13, 0, 10, 30, 31, 20, 35, 40, 37, 24, 34) (22, 8, 14, 41, 18) (46, 32, 38, 17, 42) "
"OP(6,12,6,16,4,3,3)",0,Solved,"0,0780"," (4t+2)","0,0818","(\infty, 8, 4, \infty, 28, 32) (43, 16, 2, 22, 44, 1, 19, 40, 26, 46, 20, 25) (3, 5, 15, 27, 29, 39) (45, 6, 12, 9, 10, 41, 18, 37, 21, 30, 36, 33, 34, 17, 42, 13) (11, 0, 35, 24) (7, 47, 14) (31, 23, 38) "
"OP(4,12,6,4,4,4,16)",0,Solved,"0,0970"," (4t+2)","0,1024","(\infty, 0, \infty, 24) (1, 2, 4, 7, 3, 8, 25, 26, 28, 31, 27, 32) (5, 11, 18, 29, 35, 42) (6, 14, 23, 36) (30, 38, 47, 12) (10, 20, 34, 44) (16, 39, 19, 45, 33, 17, 46, 13, 40, 15, 43, 21, 9, 41, 22, 37) "
"OP(4,12,6,16,3,3,3,3)",0,Solved,"0,0970"," (4t+2)","0,1015","(\infty, 22, \infty, 46) (15, 1, 13, 36, 5, 23, 39, 25, 37, 12, 29, 47) (7, 3, 16, 31, 27, 40) (44, 6, 9, 4, 45, 19, 0, 11, 20, 30, 33, 28, 21, 43, 24, 35) (8, 10, 2) (32, 34, 26) (41, 14, 42) (17, 38, 18) "
"OP(16,12,6,6,6,4)",0,Solved,"0,0690"," (4t+2)","0,0729","(\infty, 40, 6, 34, 4, 31, 33, 2, \infty, 26, 9, 7, 28, 10, 30, 16) (35, 3, 32, 42, 45, 44, 11, 27, 8, 18, 21, 20) (39, 47, 24, 46, 37, 43) (15, 23, 0, 22, 13, 19) (41, 36, 29, 17, 12, 5) (25, 38, 1, 14) "
"OP(16,12,6,6,5,5)",0,Solved,"0,0560"," (4t+2)","0,0610","(\infty, 43, 11, 34, 12, 42, 23, 9, \infty, 33, 47, 18, 36, 10, 35, 19) (15, 3, 0, 5, 13, 22, 39, 27, 24, 29, 37, 46) (1, 21, 14, 8, 4, 2) (25, 45, 38, 32, 28, 26) (6, 16, 31, 44, 17) (30, 40, 7, 20, 41) "
"OP(16,12,6,6,4,3,3)",0,Solved,"0,0980"," (4t+2)","0,1020","(\infty, 4, 11, 1, 22, 20, 3, 6, \infty, 30, 27, 44, 46, 25, 35, 28) (10, 18, 9, 13, 12, 0, 34, 42, 33, 37, 36, 24) (5, 40, 8, 45, 15, 38) (29, 16, 32, 21, 39, 14) (7, 2, 31, 26) (17, 23, 43) (41, 47, 19) "
"OP(16,12,6,5,5,3,3)",0,Solved,"0,0790"," (4t+2)","0,0830","(\infty, 40, 31, 34, 8, 43, 44, 46, \infty, 22, 20, 19, 32, 10, 7, 16) (33, 6, 36, 4, 35, 42, 9, 30, 12, 28, 11, 18) (47, 41, 3, 23, 17, 27) (38, 2, 45, 1, 15) (14, 26, 21, 25, 39) (37, 0, 29) (13, 24, 5) "
"OP(4,12,5,5,4,4,16)",0,Solved,"0,0280"," (4t+2)","0,0315","(\infty, 4, \infty, 28) (5, 12, 17, 8, 16, 42, 29, 36, 41, 32, 40, 18) (6, 10, 0, 2, 3) (30, 34, 24, 26, 27) (9, 43, 13, 45) (33, 19, 37, 21) (38, 15, 46, 35, 7, 1, 20, 47, 14, 39, 22, 11, 31, 25, 44, 23) "
"OP(16,12,6,4,4,4,4)",0,Solved,"0,1060"," (4t+2)","0,1101","(\infty, 21, 6, 32, 7, 9, 41, 37, \infty, 13, 17, 33, 31, 8, 30, 45) (12, 19, 40, 34, 3, 2, 36, 43, 16, 10, 27, 26) (0, 5, 15, 24, 29, 39) (1, 14, 44, 4) (25, 38, 20, 28) (42, 23, 11, 22) (18, 47, 35, 46) "
"OP(16,12,6,4,3,3,3,3)",0,Solved,"0,1970"," (4t+2)","0,2021","(\infty, 46, 16, 45, 17, 12, 2, 10, \infty, 34, 26, 36, 41, 21, 40, 22) (18, 39, 23, 9, 3, 20, 42, 15, 47, 33, 27, 44) (5, 8, 6, 29, 32, 30) (4, 19, 28, 43) (7, 11, 0) (31, 35, 24) (14, 13, 1) (38, 37, 25) "
"OP(4,12,4,4,5,5,16)",0,Solved,"0,0670"," (4t+2)","0,0716","(\infty, 40, \infty, 16) (44, 42, 28, 47, 31, 41, 20, 18, 4, 23, 7, 17) (32, 2, 37, 43) (8, 26, 13, 19) (38, 34, 29, 46, 45) (14, 10, 5, 22, 21) (33, 0, 36, 11, 39, 30, 27, 1, 9, 24, 12, 35, 15, 6, 3, 25) "
"OP(16,12,5,5,4,4,4)",0,Solved,"0,0550"," (4t+2)","0,0591","(\infty, 4, 7, 11, 6, 18, 36, 22, \infty, 46, 12, 42, 30, 35, 31, 28) (16, 27, 37, 14, 41, 9, 40, 3, 13, 38, 17, 33) (43, 23, 15, 34, 21) (19, 47, 39, 10, 45) (0, 2, 8, 1) (24, 26, 32, 25) (20, 5, 44, 29) "
"OP(16,12,5,5,3,3,3,3)",0,Solved,"0,1850"," (4t+2)","0,1905","(\infty, 38, 10, 36, 21, 0, 46, 16, \infty, 40, 22, 24, 45, 12, 34, 14) (7, 8, 11, 6, 2, 15, 31, 32, 35, 30, 26, 39) (1, 9, 23, 4, 43) (25, 33, 47, 28, 19) (41, 29, 18) (17, 5, 42) (20, 13, 3) (44, 37, 27) "
"OP(4,12,4,4,4,16,3,3)",0,Solved,"0,0480"," (4t+2)","0,0522","(\infty, 22, \infty, 46) (47, 10, 37, 19, 12, 4, 23, 34, 13, 43, 36, 28) (2, 17, 11, 6) (26, 41, 35, 30) (5, 15, 29, 39) (16, 7, 20, 42, 14, 45, 33, 8, 40, 31, 44, 18, 38, 21, 9, 32) (1, 0, 3) (25, 24, 27) "
"OP(16,12,4,4,4,4,3,3)",0,Solved,"0,0400"," (4t+2)","0,0442","(\infty, 38, 22, 10, 37, 20, 39, 16, \infty, 40, 15, 44, 13, 34, 46, 14) (8, 18, 33, 47, 17, 45, 32, 42, 9, 23, 41, 21) (1, 2, 11, 7) (25, 26, 35, 31) (19, 30, 4, 12) (43, 6, 28, 36) (0, 5, 3) (24, 29, 27) "
"OP(16,12,4,3,3,3,3,3,3)",0,Solved,"0,0840"," (4t+2)","0,0870","(\infty, 45, 12, 14, 2, 8, 15, 35, \infty, 11, 39, 32, 26, 38, 36, 21) (1, 5, 16, 0, 10, 7, 25, 29, 40, 24, 34, 31) (17, 42, 41, 18) (19, 6, 27) (43, 30, 3) (47, 4, 33) (23, 28, 9) (44, 22, 13) (20, 46, 37) "
"OP(4,11,11,8,16)",0,Solved,"0,0620"," (4t+2)","0,0665","(\infty, 4, \infty, 28) (5, 6, 2, 36, 17, 14, 8, 3, 10, 19, 7) (29, 30, 26, 12, 41, 38, 32, 27, 34, 43, 31) (11, 0, 18, 45, 35, 24, 42, 21) (13, 44, 16, 1, 9, 22, 47, 15, 37, 20, 40, 25, 33, 46, 23, 39) "
"OP(16,11,11,8,4)",0,Solved,"0,0530"," (4t+2)","0,0566","(\infty, 32, 4, 29, 43, 26, 37, 42, \infty, 18, 13, 2, 19, 5, 28, 8) (35, 6, 27, 14, 40, 44, 47, 41, 39, 21, 36) (11, 30, 3, 38, 16, 20, 23, 17, 15, 45, 12) (24, 31, 22, 10, 0, 7, 46, 34) (33, 25, 9, 1) "
"OP(6,11,11,6,16)",0,Solved,"0,0530"," (4t+2)","0,0584","(\infty, 45, 17, \infty, 41, 21) (15, 5, 3, 6, 11, 20, 4, 0, 13, 47, 36) (39, 29, 27, 30, 35, 44, 28, 24, 37, 23, 12) (1, 7, 8, 25, 31, 32) (42, 9, 2, 10, 22, 40, 14, 43, 18, 33, 26, 34, 46, 16, 38, 19) "
"OP(16,11,11,6,6)",0,Solved,"0,0570"," (4t+2)","0,0641","(\infty, 36, 16, 4, 17, 47, 13, 42, \infty, 18, 37, 23, 41, 28, 40, 12) (22, 39, 7, 34, 19, 8, 1, 2, 11, 21, 44) (46, 15, 31, 10, 43, 32, 25, 26, 35, 45, 20) (9, 14, 6, 0, 3, 5) (33, 38, 30, 24, 27, 29) "
"OP(16,11,11,6,3,3)",0,Solved,"0,1510"," (4t+2)","0,1552","(\infty, \infty, 23, 9, 22, 39, 16, 8, 19, 43, 32, 40, 15, 46, 33, 47) (3, 1, 0, 4, 31, 21, 37, 18, 38, 12, 6) (27, 25, 24, 28, 7, 45, 13, 42, 14, 36, 30) (11, 2, 20, 35, 26, 44) (5, 10, 17) (29, 34, 41) "
"OP(4,11,11,4,4,16)",0,Solved,"0,0400"," (4t+2)","0,0439","(\infty, 1, \infty, 25) (4, 3, 6, 2, 0, 5, 13, 22, 32, 17, 10) (28, 27, 30, 26, 24, 29, 37, 46, 8, 41, 34) (35, 18, 7, 19) (11, 42, 31, 43) (40, 20, 45, 15, 36, 23, 9, 38, 16, 44, 21, 39, 12, 47, 33, 14) "
"OP(16,11,11,4,4,4)",0,Solved,"0,1020"," (4t+2)","0,1053","(\infty, 38, 19, 40, 36, 18, 4, 46, \infty, 22, 28, 42, 12, 16, 43, 14) (2, 15, 31, 20, 13, 23, 11, 33, 8, 6, 3) (26, 39, 7, 44, 37, 47, 35, 9, 32, 30, 27) (17, 0, 5, 45) (41, 24, 29, 21) (34, 25, 10, 1) "
"OP(16,11,11,3,3,3,3)",0,Solved,"0,0860"," (4t+2)","0,0904","(\infty, 46, 21, 2, 10, 42, 20, 38, \infty, 14, 44, 18, 34, 26, 45, 22) (3, 6, 5, 19, 32, 15, 11, 1, 12, 17, 23) (27, 30, 29, 43, 8, 39, 35, 25, 36, 41, 47) (37, 4, 16) (13, 28, 40) (0, 7, 9) (24, 31, 33) "
"OP(4,10,10,10,16)",0,Solved,"0,0440"," (4t+2)","0,0471","(\infty, 20, \infty, 44) (5, 13, 0, 9, 21, 46, 15, 43, 10, 3) (29, 37, 24, 33, 45, 22, 39, 19, 34, 27) (4, 1, 11, 41, 14, 28, 25, 35, 17, 38) (40, 8, 7, 2, 6, 12, 23, 42, 16, 32, 31, 26, 30, 36, 47, 18) "
"OP(10,10,10,16,4)",0,Solved,"0,1440"," (4t+2)","0,1484","(\infty, 9, 6, 4, 3, \infty, 27, 28, 30, 33) (13, 45, 22, 43, 23, 14, 10, 2, 16, 31) (37, 21, 46, 19, 47, 38, 34, 26, 40, 7) (0, 5, 11, 18, 8, 44, 15, 41, 24, 29, 35, 42, 32, 20, 39, 17) (1, 12, 25, 36) "
"OP(6,10,10,8,16)",0,Solved,"0,0800"," (4t+2)","0,0838","(\infty, 3, 41, \infty, 17, 27) (0, 11, 10, 36, 18, 37, 23, 15, 8, 2) (24, 35, 34, 12, 42, 13, 47, 39, 32, 26) (5, 1, 6, 9, 29, 25, 30, 33) (7, 16, 28, 43, 22, 38, 21, 44, 31, 40, 4, 19, 46, 14, 45, 20) "
"OP(8,10,10,16,6)",0,Solved,"0,1070"," (4t+2)","0,1125","(\infty, 20, 45, 14, \infty, 38, 21, 44) (18, 8, 1, 4, 3, 9, 22, 43, 31, 16) (42, 32, 25, 28, 27, 33, 46, 19, 7, 40) (10, 2, 6, 15, 47, 13, 41, 12, 34, 26, 30, 39, 23, 37, 17, 36) (5, 0, 11, 29, 24, 35) "
"OP(8,10,10,16,3,3)",0,Solved,"0,0770"," (4t+2)","0,0813","(\infty, 19, 21, 47, \infty, 23, 45, 43) (41, 22, 8, 4, 7, 18, 35, 12, 2, 9) (17, 46, 32, 28, 31, 42, 11, 36, 26, 33) (20, 0, 6, 1, 34, 13, 5, 14, 44, 24, 30, 25, 10, 37, 29, 38) (15, 3, 16) (39, 27, 40) "
"OP(4,10,10,6,4,16)",0,Solved,"0,0430"," (4t+2)","0,0472","(\infty, 20, \infty, 44) (3, 8, 35, 22, 39, 19, 37, 21, 47, 18) (27, 32, 11, 46, 15, 43, 13, 45, 23, 42) (14, 10, 1, 38, 34, 25) (2, 12, 26, 36) (41, 16, 4, 5, 7, 0, 6, 9, 17, 40, 28, 29, 31, 24, 30, 33) "
"OP(4,10,10,5,5,16)",0,Solved,"0,0400"," (4t+2)","0,0436","(\infty, 16, \infty, 40) (34, 13, 5, 3, 9, 18, 7, 4, 0, 14) (10, 37, 29, 27, 33, 42, 31, 28, 24, 38) (19, 6, 1, 8, 20) (43, 30, 25, 32, 44) (35, 17, 2, 21, 47, 15, 46, 36, 11, 41, 26, 45, 23, 39, 22, 12) "
"OP(6,10,10,16,4,4)",0,Solved,"0,0450"," (4t+2)","0,0483","(\infty, 2, 4, \infty, 28, 26) (5, 6, 11, 17, 34, 16, 27, 7, 42, 21) (29, 30, 35, 41, 10, 40, 3, 31, 18, 45) (22, 14, 37, 15, 19, 9, 0, 12, 46, 38, 13, 39, 43, 33, 24, 36) (8, 1, 20, 23) (32, 25, 44, 47) "
"OP(4,10,10,4,16,3,3)",0,Solved,"0,0510"," (4t+2)","0,0556","(\infty, 4, \infty, 28) (5, 9, 15, 14, 23, 36, 18, 8, 0, 2) (29, 33, 39, 38, 47, 12, 42, 32, 24, 26) (3, 10, 27, 34) (7, 19, 40, 17, 45, 13, 35, 46, 31, 43, 16, 41, 21, 37, 11, 22) (1, 20, 6) (25, 44, 30) "
"OP(6,10,9,9,16)",0,Solved,"0,0490"," (4t+2)","0,0543","(\infty, 12, 46, \infty, 22, 36) (16, 45, 23, 7, 20, 40, 21, 47, 31, 44) (19, 37, 14, 35, 18, 8, 1, 2, 10) (43, 13, 38, 11, 42, 32, 25, 26, 34) (41, 30, 15, 9, 4, 0, 3, 5, 17, 6, 39, 33, 28, 24, 27, 29) "
"OP(10,10,16,8,6)",0,Solved,"0,1650"," (4t+2)","0,1683","(\infty, 13, 46, 20, 45, \infty, 21, 44, 22, 37) (19, 36, 0, 3, 11, 43, 12, 24, 27, 35) (38, 17, 7, 1, 8, 9, 23, 42, 14, 41, 31, 25, 32, 33, 47, 18) (15, 6, 2, 4, 39, 30, 26, 28) (5, 10, 40, 29, 34, 16) "
"OP(10,10,16,8,3,3)",0,Solved,"0,0650"," (4t+2)","0,0694","(\infty, 19, 35, 20, 45, \infty, 21, 44, 11, 43) (42, 15, 46, 10, 40, 18, 39, 22, 34, 16) (31, 17, 6, 0, 4, 14, 23, 36, 7, 41, 30, 24, 28, 38, 47, 12) (1, 8, 13, 33, 25, 32, 37, 9) (5, 2, 3) (29, 26, 27) "
"OP(10,10,16,7,7)",0,Solved,"0,0470"," (4t+2)","0,0530","(\infty, 2, 3, 5, 8, \infty, 32, 29, 27, 26) (7, 1, 9, 16, 41, 31, 25, 33, 40, 17) (10, 21, 35, 20, 39, 12, 38, 22, 34, 45, 11, 44, 15, 36, 14, 46) (13, 30, 43, 23, 18, 0, 4) (37, 6, 19, 47, 42, 24, 28) "
"OP(16,11,9,7,4,3)",,Infeasible,,Table config is not valid,,
"OP(16,11,9,6,5,3)",,Infeasible,,Table config is not valid,,
"OP(10,10,16,6,4,4)",0,Solved,"0,0620"," (4t+2)","0,0712","(\infty, 4, 5, 7, 2, \infty, 26, 31, 29, 28) (42, 11, 22, 13, 3, 18, 35, 46, 37, 27) (45, 15, 34, 6, 0, 8, 20, 43, 21, 39, 10, 30, 24, 32, 44, 19) (41, 14, 1, 17, 38, 25) (9, 12, 16, 23) (33, 36, 40, 47) "
"OP(10,10,16,5,5,4)",0,Solved,"0,2580"," (4t+2)","0,2617","(\infty, 7, 11, 4, 3, \infty, 27, 28, 35, 31) (5, 8, 19, 13, 34, 29, 32, 43, 37, 10) (44, 46, 12, 2, 17, 42, 14, 1, 20, 22, 36, 26, 41, 18, 38, 25) (6, 15, 33, 45, 23) (30, 39, 9, 21, 47) (16, 0, 40, 24) "
"OP(16,11,9,5,3,3,3)",,Infeasible,,Table config is not valid,,
"OP(10,10,16,4,4,3,3)",0,Solved,"0,0660"," (4t+2)","0,0696","(\infty, 19, 10, 7, 35, \infty, 11, 31, 34, 43) (46, 6, 37, 15, 3, 22, 30, 13, 39, 27) (45, 40, 5, 47, 0, 14, 32, 25, 21, 16, 29, 23, 24, 38, 8, 1) (2, 4, 42, 17) (26, 28, 18, 41) (36, 9, 20) (12, 33, 44) "
"OP(8,10,8,8,16)",0,Solved,"0,0470"," (4t+2)","0,0504","(\infty, 47, 36, 5, \infty, 29, 12, 23) (39, 0, 8, 1, 3, 15, 24, 32, 25, 27) (4, 42, 10, 45, 11, 16, 22, 19) (28, 18, 34, 21, 35, 40, 46, 43) (13, 41, 20, 2, 6, 31, 9, 38, 37, 17, 44, 26, 30, 7, 33, 14) "
"OP(4,10,8,8,4,16)",0,Solved,"0,0470"," (4t+2)","0,0510","(\infty, 1, \infty, 25) (2, 4, 0, 5, 23, 26, 28, 24, 29, 47) (3, 9, 30, 19, 7, 32, 17, 16) (27, 33, 6, 43, 31, 8, 41, 40) (11, 21, 35, 45) (10, 18, 38, 12, 44, 13, 22, 15, 34, 42, 14, 36, 20, 37, 46, 39) "
"OP(16,11,8,7,5,3)",,Infeasible,,Table config is not valid,,
"OP(8,10,8,16,4,4)",0,Solved,"0,0420"," (4t+2)","0,0462","(\infty, 7, 14, 1, \infty, 25, 38, 31) (43, 3, 46, 21, 41, 19, 27, 22, 45, 17) (20, 6, 0, 12, 44, 30, 24, 36) (10, 13, 15, 5, 42, 9, 8, 4, 34, 37, 39, 29, 18, 33, 32, 28) (23, 40, 11, 2) (47, 16, 35, 26) "
"OP(4,10,8,6,6,16)",0,Solved,"0,0400"," (4t+2)","0,0448","(\infty, 1, \infty, 25) (4, 3, 6, 2, 0, 28, 27, 30, 26, 24) (13, 5, 10, 16, 37, 29, 34, 40) (45, 20, 33, 18, 8, 19) (21, 44, 9, 42, 32, 43) (7, 14, 23, 11, 41, 12, 46, 15, 31, 38, 47, 35, 17, 36, 22, 39) "
"OP(6,10,8,6,16,4)",0,Solved,"0,0640"," (4t+2)","0,0684","(\infty, 15, 45, \infty, 21, 39) (41, 7, 38, 23, 43, 17, 31, 14, 47, 19) (18, 10, 0, 3, 42, 34, 24, 27) (6, 5, 1, 30, 29, 25) (13, 36, 20, 8, 2, 4, 9, 16, 37, 12, 44, 32, 26, 28, 33, 40) (11, 22, 35, 46) "
"OP(4,10,8,6,16,3,3)",0,Solved,"0,0540"," (4t+2)","0,0600","(\infty, 38, \infty, 14) (29, 39, 37, 6, 27, 5, 15, 13, 30, 3) (26, 8, 21, 10, 2, 32, 45, 34) (9, 41, 18, 33, 17, 42) (1, 44, 40, 47, 19, 0, 12, 11, 25, 20, 16, 23, 43, 24, 36, 35) (7, 46, 4) (31, 22, 28) "
"OP(6,10,8,16,5,5)",0,Solved,"0,1400"," (4t+2)","0,1443","(\infty, 34, 6, \infty, 30, 10) (8, 4, 11, 46, 23, 32, 28, 35, 22, 47) (2, 7, 13, 5, 26, 31, 37, 29) (15, 0, 14, 40, 9, 45, 44, 42, 39, 24, 38, 16, 33, 21, 20, 18) (41, 3, 19, 1, 12) (17, 27, 43, 25, 36) "
"OP(6,10,8,16,4,3,3)",0,Solved,"0,1390"," (4t+2)","0,1441","(\infty, 45, 27, \infty, 3, 21) (12, 44, 34, 5, 19, 36, 20, 10, 29, 43) (46, 37, 11, 47, 22, 13, 35, 23) (17, 38, 32, 4, 0, 7, 40, 42, 41, 14, 8, 28, 24, 31, 16, 18) (39, 2, 15, 26) (6, 9, 1) (30, 33, 25) "
"OP(4,10,8,4,4,4,16)",0,Solved,"0,0710"," (4t+2)","0,0749","(\infty, 35, \infty, 11) (23, 38, 2, 21, 25, 47, 14, 26, 45, 1) (28, 15, 18, 34, 4, 39, 42, 10) (30, 44, 5, 13) (6, 20, 29, 37) (32, 7, 8, 31) (40, 3, 9, 19, 46, 0, 41, 36, 16, 27, 33, 43, 22, 24, 17, 12) "
"OP(4,10,8,16,3,3,3,3)",0,Solved,"0,1700"," (4t+2)","0,1745","(\infty, 8, \infty, 32) (1, 2, 9, 6, 10, 25, 26, 33, 30, 34) (11, 3, 46, 0, 35, 27, 22, 24) (36, 19, 44, 17, 5, 16, 38, 18, 12, 43, 20, 41, 29, 40, 14, 42) (13, 4, 23) (37, 28, 47) (21, 7, 39) (45, 31, 15) "
"OP(4,10,7,7,6,16)",0,Solved,"0,0530"," (4t+2)","0,0576","(\infty, 5, \infty, 29) (6, 14, 23, 9, 19, 30, 38, 47, 33, 43) (12, 7, 4, 0, 2, 3, 18) (36, 31, 28, 24, 26, 27, 42) (13, 39, 21, 37, 15, 45) (41, 10, 22, 35, 8, 1, 20, 40, 17, 34, 46, 11, 32, 25, 44, 16) "
"OP(6,10,7,7,16,4)",0,Solved,"0,0510"," (4t+2)","0,0548","(\infty, 6, 16, \infty, 40, 30) (8, 14, 37, 17, 46, 32, 38, 13, 41, 22) (7, 4, 0, 2, 3, 19, 12) (31, 28, 24, 26, 27, 43, 36) (42, 15, 45, 10, 47, 35, 9, 1, 18, 39, 21, 34, 23, 11, 33, 25) (20, 5, 44, 29) "
"OP(4,10,7,7,16,3,3)",0,Solved,"0,0540"," (4t+2)","0,0581","(\infty, 36, \infty, 12) (6, 2, 0, 16, 25, 30, 26, 24, 40, 1) (17, 39, 33, 22, 7, 4, 3) (41, 15, 9, 46, 31, 28, 27) (43, 35, 23, 5, 32, 42, 13, 44, 19, 11, 47, 29, 8, 18, 37, 20) (14, 34, 21) (38, 10, 45) "
"OP(8,10,16,6,6,4)",0,Solved,"0,2490"," (4t+2)","0,2533","(\infty, 1, 6, 15, \infty, 39, 30, 25) (18, 11, 44, 14, 17, 42, 35, 20, 38, 41) (0, 8, 12, 2, 19, 47, 13, 40, 24, 32, 36, 26, 43, 23, 37, 16) (9, 22, 3, 4, 10, 21) (33, 46, 27, 28, 34, 45) (7, 5, 31, 29) "
"OP(8,10,16,6,5,5)",0,Solved,"0,0720"," (4t+2)","0,0758","(\infty, 35, 28, 47, \infty, 23, 4, 11) (5, 40, 0, 12, 38, 29, 16, 24, 36, 14) (37, 6, 22, 2, 1, 7, 9, 27, 13, 30, 46, 26, 25, 31, 33, 3) (41, 45, 20, 17, 21, 44) (18, 39, 34, 19, 8) (42, 15, 10, 43, 32) "
"OP(8,10,16,6,4,3,3)",0,Solved,"0,2090"," (4t+2)","0,2139","(\infty, 47, 36, 39, \infty, 15, 12, 23) (6, 38, 46, 34, 4, 30, 14, 22, 10, 28) (3, 41, 43, 42, 21, 8, 13, 7, 27, 17, 19, 18, 45, 32, 37, 31) (40, 9, 2, 16, 33, 26) (44, 11, 20, 35) (5, 1, 24) (29, 25, 0) "
"OP(8,10,16,5,5,3,3)",0,Solved,"0,0840"," (4t+2)","0,0881","(\infty, 4, 38, 46, \infty, 22, 14, 28) (19, 0, 39, 8, 21, 43, 24, 15, 32, 45) (44, 3, 23, 33, 37, 16, 5, 17, 20, 27, 47, 9, 13, 40, 29, 41) (35, 30, 7, 1, 2) (11, 6, 31, 25, 26) (10, 12, 42) (34, 36, 18) "
"OP(16,11,7,5,4,4,3)",,Infeasible,,Table config is not valid,,
"OP(8,10,16,4,4,4,4)",0,Solved,"0,1700"," (4t+2)","0,1739","(\infty, 14, 23, 8, \infty, 32, 47, 38) (17, 3, 19, 45, 16, 41, 27, 43, 21, 40) (31, 4, 0, 5, 6, 12, 2, 10, 7, 28, 24, 29, 30, 36, 26, 34) (13, 44, 42, 1) (37, 20, 18, 25) (9, 46, 11, 39) (33, 22, 35, 15) "
"OP(8,10,16,4,3,3,3,3)",0,Solved,"0,2970"," (4t+2)","0,3008","(\infty, 1, 41, 43, \infty, 19, 17, 25) (46, 39, 7, 40, 44, 22, 15, 31, 16, 20) (42, 28, 9, 29, 34, 47, 30, 27, 18, 4, 33, 5, 10, 23, 6, 3) (36, 37, 12, 13) (38, 32, 2) (14, 8, 26) (35, 24, 45) (11, 0, 21) "
"OP(6,10,6,6,6,16)",0,Solved,"0,1230"," (4t+2)","0,1289","(\infty, 32, 22, \infty, 46, 8) (40, 35, 13, 33, 30, 16, 11, 37, 9, 6) (41, 18, 47, 1, 43, 34) (17, 42, 23, 25, 19, 10) (28, 24, 12, 4, 0, 36) (7, 39, 2, 29, 44, 45, 27, 14, 31, 15, 26, 5, 20, 21, 3, 38) "
"OP(6,10,6,6,16,3,3)",0,Solved,"0,0390"," (4t+2)","0,0435","(\infty, 7, 17, \infty, 41, 31) (14, 45, 34, 20, 8, 38, 21, 10, 44, 32) (23, 39, 18, 40, 11, 46) (47, 15, 42, 16, 35, 22) (1, 2, 6, 12, 19, 4, 13, 33, 25, 26, 30, 36, 43, 28, 37, 9) (0, 5, 3) (24, 29, 27) "
"OP(4,10,6,6,4,4,16)",0,Solved,"0,0490"," (4t+2)","0,0537","(\infty, 1, \infty, 25) (3, 14, 9, 15, 5, 27, 38, 33, 39, 29) (6, 13, 21, 7, 34, 18) (30, 37, 45, 31, 10, 42) (0, 4, 2, 47) (24, 28, 26, 23) (8, 17, 46, 16, 44, 11, 36, 19, 32, 41, 22, 40, 20, 35, 12, 43) "
"OP(4,10,6,5,5,4,16)",0,Solved,"0,0470"," (4t+2)","0,0513","(\infty, 1, \infty, 25) (2, 3, 9, 5, 14, 26, 27, 33, 29, 38) (6, 16, 44, 30, 40, 20) (21, 10, 7, 0, 8) (45, 34, 31, 24, 32) (4, 47, 28, 23) (11, 13, 46, 15, 36, 18, 41, 19, 35, 37, 22, 39, 12, 42, 17, 43) "
"OP(6,10,6,16,4,4,4)",0,Solved,"0,0590"," (4t+2)","0,0632","(\infty, 0, 8, \infty, 32, 24) (42, 17, 11, 6, 7, 18, 41, 35, 30, 31) (13, 43, 22, 37, 19, 46) (20, 4, 14, 2, 21, 47, 16, 3, 44, 28, 38, 26, 45, 23, 40, 27) (1, 10, 12, 15) (25, 34, 36, 39) (5, 9, 29, 33) "
"OP(6,10,6,16,3,3,3,3)",0,Solved,"0,0510"," (4t+2)","0,0552","(\infty, 4, 6, \infty, 30, 28) (12, 44, 18, 10, 3, 36, 20, 42, 34, 27) (22, 43, 15, 46, 19, 39) (45, 16, 41, 23, 9, 0, 5, 8, 21, 40, 17, 47, 33, 24, 29, 32) (14, 13, 2) (38, 37, 26) (1, 7, 11) (25, 31, 35) "
"OP(4,10,6,4,4,16,3,3)",0,Solved,"0,0860"," (4t+2)","0,0897","(\infty, 6, \infty, 30) (47, 44, 21, 11, 19, 23, 20, 45, 35, 43) (46, 12, 34, 22, 36, 10) (39, 9, 25, 4) (15, 33, 1, 28) (41, 13, 8, 2, 3, 42, 5, 24, 17, 37, 32, 26, 27, 18, 29, 0) (31, 16, 14) (7, 40, 38) "
"OP(4,10,5,5,5,5,16)",0,Solved,"0,0770"," (4t+2)","0,0814","(\infty, 19, \infty, 43) (9, 5, 2, 0, 1, 33, 29, 26, 24, 25) (20, 7, 35, 21, 42) (44, 31, 11, 45, 18) (22, 14, 8, 3, 10) (46, 38, 32, 27, 34) (12, 30, 15, 4, 13, 23, 40, 17, 36, 6, 39, 28, 37, 47, 16, 41) "
"OP(6,10,16,5,5,4,4)",0,Solved,"0,0860"," (4t+2)","0,0902","(\infty, 42, 22, \infty, 46, 18) (4, 16, 1, 15, 5, 28, 40, 25, 39, 29) (21, 32, 6, 19, 11, 17, 44, 13, 45, 8, 30, 43, 35, 41, 20, 37) (14, 33, 3, 12, 10) (38, 9, 27, 36, 34) (0, 47, 2, 7) (24, 23, 26, 31) "
"OP(4,10,5,5,4,16,3,3)",0,Solved,"0,0720"," (4t+2)","0,0759","(\infty, 30, \infty, 6) (3, 0, 10, 45, 15, 27, 24, 34, 21, 39) (18, 35, 16, 12, 46) (42, 11, 40, 36, 22) (13, 5, 37, 29) (1, 7, 8, 17, 43, 20, 47, 14, 25, 31, 32, 41, 19, 44, 23, 38) (4, 2, 9) (28, 26, 33) "
"OP(6,10,16,4,4,4,3,3)",0,Solved,"0,1240"," (4t+2)","0,1285","(\infty, 14, 6, \infty, 30, 38) (5, 2, 21, 0, 1, 29, 26, 45, 24, 25) (33, 22, 7, 42, 8, 15, 3, 47, 9, 46, 31, 18, 32, 39, 27, 23) (17, 19, 44, 12) (41, 43, 20, 36) (10, 16, 34, 40) (4, 35, 13) (28, 11, 37) "
"OP(6,10,16,3,3,3,3,3,3)",0,Solved,"0,0940"," (4t+2)","0,0984","(\infty, 47, 21, \infty, 45, 23) (22, 42, 19, 8, 7, 46, 18, 43, 32, 31) (9, 12, 44, 17, 2, 15, 34, 16, 33, 36, 20, 41, 26, 39, 10, 40) (5, 3, 11) (29, 27, 35) (13, 6, 1) (37, 30, 25) (4, 0, 14) (28, 24, 38) "
"OP(4,10,4,4,4,4,4,16)",0,Solved,"0,0780"," (4t+2)","0,0827","(\infty, 1, \infty, 25) (2, 3, 5, 8, 13, 26, 27, 29, 32, 37) (7, 16, 41, 14) (31, 40, 17, 38) (4, 0, 6, 35) (28, 24, 30, 11) (9, 19, 33, 43) (36, 21, 39, 23, 34, 22, 42, 20, 12, 45, 15, 47, 10, 46, 18, 44) "
"OP(4,10,4,4,16,3,3,3,3)",0,Solved,"0,1100"," (4t+2)","0,1143","(\infty, 11, \infty, 35) (0, 47, 17, 20, 4, 24, 23, 41, 44, 28) (6, 31, 9, 40) (30, 7, 33, 16) (22, 14, 5, 3, 13, 42, 15, 10, 46, 38, 29, 27, 37, 18, 39, 34) (12, 1, 45) (36, 25, 21) (8, 2, 43) (32, 26, 19) "
"OP(16,10,10,10,4)",0,Solved,"0,0480"," (4t+2)","0,0521","(\infty, 6, 16, 34, 23, 39, 8, 42, \infty, 18, 32, 15, 47, 10, 40, 30) (7, 4, 0, 2, 3, 9, 17, 38, 19, 12) (31, 28, 24, 26, 27, 33, 41, 14, 43, 36) (45, 22, 35, 13, 1, 21, 46, 11, 37, 25) (20, 5, 44, 29) "
"OP(6,9,9,10,16)",0,Solved,"0,0470"," (4t+2)","0,0506","(\infty, 42, 14, \infty, 38, 18) (4, 0, 8, 19, 34, 16, 9, 3, 1) (28, 24, 32, 43, 10, 40, 33, 27, 25) (13, 36, 17, 7, 2, 37, 12, 41, 31, 26) (46, 15, 6, 5, 21, 35, 23, 44, 22, 39, 30, 29, 45, 11, 47, 20) "
"OP(16,10,10,8,6)",0,Solved,"0,1170"," (4t+2)","0,1206","(\infty, \infty, 23, 41, 19, 10, 3, 7, 5, 29, 31, 27, 34, 43, 17, 47) (42, 8, 2, 13, 38, 22, 9, 6, 1, 11) (18, 32, 26, 37, 14, 46, 33, 30, 25, 35) (44, 15, 0, 21, 20, 39, 24, 45) (40, 12, 4, 16, 36, 28) "
"OP(16,10,10,8,3,3)",0,Solved,"0,0780"," (4t+2)","0,0826","(\infty, 19, 17, 40, 23, 12, 39, 11, \infty, 35, 15, 36, 47, 16, 41, 43) (8, 22, 44, 14, 26, 10, 1, 0, 5, 18) (32, 46, 20, 38, 2, 34, 25, 24, 29, 42) (9, 3, 7, 4, 33, 27, 31, 28) (6, 21, 13) (30, 45, 37) "
"OP(16,10,10,7,7)",0,Solved,"0,0550"," (4t+2)","0,0587","(\infty, 42, 11, 23, 10, 43, 16, 44, \infty, 20, 40, 19, 34, 47, 35, 18) (45, 15, 38, 22, 13, 8, 1, 2, 12, 31) (21, 39, 14, 46, 37, 32, 25, 26, 36, 7) (9, 17, 28, 6, 0, 3, 5) (33, 41, 4, 30, 24, 27, 29) "
"OP(4,10,10,6,4,16)",0,Solved,"0,0420"," (4t+2)","0,0458","(\infty, 20, \infty, 44) (3, 8, 35, 22, 39, 19, 37, 21, 47, 18) (27, 32, 11, 46, 15, 43, 13, 45, 23, 42) (14, 10, 1, 38, 34, 25) (2, 12, 26, 36) (41, 16, 4, 5, 7, 0, 6, 9, 17, 40, 28, 29, 31, 24, 30, 33) "
"OP(4,10,10,5,5,16)",0,Solved,"0,0410"," (4t+2)","0,0446","(\infty, 16, \infty, 40) (34, 13, 5, 3, 9, 18, 7, 4, 0, 14) (10, 37, 29, 27, 33, 42, 31, 28, 24, 38) (19, 6, 1, 8, 20) (43, 30, 25, 32, 44) (35, 17, 2, 21, 47, 15, 46, 36, 11, 41, 26, 45, 23, 39, 22, 12) "
"OP(16,10,10,6,4,4)",0,Solved,"0,0490"," (4t+2)","0,0535","(\infty, 21, 8, 23, 42, 20, 37, 19, \infty, 43, 13, 44, 18, 47, 32, 45) (31, 11, 38, 22, 12, 6, 1, 2, 10, 17) (7, 35, 14, 46, 36, 30, 25, 26, 34, 41) (40, 15, 4, 16, 39, 28) (9, 0, 3, 5) (33, 24, 27, 29) "
"OP(16,10,10,5,5,4)",0,Solved,"0,1450"," (4t+2)","0,1502","(\infty, 11, 42, 15, 3, 40, 5, 13, \infty, 37, 29, 16, 27, 39, 18, 35) (7, 12, 21, 43, 23, 38, 20, 10, 6, 4) (31, 36, 45, 19, 47, 14, 44, 34, 30, 28) (8, 2, 9, 41, 22) (32, 26, 33, 17, 46) (0, 1, 24, 25) "
"OP(4,10,10,4,16,3,3)",0,Solved,"0,0510"," (4t+2)","0,0553","(\infty, 4, \infty, 28) (5, 9, 15, 14, 23, 36, 18, 8, 0, 2) (29, 33, 39, 38, 47, 12, 42, 32, 24, 26) (3, 10, 27, 34) (7, 19, 40, 17, 45, 13, 35, 46, 31, 43, 16, 41, 21, 37, 11, 22) (1, 20, 6) (25, 44, 30) "
"OP(16,10,10,4,4,3,3)",0,Solved,"0,0510"," (4t+2)","0,0551","(\infty, 2, 4, 7, 6, 18, 35, 10, \infty, 34, 11, 42, 30, 31, 28, 26) (16, 27, 36, 46, 19, 45, 17, 33, 15, 23) (40, 3, 12, 22, 43, 21, 41, 9, 39, 47) (13, 0, 14, 8) (37, 24, 38, 32) (1, 20, 5) (25, 44, 29) "
"OP(16,10,9,9,6)",0,Solved,"0,0630"," (4t+2)","0,0670","(\infty, 4, 3, 21, 18, 43, 15, 2, \infty, 26, 39, 19, 42, 45, 27, 28) (17, 46, 9, 13, 7, 41, 22, 33, 37, 31) (23, 6, 14, 40, 8, 10, 1, 11, 44) (47, 30, 38, 16, 32, 34, 25, 35, 20) (12, 5, 0, 36, 29, 24) "
"OP(16,10,9,9,3,3)",0,Solved,"0,0630"," (4t+2)","0,0662","(\infty, 3, 4, 6, 9, 43, 16, 29, \infty, 5, 40, 19, 33, 30, 28, 27) (10, 1, 18, 26, 46, 34, 25, 42, 2, 22) (8, 13, 23, 39, 17, 36, 21, 44, 14) (32, 37, 47, 15, 41, 12, 45, 20, 38) (0, 7, 11) (24, 31, 35) "
"OP(8,9,9,8,16)",0,Solved,"0,0480"," (4t+2)","0,0518","(\infty, 1, 4, 13, \infty, 37, 28, 25) (3, 2, 0, 5, 9, 15, 30, 18, 10) (27, 26, 24, 29, 33, 39, 6, 42, 34) (14, 35, 17, 7, 38, 11, 41, 31) (16, 45, 20, 46, 12, 47, 19, 8, 40, 21, 44, 22, 36, 23, 43, 32) "
"OP(4,9,9,8,4,16)",0,Solved,"0,1500"," (4t+2)","0,1540","(\infty, 2, \infty, 26) (37, 3, 4, 6, 9, 14, 41, 18, 7) (13, 27, 28, 30, 33, 38, 17, 42, 31) (10, 1, 11, 46, 34, 25, 35, 22) (16, 20, 40, 44) (8, 0, 19, 45, 12, 5, 47, 15, 32, 24, 43, 21, 36, 29, 23, 39) "
"OP(16,10,9,7,5,3)",,Infeasible,,Table config is not valid,,
"OP(8,9,9,16,4,4)",0,Solved,"0,0500"," (4t+2)","0,0571","(\infty, 9, 31, 3, \infty, 27, 7, 33) (8, 19, 5, 4, 39, 14, 12, 45, 24) (32, 43, 29, 28, 15, 38, 36, 21, 0) (6, 42, 11, 16, 46, 2, 10, 1, 30, 18, 35, 40, 22, 26, 34, 25) (44, 41, 47, 37) (20, 17, 23, 13) "
"OP(4,9,9,6,6,16)",0,Solved,"0,0430"," (4t+2)","0,0461","(\infty, 20, \infty, 44) (40, 23, 36, 21, 11, 38, 13, 42, 22) (16, 47, 12, 45, 35, 14, 37, 18, 46) (19, 30, 8, 1, 2, 10) (43, 6, 32, 25, 26, 34) (17, 31, 15, 9, 4, 0, 3, 5, 41, 7, 39, 33, 28, 24, 27, 29) "
"OP(6,9,9,6,16,4)",0,Solved,"0,0570"," (4t+2)","0,0612","(\infty, 4, 8, \infty, 32, 28) (5, 12, 13, 21, 39, 22, 10, 0, 2) (29, 36, 37, 45, 15, 46, 34, 24, 26) (3, 9, 41, 27, 33, 17) (16, 42, 19, 47, 14, 35, 6, 1, 40, 18, 43, 23, 38, 11, 30, 25) (20, 7, 44, 31) "
"OP(4,9,9,6,16,3,3)",0,Solved,"0,0660"," (4t+2)","0,0706","(\infty, 30, \infty, 6) (3, 0, 11, 38, 20, 43, 15, 46, 12) (27, 24, 35, 14, 44, 19, 39, 22, 36) (17, 13, 5, 41, 37, 29) (1, 7, 8, 18, 34, 47, 21, 40, 25, 31, 32, 42, 10, 23, 45, 16) (4, 2, 9) (28, 26, 33) "
"OP(6,9,9,16,5,5)",0,Solved,"0,0990"," (4t+2)","0,1041","(\infty, 47, 17, \infty, 41, 23) (12, 4, 6, 10, 1, 7, 14, 33, 0) (36, 28, 30, 34, 25, 31, 38, 9, 24) (45, 11, 39, 18, 2, 19, 20, 46, 21, 35, 15, 42, 26, 43, 44, 22) (8, 13, 3, 16, 5) (32, 37, 27, 40, 29) "
"OP(6,9,9,16,4,3,3)",0,Solved,"0,1090"," (4t+2)","0,1132","(\infty, 41, 25, \infty, 1, 17) (15, 27, 7, 34, 43, 38, 35, 46, 32) (39, 3, 31, 10, 19, 14, 11, 22, 8) (26, 13, 9, 47, 40, 21, 6, 0, 2, 37, 33, 23, 16, 45, 30, 24) (29, 4, 5, 28) (18, 36, 44) (42, 12, 20) "
"OP(4,9,9,4,4,4,16)",0,Solved,"0,0410"," (4t+2)","0,0449","(\infty, 16, \infty, 40) (17, 35, 13, 30, 14, 5, 1, 4, 10) (41, 11, 37, 6, 38, 29, 25, 28, 34) (2, 0, 8, 3) (26, 24, 32, 27) (18, 7, 42, 31) (36, 22, 47, 20, 39, 19, 9, 45, 12, 46, 23, 44, 15, 43, 33, 21) "
"OP(4,9,9,16,3,3,3,3)",0,Solved,"0,1360"," (4t+2)","0,1400","(\infty, 17, \infty, 41) (39, 10, 36, 9, 19, 13, 45, 20, 11) (15, 34, 12, 33, 43, 37, 21, 44, 35) (6, 18, 0, 5, 40, 23, 8, 22, 30, 42, 24, 29, 16, 47, 32, 46) (7, 3, 14) (31, 27, 38) (4, 2, 1) (28, 26, 25) "
"OP(16,10,8,8,8)",0,Solved,"0,0650"," (4t+2)","0,0691","(\infty, 28, 1, 46, 26, 12, 5, 34, \infty, 10, 29, 36, 2, 22, 25, 4) (35, 9, 0, 31, 23, 11, 33, 24, 7, 47) (14, 18, 41, 43, 6, 39, 21, 20) (38, 42, 17, 19, 30, 15, 45, 44) (40, 27, 37, 32, 16, 3, 13, 8) "
"OP(4,10,8,8,4,16)",0,Solved,"0,0500"," (4t+2)","0,0536","(\infty, 1, \infty, 25) (2, 4, 0, 5, 23, 26, 28, 24, 29, 47) (3, 9, 30, 19, 7, 32, 17, 16) (27, 33, 6, 43, 31, 8, 41, 40) (11, 21, 35, 45) (10, 18, 38, 12, 44, 13, 22, 15, 34, 42, 14, 36, 20, 37, 46, 39) "
"OP(16,10,8,8,4,4)",0,Solved,"0,0400"," (4t+2)","0,0440","(\infty, 19, 7, 18, 32, 47, 15, 37, \infty, 13, 39, 23, 8, 42, 31, 43) (20, 40, 11, 38, 21, 44, 16, 35, 14, 45) (6, 1, 2, 10, 17, 4, 22, 12) (30, 25, 26, 34, 41, 28, 46, 36) (9, 0, 3, 5) (33, 24, 27, 29) "
"OP(4,10,7,7,6,16)",0,Solved,"0,0560"," (4t+2)","0,0598","(\infty, 5, \infty, 29) (6, 14, 23, 9, 19, 30, 38, 47, 33, 43) (12, 7, 4, 0, 2, 3, 18) (36, 31, 28, 24, 26, 27, 42) (13, 39, 21, 37, 15, 45) (41, 10, 22, 35, 8, 1, 20, 40, 17, 34, 46, 11, 32, 25, 44, 16) "
"OP(6,10,7,7,16,4)",0,Solved,"0,0510"," (4t+2)","0,0546","(\infty, 6, 16, \infty, 40, 30) (8, 14, 37, 17, 46, 32, 38, 13, 41, 22) (7, 4, 0, 2, 3, 19, 12) (31, 28, 24, 26, 27, 43, 36) (42, 15, 45, 10, 47, 35, 9, 1, 18, 39, 21, 34, 23, 11, 33, 25) (20, 5, 44, 29) "
"OP(4,10,7,7,16,3,3)",0,Solved,"0,0520"," (4t+2)","0,0564","(\infty, 36, \infty, 12) (6, 2, 0, 16, 25, 30, 26, 24, 40, 1) (17, 39, 33, 22, 7, 4, 3) (41, 15, 9, 46, 31, 28, 27) (43, 35, 23, 5, 32, 42, 13, 44, 19, 11, 47, 29, 8, 18, 37, 20) (14, 34, 21) (38, 10, 45) "
"OP(16,10,8,6,6,4)",0,Solved,"0,1950"," (4t+2)","0,2007","(\infty, 7, 0, 11, 15, 44, 16, 41, \infty, 17, 40, 20, 39, 35, 24, 31) (21, 42, 47, 38, 5, 45, 18, 23, 14, 29) (34, 8, 6, 9, 10, 32, 30, 33) (13, 3, 19, 2, 36, 1) (37, 27, 43, 26, 12, 25) (22, 4, 46, 28) "
"OP(16,10,8,6,5,5)",0,Solved,"0,0440"," (4t+2)","0,0481","(\infty, 0, 12, 18, 2, 19, 10, 8, \infty, 32, 34, 43, 26, 42, 36, 24) (13, 5, 4, 14, 17, 37, 29, 28, 38, 41) (1, 15, 11, 6, 25, 39, 35, 30) (9, 16, 3, 33, 40, 27) (23, 45, 22, 7, 44) (47, 21, 46, 31, 20) "
"OP(16,10,8,6,4,3,3)",0,Solved,"0,0390"," (4t+2)","0,0428","(\infty, 20, 8, 18, 33, 13, 40, 14, \infty, 38, 16, 37, 9, 42, 32, 44) (17, 47, 15, 46, 12, 41, 23, 39, 22, 36) (7, 1, 2, 6, 31, 25, 26, 30) (4, 11, 19, 28, 35, 43) (21, 10, 45, 34) (0, 5, 3) (24, 29, 27) "
"OP(16,10,8,5,5,3,3)",0,Solved,"0,0790"," (4t+2)","0,0833","(\infty, 43, 18, 40, 12, 3, 10, 11, \infty, 35, 34, 27, 36, 16, 42, 19) (14, 46, 17, 0, 5, 38, 22, 41, 24, 29) (2, 13, 23, 44, 26, 37, 47, 20) (4, 6, 9, 21, 8) (28, 30, 33, 45, 32) (1, 7, 15) (25, 31, 39) "
"OP(4,10,8,4,4,4,16)",0,Solved,"0,0780"," (4t+2)","0,0816","(\infty, 35, \infty, 11) (23, 38, 2, 21, 25, 47, 14, 26, 45, 1) (28, 15, 18, 34, 4, 39, 42, 10) (30, 44, 5, 13) (6, 20, 29, 37) (32, 7, 8, 31) (40, 3, 9, 19, 46, 0, 41, 36, 16, 27, 33, 43, 22, 24, 17, 12) "
"OP(16,10,8,4,4,4,4)",0,Solved,"0,0430"," (4t+2)","0,0471","(\infty, 37, 40, 30, 46, 44, 38, 25, \infty, 1, 14, 20, 22, 6, 16, 13) (42, 47, 27, 0, 41, 18, 23, 3, 24, 17) (36, 32, 33, 45, 12, 8, 9, 21) (39, 5, 31, 2) (15, 29, 7, 26) (34, 4, 35, 43) (10, 28, 11, 19) "
"OP(16,10,8,4,3,3,3,3)",0,Solved,"0,1060"," (4t+2)","0,1125","(\infty, 46, 41, 31, 47, 32, 39, 42, \infty, 18, 15, 8, 23, 7, 17, 22) (26, 28, 45, 25, 38, 2, 4, 21, 1, 14) (29, 6, 40, 44, 5, 30, 16, 20) (27, 33, 3, 9) (37, 10, 36) (13, 34, 12) (43, 24, 35) (19, 0, 11) "
"OP(4,10,6,7,7,16)",0,Solved,"0,0330"," (4t+2)","0,0374","(\infty, 1, \infty, 25) (2, 3, 9, 12, 35, 26, 27, 33, 36, 11) (5, 16, 42, 29, 40, 18) (4, 6, 10, 0, 14, 7, 47) (28, 30, 34, 24, 38, 31, 23) (8, 20, 37, 21, 39, 19, 46, 17, 32, 44, 13, 45, 15, 43, 22, 41) "
"OP(16,10,7,7,6,4)",0,Solved,"0,0650"," (4t+2)","0,0689","(\infty, 44, 1, 33, 31, 32, 36, 46, \infty, 22, 12, 8, 7, 9, 25, 20) (43, 40, 3, 26, 47, 19, 16, 27, 2, 23) (6, 41, 24, 38, 5, 34, 42) (30, 17, 0, 14, 29, 10, 18) (35, 28, 37, 11, 4, 13) (45, 39, 21, 15) "
"OP(16,10,7,7,5,5)",0,Solved,"0,0590"," (4t+2)","0,0640","(\infty, 4, 5, 7, 2, 14, 45, 32, \infty, 8, 21, 38, 26, 31, 29, 28) (17, 3, 18, 46, 20, 41, 27, 42, 22, 44) (6, 0, 10, 13, 43, 47, 15) (30, 24, 34, 37, 19, 23, 39) (1, 9, 16, 35, 12) (25, 33, 40, 11, 36) "
"OP(16,10,7,7,4,3,3)",0,Solved,"0,0600"," (4t+2)","0,0638","(\infty, 6, 33, 5, 27, 37, 45, 34, \infty, 10, 21, 13, 3, 29, 9, 30) (46, 28, 41, 36, 7, 22, 4, 17, 12, 31) (32, 0, 25, 39, 40, 42, 38) (8, 24, 1, 15, 16, 18, 14) (26, 43, 2, 19) (35, 47, 44) (11, 23, 20) "
"OP(6,10,6,6,6,16)",0,Solved,"0,1390"," (4t+2)","0,1435","(\infty, 32, 22, \infty, 46, 8) (40, 35, 13, 33, 30, 16, 11, 37, 9, 6) (41, 18, 47, 1, 43, 34) (17, 42, 23, 25, 19, 10) (28, 24, 12, 4, 0, 36) (7, 39, 2, 29, 44, 45, 27, 14, 31, 15, 26, 5, 20, 21, 3, 38) "
"OP(6,10,6,6,16,3,3)",0,Solved,"0,0390"," (4t+2)","0,0434","(\infty, 7, 17, \infty, 41, 31) (14, 45, 34, 20, 8, 38, 21, 10, 44, 32) (23, 39, 18, 40, 11, 46) (47, 15, 42, 16, 35, 22) (1, 2, 6, 12, 19, 4, 13, 33, 25, 26, 30, 36, 43, 28, 37, 9) (0, 5, 3) (24, 29, 27) "
"OP(4,10,6,6,4,4,16)",0,Solved,"0,0500"," (4t+2)","0,0538","(\infty, 1, \infty, 25) (3, 14, 9, 15, 5, 27, 38, 33, 39, 29) (6, 13, 21, 7, 34, 18) (30, 37, 45, 31, 10, 42) (0, 4, 2, 47) (24, 28, 26, 23) (8, 17, 46, 16, 44, 11, 36, 19, 32, 41, 22, 40, 20, 35, 12, 43) "
"OP(4,10,6,5,5,4,16)",0,Solved,"0,0480"," (4t+2)","0,0526","(\infty, 1, \infty, 25) (2, 3, 9, 5, 14, 26, 27, 33, 29, 38) (6, 16, 44, 30, 40, 20) (21, 10, 7, 0, 8) (45, 34, 31, 24, 32) (4, 47, 28, 23) (11, 13, 46, 15, 36, 18, 41, 19, 35, 37, 22, 39, 12, 42, 17, 43) "
"OP(6,10,6,16,4,4,4)",0,Solved,"0,0580"," (4t+2)","0,0613","(\infty, 0, 8, \infty, 32, 24) (42, 17, 11, 6, 7, 18, 41, 35, 30, 31) (13, 43, 22, 37, 19, 46) (20, 4, 14, 2, 21, 47, 16, 3, 44, 28, 38, 26, 45, 23, 40, 27) (1, 10, 12, 15) (25, 34, 36, 39) (5, 9, 29, 33) "
"OP(6,10,6,16,3,3,3,3)",0,Solved,"0,0590"," (4t+2)","0,0633","(\infty, 4, 6, \infty, 30, 28) (12, 44, 18, 10, 3, 36, 20, 42, 34, 27) (22, 43, 15, 46, 19, 39) (45, 16, 41, 23, 9, 0, 5, 8, 21, 40, 17, 47, 33, 24, 29, 32) (14, 13, 2) (38, 37, 26) (1, 7, 11) (25, 31, 35) "
"OP(4,10,6,4,4,16,3,3)",0,Solved,"0,0850"," (4t+2)","0,0896","(\infty, 6, \infty, 30) (47, 44, 21, 11, 19, 23, 20, 45, 35, 43) (46, 12, 34, 22, 36, 10) (39, 9, 25, 4) (15, 33, 1, 28) (41, 13, 8, 2, 3, 42, 5, 24, 17, 37, 32, 26, 27, 18, 29, 0) (31, 16, 14) (7, 40, 38) "
"OP(16,10,6,6,6,6)",0,Solved,"0,0960"," (4t+2)","0,0994","(\infty, 22, 8, 2, 0, 5, 6, 10, \infty, 34, 30, 29, 24, 26, 32, 46) (1, 4, 21, 12, 47, 25, 28, 45, 36, 23) (40, 15, 3, 13, 43, 11) (16, 39, 27, 37, 19, 35) (44, 7, 14, 42, 9, 17) (20, 31, 38, 18, 33, 41) "
"OP(16,10,6,6,6,3,3)",0,Solved,"0,0560"," (4t+2)","0,0601","(\infty, 46, 19, 12, 11, 1, 5, 10, \infty, 34, 29, 25, 35, 36, 43, 22) (21, 6, 20, 33, 13, 45, 30, 44, 9, 37) (4, 2, 8, 0, 3, 15) (28, 26, 32, 24, 27, 39) (17, 47, 18, 41, 23, 42) (40, 31, 14) (16, 7, 38) "
"OP(4,10,5,5,6,4,16)",0,Solved,"0,0590"," (4t+2)","0,0639","(\infty, 21, \infty, 45) (6, 8, 16, 0, 41, 30, 32, 40, 24, 17) (14, 43, 15, 1, 37) (38, 19, 39, 25, 13) (44, 18, 5, 20, 42, 29) (7, 34, 31, 10) (12, 22, 4, 47, 3, 9, 26, 35, 36, 46, 28, 23, 27, 33, 2, 11) "
"OP(16,10,6,6,4,4,4)",0,Solved,"0,0620"," (4t+2)","0,0674","(\infty, 32, 41, 24, 47, 27, 28, 40, \infty, 16, 4, 3, 23, 0, 17, 8) (43, 6, 36, 1, 33, 19, 30, 12, 25, 9) (5, 31, 46, 44, 34, 26) (29, 7, 22, 20, 10, 2) (45, 38, 35, 39) (21, 14, 11, 15) (37, 42, 13, 18) "
"OP(16,10,6,6,3,3,3,3)",0,Solved,"0,1130"," (4t+2)","0,1186","(\infty, 0, 2, 20, 35, 19, 42, 28, \infty, 4, 18, 43, 11, 44, 26, 24) (9, 5, 15, 36, 14, 33, 29, 39, 12, 38) (41, 6, 23, 3, 8, 1) (17, 30, 47, 27, 32, 25) (21, 22, 10) (45, 46, 34) (16, 7, 13) (40, 31, 37) "
"OP(4,10,5,5,5,5,16)",0,Solved,"0,0760"," (4t+2)","0,0797","(\infty, 19, \infty, 43) (9, 5, 2, 0, 1, 33, 29, 26, 24, 25) (20, 7, 35, 21, 42) (44, 31, 11, 45, 18) (22, 14, 8, 3, 10) (46, 38, 32, 27, 34) (12, 30, 15, 4, 13, 23, 40, 17, 36, 6, 39, 28, 37, 47, 16, 41) "
"OP(16,10,6,5,5,4,4)",0,Solved,"0,0640"," (4t+2)","0,0683","(\infty, 10, 9, 5, 12, 7, 4, 16, \infty, 40, 28, 31, 36, 29, 33, 34) (2, 8, 17, 6, 39, 26, 32, 41, 30, 15) (13, 3, 11, 37, 27, 35) (46, 44, 21, 0, 14) (22, 20, 45, 24, 38) (18, 47, 19, 1) (42, 23, 43, 25) "
"OP(4,10,5,5,4,16,3,3)",0,Solved,"0,0770"," (4t+2)","0,0808","(\infty, 30, \infty, 6) (3, 0, 10, 45, 15, 27, 24, 34, 21, 39) (18, 35, 16, 12, 46) (42, 11, 40, 36, 22) (13, 5, 37, 29) (1, 7, 8, 17, 43, 20, 47, 14, 25, 31, 32, 41, 19, 44, 23, 38) (4, 2, 9) (28, 26, 33) "
"OP(16,10,6,4,4,4,3,3)",0,Solved,"0,1640"," (4t+2)","0,1678","(\infty, 15, 40, 19, 8, 0, 10, 11, \infty, 35, 34, 24, 32, 43, 16, 39) (5, 2, 9, 14, 45, 29, 26, 33, 38, 21) (23, 41, 12, 47, 17, 36) (20, 6, 18, 46) (44, 30, 42, 22) (4, 13, 28, 37) (1, 3, 7) (25, 27, 31) "
"OP(16,10,6,3,3,3,3,3,3)",0,Solved,"0,0810"," (4t+2)","0,0853","(\infty, 13, 44, 30, 8, 2, 12, 19, \infty, 43, 36, 26, 32, 6, 20, 37) (15, 45, 17, 42, 23, 39, 21, 41, 18, 47) (0, 11, 3, 24, 35, 27) (46, 7, 10) (22, 31, 34) (1, 14, 16) (25, 38, 40) (5, 9, 4) (29, 33, 28) "
"OP(16,10,5,5,5,5,4)",0,Solved,"0,0470"," (4t+2)","0,0503","(\infty, 19, 27, 41, 9, 15, 2, 5, \infty, 29, 26, 39, 33, 17, 3, 43) (12, 34, 23, 44, 45, 36, 10, 47, 20, 21) (35, 28, 38, 7, 40) (11, 4, 14, 31, 16) (8, 37, 1, 24, 6) (32, 13, 25, 0, 30) (46, 18, 22, 42) "
"OP(4,10,4,5,5,16,3,3)",0,Solved,"0,2140"," (4t+2)","0,2181","(\infty, 0, \infty, 24) (4, 5, 9, 6, 20, 28, 29, 33, 30, 44) (3, 8, 27, 32) (23, 11, 1, 7, 14) (47, 35, 25, 31, 38) (16, 37, 12, 43, 21, 10, 42, 22, 40, 13, 36, 19, 45, 34, 18, 46) (2, 15, 17) (26, 39, 41) "
"OP(16,10,5,5,4,4,3,3)",0,Solved,"0,0670"," (4t+2)","0,0706","(\infty, 35, 0, 1, 4, 10, 31, 15, \infty, 39, 7, 34, 28, 25, 24, 11) (13, 21, 40, 20, 6, 37, 45, 16, 44, 30) (2, 46, 3, 5, 14) (26, 22, 27, 29, 38) (12, 19, 41, 23) (36, 43, 17, 47) (8, 18, 33) (32, 42, 9) "
"OP(4,10,4,4,4,4,4,16)",0,Solved,"0,0800"," (4t+2)","0,0868","(\infty, 1, \infty, 25) (2, 3, 5, 8, 13, 26, 27, 29, 32, 37) (7, 16, 41, 14) (31, 40, 17, 38) (4, 0, 6, 35) (28, 24, 30, 11) (9, 19, 33, 43) (36, 21, 39, 23, 34, 22, 42, 20, 12, 45, 15, 47, 10, 46, 18, 44) "
"OP(4,10,4,4,16,3,3,3,3)",0,Solved,"0,1220"," (4t+2)","0,1263","(\infty, 11, \infty, 35) (0, 47, 17, 20, 4, 24, 23, 41, 44, 28) (6, 31, 9, 40) (30, 7, 33, 16) (22, 14, 5, 3, 13, 42, 15, 10, 46, 38, 29, 27, 37, 18, 39, 34) (12, 1, 45) (36, 25, 21) (8, 2, 43) (32, 26, 19) "
"OP(16,10,4,4,4,4,4,4)",0,Solved,"0,1030"," (4t+2)","0,1065","(\infty, 3, 6, 7, 23, 44, 11, 37, \infty, 13, 35, 20, 47, 31, 30, 27) (19, 38, 21, 1, 8, 43, 14, 45, 25, 32) (4, 12, 22, 10) (28, 36, 46, 34) (15, 17, 40, 26) (39, 41, 16, 2) (0, 18, 9, 5) (24, 42, 33, 29) "
"OP(16,10,4,4,4,3,3,3,3)",0,Solved,"0,0960"," (4t+2)","0,0996","(\infty, 13, 2, 7, 1, 10, 44, 3, \infty, 27, 20, 34, 25, 31, 26, 37) (18, 22, 9, 8, 6, 42, 46, 33, 32, 30) (38, 23, 40, 17) (14, 47, 16, 41) (12, 4, 36, 28) (0, 19, 45) (24, 43, 21) (35, 5, 15) (11, 29, 39) "
"OP(16,10,3,3,3,3,3,3,3,3)",0,Solved,"0,0800"," (4t+2)","0,0839","(\infty, 16, 7, 23, 3, 15, 9, 20, \infty, 44, 33, 39, 27, 47, 31, 40) (13, 46, 17, 42, 11, 37, 22, 41, 18, 35) (19, 1, 6) (43, 25, 30) (8, 5, 4) (32, 29, 28) (21, 14, 0) (45, 38, 24) (2, 12, 10) (26, 36, 34) "
"OP(8,8,9,9,16)",0,Solved,"0,0950"," (4t+2)","0,0989","(\infty, 45, 16, 13, \infty, 37, 40, 21) (33, 47, 32, 0, 9, 23, 8, 24) (2, 30, 17, 22, 4, 42, 20, 14, 25) (26, 6, 41, 46, 28, 18, 44, 38, 1) (31, 10, 11, 3, 39, 43, 12, 5, 7, 34, 35, 27, 15, 19, 36, 29) "
"OP(4,8,9,9,4,16)",0,Solved,"0,0650"," (4t+2)","0,0683","(\infty, 14, \infty, 38) (34, 12, 43, 16, 10, 36, 19, 40) (28, 5, 39, 31, 3, 13, 18, 0, 35) (4, 29, 15, 7, 27, 37, 42, 24, 11) (8, 17, 32, 41) (22, 6, 2, 1, 20, 23, 21, 9, 46, 30, 26, 25, 44, 47, 45, 33) "
"OP(16,9,9,8,8)",0,Solved,"0,0410"," (4t+2)","0,0462","(\infty, 14, 39, 19, 4, 21, 34, 16, \infty, 40, 10, 45, 28, 43, 15, 38) (22, 36, 7, 23, 13, 8, 1, 2, 11) (46, 12, 31, 47, 37, 32, 25, 26, 35) (9, 17, 44, 18, 6, 0, 3, 5) (33, 41, 20, 42, 30, 24, 27, 29) "
"OP(4,9,9,8,4,16)",0,Solved,"0,1550"," (4t+2)","0,1606","(\infty, 2, \infty, 26) (37, 3, 4, 6, 9, 14, 41, 18, 7) (13, 27, 28, 30, 33, 38, 17, 42, 31) (10, 1, 11, 46, 34, 25, 35, 22) (16, 20, 40, 44) (8, 0, 19, 45, 12, 5, 47, 15, 32, 24, 43, 21, 36, 29, 23, 39) "
"OP(16,9,9,8,4,4)",0,Solved,"0,1000"," (4t+2)","0,1035","(\infty, 35, 5, 0, 7, 39, 12, 37, \infty, 13, 36, 15, 31, 24, 29, 11) (10, 22, 44, 16, 45, 32, 18, 9, 6) (34, 46, 20, 40, 21, 8, 42, 33, 30) (43, 3, 1, 2, 19, 27, 25, 26) (14, 47, 41, 4) (38, 23, 17, 28) "
"OP(4,9,9,6,6,16)",0,Solved,"0,0410"," (4t+2)","0,0450","(\infty, 20, \infty, 44) (40, 23, 36, 21, 11, 38, 13, 42, 22) (16, 47, 12, 45, 35, 14, 37, 18, 46) (19, 30, 8, 1, 2, 10) (43, 6, 32, 25, 26, 34) (17, 31, 15, 9, 4, 0, 3, 5, 41, 7, 39, 33, 28, 24, 27, 29) "
"OP(6,9,9,6,16,4)",0,Solved,"0,0560"," (4t+2)","0,0594","(\infty, 4, 8, \infty, 32, 28) (5, 12, 13, 21, 39, 22, 10, 0, 2) (29, 36, 37, 45, 15, 46, 34, 24, 26) (3, 9, 41, 27, 33, 17) (16, 42, 19, 47, 14, 35, 6, 1, 40, 18, 43, 23, 38, 11, 30, 25) (20, 7, 44, 31) "
"OP(4,9,9,6,16,3,3)",0,Solved,"0,0710"," (4t+2)","0,0751","(\infty, 30, \infty, 6) (3, 0, 11, 38, 20, 43, 15, 46, 12) (27, 24, 35, 14, 44, 19, 39, 22, 36) (17, 13, 5, 41, 37, 29) (1, 7, 8, 18, 34, 47, 21, 40, 25, 31, 32, 42, 10, 23, 45, 16) (4, 2, 9) (28, 26, 33) "
"OP(16,9,9,6,6,4)",0,Solved,"0,1450"," (4t+2)","0,1499","(\infty, 2, 37, 3, 4, 6, 9, 14, \infty, 38, 33, 30, 28, 27, 13, 26) (45, 20, 12, 8, 1, 16, 35, 46, 18) (21, 44, 36, 32, 25, 40, 11, 22, 42) (10, 0, 17, 39, 7, 19) (34, 24, 41, 15, 31, 43) (47, 5, 23, 29) "
"OP(16,9,9,6,5,5)",0,Solved,"0,0460"," (4t+2)","0,0507","(\infty, 1, 2, 4, 0, 3, 23, 5, \infty, 29, 47, 27, 24, 28, 26, 25) (6, 12, 19, 40, 8, 17, 42, 31, 14) (30, 36, 43, 16, 32, 41, 18, 7, 38) (10, 15, 44, 34, 39, 20) (9, 22, 37, 11, 45) (33, 46, 13, 35, 21) "
"OP(16,9,9,6,4,3,3)",0,Solved,"0,1150"," (4t+2)","0,1192","(\infty, \infty, 23, 43, 16, 46, 21, 5, 7, 31, 29, 45, 22, 40, 19, 47) (6, 9, 38, 12, 0, 13, 4, 15, 11) (30, 33, 14, 36, 24, 37, 28, 39, 35) (44, 2, 10, 20, 26, 34) (8, 1, 32, 25) (18, 17, 3) (42, 41, 27) "
"OP(16,9,9,5,5,3,3)",0,Solved,"0,0630"," (4t+2)","0,0692","(\infty, 6, 14, 32, 17, 43, 15, 42, \infty, 18, 39, 19, 41, 8, 38, 30) (7, 4, 0, 2, 3, 9, 16, 29, 12) (31, 28, 24, 26, 27, 33, 40, 5, 36) (21, 37, 23, 35, 46) (45, 13, 47, 11, 22) (1, 20, 10) (25, 44, 34) "
"OP(4,9,9,4,4,4,16)",0,Solved,"0,0400"," (4t+2)","0,0464","(\infty, 16, \infty, 40) (17, 35, 13, 30, 14, 5, 1, 4, 10) (41, 11, 37, 6, 38, 29, 25, 28, 34) (2, 0, 8, 3) (26, 24, 32, 27) (18, 7, 42, 31) (36, 22, 47, 20, 39, 19, 9, 45, 12, 46, 23, 44, 15, 43, 33, 21) "
"OP(16,9,9,4,4,4,4)",0,Solved,"0,0760"," (4t+2)","0,0819","(\infty, 3, 4, 6, 9, 40, 22, 41, \infty, 17, 46, 16, 33, 30, 28, 27) (15, 1, 5, 26, 13, 8, 14, 23, 35) (39, 25, 29, 2, 37, 32, 38, 47, 11) (20, 36, 21, 43) (44, 12, 45, 19) (7, 0, 10, 18) (31, 24, 34, 42) "
"OP(16,9,9,4,3,3,3,3)",0,Solved,"0,1800"," (4t+2)","0,1837","(\infty, 22, 6, 44, 11, 38, 4, 32, \infty, 8, 28, 14, 35, 20, 30, 46) (1, 10, 39, 42, 7, 2, 13, 36, 5) (25, 34, 15, 18, 31, 26, 37, 12, 29) (41, 19, 17, 43) (40, 47, 0) (16, 23, 24) (9, 21, 27) (33, 45, 3) "
"OP(4,8,8,8,6,16)",0,Solved,"0,0360"," (4t+2)","0,0403","(\infty, 1, \infty, 25) (4, 3, 6, 2, 0, 5, 17, 10) (28, 27, 30, 26, 24, 29, 41, 34) (7, 15, 32, 13, 31, 39, 8, 37) (19, 9, 18, 43, 33, 42) (11, 22, 38, 16, 44, 23, 36, 21, 35, 46, 14, 40, 20, 47, 12, 45) "
"OP(6,8,8,8,16,4)",0,Solved,"0,2220"," (4t+2)","0,2259","(\infty, 44, 32, \infty, 8, 20) (30, 47, 3, 9, 35, 42, 26, 40) (6, 23, 27, 33, 11, 18, 2, 16) (0, 25, 43, 4, 24, 1, 19, 28) (46, 13, 5, 7, 12, 39, 38, 41, 22, 37, 29, 31, 36, 15, 14, 17) (45, 10, 21, 34) "
"OP(4,8,8,8,16,3,3)",0,Solved,"0,0570"," (4t+2)","0,0615","(\infty, 3, \infty, 27) (4, 6, 11, 10, 22, 14, 5, 1) (28, 30, 35, 34, 46, 38, 29, 25) (15, 26, 40, 8, 39, 2, 16, 32) (44, 23, 45, 17, 36, 18, 33, 43, 20, 47, 21, 41, 12, 42, 9, 19) (0, 7, 13) (24, 31, 37) "
"OP(4,8,8,7,7,16)",0,Solved,"0,0420"," (4t+2)","0,0466","(\infty, 22, \infty, 46) (9, 5, 6, 3, 12, 45, 14, 4) (33, 29, 30, 27, 36, 21, 38, 28) (0, 11, 31, 19, 1, 47, 13) (24, 35, 7, 43, 25, 23, 37) (15, 8, 2, 10, 42, 16, 41, 20, 39, 32, 26, 34, 18, 40, 17, 44) "
"OP(8,8,8,16,6,4)",0,Solved,"0,0440"," (4t+2)","0,0480","(\infty, 19, 42, 11, \infty, 35, 18, 43) (12, 40, 21, 10, 22, 44, 17, 47) (36, 16, 45, 34, 46, 20, 41, 23) (14, 8, 1, 2, 4, 7, 15, 6, 38, 32, 25, 26, 28, 31, 39, 30) (9, 5, 0, 33, 29, 24) (13, 3, 37, 27) "
"OP(8,8,8,16,5,5)",0,Solved,"0,0780"," (4t+2)","0,0824","(\infty, 7, 11, 9, \infty, 33, 35, 31) (14, 8, 16, 1, 23, 5, 4, 43) (38, 32, 40, 25, 47, 29, 28, 19) (20, 45, 18, 2, 13, 41, 6, 3, 44, 21, 42, 26, 37, 17, 30, 27) (46, 12, 0, 10, 15) (22, 36, 24, 34, 39) "
"OP(8,8,8,16,4,3,3)",0,Solved,"0,0600"," (4t+2)","0,0636","(\infty, 41, 32, 47, \infty, 23, 8, 17) (33, 36, 0, 26, 45, 25, 46, 39) (9, 12, 24, 2, 21, 1, 22, 15) (19, 44, 40, 27, 37, 42, 31, 29, 43, 20, 16, 3, 13, 18, 7, 5) (30, 38, 6, 14) (34, 4, 35) (10, 28, 11) "
"OP(6,8,8,6,6,16)",0,Solved,"0,0850"," (4t+2)","0,0892","(\infty, 3, 41, \infty, 17, 27) (0, 6, 10, 13, 8, 21, 12, 11) (24, 30, 34, 37, 32, 45, 36, 35) (14, 2, 9, 1, 15, 46) (38, 26, 33, 25, 39, 22) (5, 7, 28, 43, 20, 40, 18, 47, 29, 31, 4, 19, 44, 16, 42, 23) "
"OP(6,8,8,6,16,3,3)",0,Solved,"0,0750"," (4t+2)","0,0798","(\infty, 20, 4, \infty, 28, 44) (2, 13, 11, 42, 14, 22, 45, 16) (26, 37, 35, 18, 38, 46, 21, 40) (5, 23, 8, 29, 47, 32) (15, 19, 41, 6, 3, 9, 10, 1, 39, 43, 17, 30, 27, 33, 34, 25) (0, 7, 12) (24, 31, 36) "
"OP(4,8,8,6,4,4,16)",0,Solved,"0,0400"," (4t+2)","0,0443","(\infty, 1, \infty, 25) (3, 14, 9, 15, 5, 30, 18, 10) (27, 38, 33, 39, 29, 6, 42, 34) (7, 16, 44, 31, 40, 20) (0, 4, 2, 47) (24, 28, 26, 23) (8, 22, 37, 21, 43, 12, 41, 11, 32, 46, 13, 45, 19, 36, 17, 35) "
"OP(4,8,8,5,5,4,16)",0,Solved,"0,0450"," (4t+2)","0,0527","(\infty, 21, \infty, 45) (3, 15, 32, 16, 36, 17, 44, 18) (27, 39, 8, 40, 12, 41, 20, 42) (11, 19, 14, 10, 1) (35, 43, 38, 34, 25) (2, 13, 26, 37) (47, 22, 4, 5, 7, 0, 6, 9, 23, 46, 28, 29, 31, 24, 30, 33) "
"OP(6,8,8,16,4,4,4)",0,Solved,"0,2050"," (4t+2)","0,2087","(\infty, 4, 0, \infty, 24, 28) (1, 2, 5, 3, 10, 33, 15, 35) (25, 26, 29, 27, 34, 9, 39, 11) (32, 17, 12, 18, 37, 20, 47, 21, 8, 41, 36, 42, 13, 44, 23, 45) (43, 6, 16, 7) (19, 30, 40, 31) (46, 14, 22, 38) "
"OP(6,8,8,16,3,3,3,3)",0,Solved,"0,1750"," (4t+2)","0,1787","(\infty, 0, 16, \infty, 40, 24) (37, 6, 3, 11, 33, 15, 44, 17) (13, 30, 27, 35, 9, 39, 20, 41) (47, 22, 8, 2, 4, 14, 21, 36, 23, 46, 32, 26, 28, 38, 45, 12) (5, 1, 10) (29, 25, 34) (18, 19, 7) (42, 43, 31) "
"OP(4,8,8,4,4,16,3,3)",0,Solved,"0,0580"," (4t+2)","0,0615","(\infty, 14, \infty, 38) (37, 8, 31, 17, 10, 2, 11, 21) (13, 32, 7, 41, 34, 26, 35, 45) (9, 5, 0, 15) (33, 29, 24, 39) (18, 6, 19, 46, 20, 40, 23, 12, 42, 30, 43, 22, 44, 16, 47, 36) (4, 3, 1) (28, 27, 25) "
"OP(8,8,16,7,7,4)",0,Solved,"0,2520"," (4t+2)","0,2554","(\infty, 6, 4, 8, \infty, 32, 28, 30) (5, 0, 13, 44, 29, 24, 37, 20) (45, 11, 3, 10, 1, 7, 18, 47, 21, 35, 27, 34, 25, 31, 42, 23) (39, 14, 2, 12, 40, 41, 9) (15, 38, 26, 36, 16, 17, 33) (19, 22, 43, 46) "
"OP(6,8,7,7,6,16)",0,Solved,"0,0610"," (4t+2)","0,0649","(\infty, 3, 11, \infty, 35, 27) (43, 17, 47, 12, 19, 41, 23, 36) (42, 10, 14, 2, 8, 46, 21) (18, 34, 38, 26, 32, 22, 45) (7, 5, 0, 31, 29, 24) (9, 6, 20, 1, 16, 15, 4, 13, 33, 30, 44, 25, 40, 39, 28, 37) "
"OP(6,8,7,7,16,3,3)",0,Solved,"0,0370"," (4t+2)","0,0411","(\infty, 2, 4, \infty, 28, 26) (6, 7, 10, 38, 30, 31, 34, 14) (23, 16, 27, 11, 42, 19, 41) (47, 40, 3, 35, 18, 43, 17) (22, 36, 15, 21, 9, 0, 13, 8, 46, 12, 39, 45, 33, 24, 37, 32) (1, 20, 5) (25, 44, 29) "
"OP(4,8,7,7,4,4,16)",0,Solved,"0,0720"," (4t+2)","0,0752","(\infty, 21, \infty, 45) (6, 16, 32, 18, 30, 40, 8, 42) (38, 23, 10, 3, 0, 11, 12) (14, 47, 34, 27, 24, 35, 36) (4, 2, 7, 13) (28, 26, 31, 37) (5, 1, 9, 39, 19, 44, 17, 46, 29, 25, 33, 15, 43, 20, 41, 22) "
"OP(8,8,16,6,6,6)",0,Solved,"0,0750"," (4t+2)","0,0792","(\infty, 1, 14, 43, \infty, 19, 38, 25) (16, 12, 42, 15, 40, 36, 18, 39) (3, 41, 0, 22, 2, 10, 7, 13, 27, 17, 24, 46, 26, 34, 31, 37) (8, 23, 6, 11, 9, 45) (32, 47, 30, 35, 33, 21) (4, 5, 44, 28, 29, 20) "
"OP(8,8,16,6,6,3,3)",0,Solved,"0,1570"," (4t+2)","0,1607","(\infty, 20, 5, 4, \infty, 28, 29, 44) (8, 6, 1, 35, 32, 30, 25, 11) (41, 45, 14, 40, 22, 33, 13, 7, 17, 21, 38, 16, 46, 9, 37, 31) (12, 3, 10, 42, 19, 0) (36, 27, 34, 18, 43, 24) (15, 23, 2) (39, 47, 26) "
"OP(16,9,7,6,5,4,3)",,Infeasible,,Table config is not valid,,
"OP(8,8,16,6,4,4,4)",0,Solved,"0,6380"," (4t+2)","0,6424","(\infty, 7, 39, 5, \infty, 29, 15, 31) (44, 14, 10, 32, 20, 38, 34, 8) (28, 9, 3, 43, 22, 47, 16, 6, 4, 33, 27, 19, 46, 23, 40, 30) (25, 45, 42, 1, 21, 18) (35, 2, 41, 36) (11, 26, 17, 12) (13, 24, 37, 0) "
"OP(8,8,16,6,3,3,3,3)",0,Solved,"0,0880"," (4t+2)","0,0923","(\infty, 25, 19, 45, \infty, 21, 43, 1) (4, 9, 13, 11, 28, 33, 37, 35) (41, 14, 42, 7, 39, 20, 2, 10, 17, 38, 18, 31, 15, 44, 26, 34) (23, 8, 22, 47, 32, 46) (12, 0, 3) (36, 24, 27) (16, 5, 6) (40, 29, 30) "
"OP(16,9,7,5,5,5,3)",,Infeasible,,Table config is not valid,,
"OP(8,8,16,5,5,4,4)",0,Solved,"0,0710"," (4t+2)","0,0748","(\infty, 20, 47, 14, \infty, 38, 23, 44) (10, 6, 3, 5, 34, 30, 27, 29) (4, 9, 18, 35, 12, 46, 26, 16, 28, 33, 42, 11, 36, 22, 2, 40) (7, 15, 41, 0, 1) (31, 39, 17, 24, 25) (8, 19, 37, 21) (32, 43, 13, 45) "
"OP(16,9,7,5,4,3,3,3)",,Infeasible,,Table config is not valid,,
"OP(8,8,16,4,4,4,3,3)",0,Solved,"0,3990"," (4t+2)","0,4028","(\infty, 3, 30, 19, \infty, 43, 6, 27) (46, 32, 44, 42, 22, 8, 20, 18) (33, 39, 47, 37, 5, 38, 35, 0, 9, 15, 23, 13, 29, 14, 11, 24) (4, 26, 1, 45) (28, 2, 25, 21) (12, 31, 36, 7) (10, 40, 41) (34, 16, 17) "
"OP(8,8,16,3,3,3,3,3,3)",0,Solved,"0,0410"," (4t+2)","0,0448","(\infty, 32, 6, 40, \infty, 16, 30, 8) (35, 39, 29, 38, 11, 15, 5, 14) (37, 44, 25, 41, 42, 2, 27, 33, 13, 20, 1, 17, 18, 26, 3, 9) (47, 34, 45) (23, 10, 21) (43, 46, 28) (19, 22, 4) (36, 0, 31) (12, 24, 7) "
"OP(4,8,6,6,6,4,16)",0,Solved,"0,0570"," (4t+2)","0,0610","(\infty, 4, \infty, 28) (5, 6, 2, 12, 29, 30, 26, 36) (16, 14, 8, 3, 10, 39) (40, 38, 32, 27, 34, 15) (44, 11, 0, 20, 35, 24) (19, 22, 43, 46) (23, 45, 13, 1, 9, 18, 31, 17, 47, 21, 37, 25, 33, 42, 7, 41) "
"OP(4,8,6,6,5,5,16)",0,Solved,"0,0490"," (4t+2)","0,0528","(\infty, 21, \infty, 45) (46, 14, 5, 3, 22, 38, 29, 27) (40, 23, 11, 4, 0, 15) (16, 47, 35, 28, 24, 39) (9, 6, 1, 7, 20) (33, 30, 25, 31, 44) (37, 10, 2, 12, 32, 18, 17, 43, 13, 34, 26, 36, 8, 42, 41, 19) "
"OP(6,8,6,6,16,4,4)",0,Solved,"0,0760"," (4t+2)","0,0803","(\infty, 36, 0, \infty, 24, 12) (17, 42, 37, 20, 41, 18, 13, 44) (8, 14, 34, 4, 6, 9) (32, 38, 10, 28, 30, 33) (40, 3, 47, 21, 29, 19, 35, 1, 16, 27, 23, 45, 5, 43, 11, 25) (7, 26, 39, 46) (31, 2, 15, 22) "
"OP(4,8,6,6,4,16,3,3)",0,Solved,"0,0570"," (4t+2)","0,0612","(\infty, 16, \infty, 40) (8, 9, 20, 45, 32, 33, 44, 21) (5, 0, 3, 1, 7, 14) (29, 24, 27, 25, 31, 38) (6, 2, 30, 26) (41, 10, 43, 11, 23, 37, 18, 39, 17, 34, 19, 35, 47, 13, 42, 15) (12, 4, 22) (36, 28, 46) "
"OP(6,8,6,16,5,5,4)",0,Solved,"0,0640"," (4t+2)","0,0681","(\infty, 15, 35, \infty, 11, 39) (47, 42, 0, 37, 23, 18, 24, 13) (17, 38, 29, 41, 14, 5) (45, 10, 6, 8, 46, 31, 9, 40, 21, 34, 30, 32, 22, 7, 33, 16) (27, 26, 19, 1, 4) (3, 2, 43, 25, 28) (20, 12, 44, 36) "
"OP(4,8,6,5,5,16,3,3)",0,Solved,"0,0550"," (4t+2)","0,0607","(\infty, 3, \infty, 27) (4, 5, 7, 15, 28, 29, 31, 39) (9, 20, 45, 33, 44, 21) (1, 17, 26, 11, 8) (25, 41, 2, 35, 32) (40, 23, 42, 22, 36, 14, 19, 37, 16, 47, 18, 46, 12, 38, 43, 13) (0, 6, 10) (24, 30, 34) "
"OP(6,8,6,16,4,4,3,3)",0,Solved,"0,1760"," (4t+2)","0,1818","(\infty, 38, 32, \infty, 8, 14) (13, 6, 4, 1, 37, 30, 28, 25) (18, 33, 5, 42, 9, 29) (0, 40, 19, 35, 17, 34, 44, 15, 24, 16, 43, 11, 41, 10, 20, 39) (47, 21, 46, 12) (23, 45, 22, 36) (3, 7, 2) (27, 31, 26) "
"OP(4,8,6,4,4,4,4,16)",0,Solved,"0,0590"," (4t+2)","0,0631","(\infty, 21, \infty, 45) (42, 22, 16, 2, 18, 46, 40, 26) (4, 6, 7, 28, 30, 31) (12, 15, 37, 1) (36, 39, 13, 25) (11, 3, 10, 20) (35, 27, 34, 44) (41, 23, 38, 19, 32, 9, 5, 0, 17, 47, 14, 43, 8, 33, 29, 24) "
"OP(4,8,6,4,16,3,3,3,3)",0,Solved,"0,1720"," (4t+2)","0,1767","(\infty, 12, \infty, 36) (17, 31, 10, 18, 41, 7, 34, 42) (22, 20, 35, 46, 44, 11) (21, 2, 45, 26) (13, 43, 8, 1, 23, 6, 3, 9, 37, 19, 32, 25, 47, 30, 27, 33) (4, 0, 16) (28, 24, 40) (14, 5, 15) (38, 29, 39) "
"OP(6,8,16,5,5,5,5)",0,Solved,"0,0700"," (4t+2)","0,0736","(\infty, 43, 17, \infty, 41, 19) (39, 10, 4, 6, 15, 34, 28, 30) (21, 8, 5, 0, 16, 9, 1, 11, 45, 32, 29, 24, 40, 33, 25, 35) (14, 42, 12, 13, 2) (38, 18, 36, 37, 26) (22, 47, 20, 3, 7) (46, 23, 44, 27, 31) "
"OP(6,8,16,5,5,4,3,3)",0,Solved,"0,1090"," (4t+2)","0,1129","(\infty, 28, 0, \infty, 24, 4) (39, 43, 7, 33, 15, 19, 31, 9) (2, 47, 5, 30, 44, 45, 10, 37, 26, 23, 29, 6, 20, 21, 34, 13) (38, 40, 25, 8, 46) (14, 16, 1, 32, 22) (36, 41, 12, 17) (3, 35, 42) (27, 11, 18) "
"OP(4,8,5,5,4,4,4,16)",0,Solved,"0,0610"," (4t+2)","0,0654","(\infty, 4, \infty, 28) (5, 6, 2, 15, 29, 30, 26, 39) (31, 14, 8, 3, 10) (7, 38, 32, 27, 34) (11, 21, 12, 0) (35, 45, 36, 24) (18, 20, 42, 44) (43, 13, 16, 1, 9, 41, 22, 47, 19, 37, 40, 25, 33, 17, 46, 23) "
"OP(4,8,5,5,16,3,3,3,3)",0,Solved,"0,0420"," (4t+2)","0,0463","(\infty, 1, \infty, 25) (12, 3, 9, 2, 36, 27, 33, 26) (0, 45, 15, 4, 8) (24, 21, 39, 28, 32) (16, 6, 11, 34, 7, 23, 43, 14, 40, 30, 35, 10, 31, 47, 19, 38) (5, 18, 17) (29, 42, 41) (46, 13, 44) (22, 37, 20) "
"OP(6,8,16,4,4,4,4,4)",0,Solved,"0,1210"," (4t+2)","0,1274","(\infty, 20, 46, \infty, 22, 44) (47, 30, 14, 2, 23, 6, 38, 26) (8, 0, 5, 19, 39, 21, 40, 17, 32, 24, 29, 43, 15, 45, 16, 41) (18, 11, 7, 9) (42, 35, 31, 33) (10, 13, 3, 4) (34, 37, 27, 28) (12, 1, 36, 25) "
"OP(6,8,16,4,4,3,3,3,3)",0,Solved,"0,1460"," (4t+2)","0,1499","(\infty, 9, 3, \infty, 27, 33) (4, 13, 1, 46, 28, 37, 25, 22) (6, 11, 0, 14, 45, 19, 23, 2, 30, 35, 24, 38, 21, 43, 47, 26) (44, 12, 10, 29) (20, 36, 34, 5) (42, 7, 17) (18, 31, 41) (8, 15, 16) (32, 39, 40) "
"OP(4,8,4,4,4,4,16,3,3)",0,Solved,"0,0510"," (4t+2)","0,0544","(\infty, 2, \infty, 26) (3, 4, 6, 10, 27, 28, 30, 34) (1, 7, 12, 15) (25, 31, 36, 39) (5, 14, 21, 40) (29, 38, 45, 16) (11, 22, 37, 9, 41, 19, 44, 23, 35, 46, 13, 33, 17, 43, 20, 47) (18, 0, 8) (42, 24, 32) "
"OP(4,8,4,16,3,3,3,3,3,3)",0,Solved,"0,1080"," (4t+2)","0,1126","(\infty, 13, \infty, 37) (0, 7, 46, 10, 24, 31, 22, 34) (11, 14, 35, 38) (42, 16, 41, 21, 8, 3, 4, 2, 18, 40, 17, 45, 32, 27, 28, 26) (5, 20, 1) (29, 44, 25) (12, 6, 43) (36, 30, 19) (47, 39, 9) (23, 15, 33) "
"OP(4,7,7,8,8,16)",0,Solved,"0,0440"," (4t+2)","0,0480","(\infty, \infty, 23, 47) (20, 36, 14, 37, 7, 21, 40) (44, 12, 38, 13, 31, 45, 16) (19, 46, 35, 18, 8, 1, 2, 10) (43, 22, 11, 42, 32, 25, 26, 34) (17, 30, 15, 9, 4, 0, 3, 5, 41, 6, 39, 33, 28, 24, 27, 29) "
"OP(16,8,8,8,6,4)",0,Solved,"0,2180"," (4t+2)","0,2222","(\infty, 1, 12, 11, 4, 22, 10, 5, \infty, 29, 34, 46, 28, 35, 36, 25) (13, 0, 16, 2, 44, 15, 7, 38) (37, 24, 40, 26, 20, 39, 31, 14) (23, 3, 18, 8, 47, 27, 42, 32) (17, 19, 45, 41, 43, 21) (6, 9, 30, 33) "
"OP(16,8,8,8,5,5)",0,Solved,"0,0550"," (4t+2)","0,0599","(\infty, 12, 38, 10, 1, 11, 43, 18, \infty, 42, 19, 35, 25, 34, 14, 36) (5, 9, 22, 23, 20, 3, 21, 0) (29, 33, 46, 47, 44, 27, 45, 24) (39, 32, 13, 7, 15, 8, 37, 31) (4, 16, 2, 17, 6) (28, 40, 26, 41, 30) "
"OP(16,8,8,8,4,3,3)",0,Solved,"0,1180"," (4t+2)","0,1228","(\infty, 33, 27, 32, 47, 0, 35, 45, \infty, 21, 11, 24, 23, 8, 3, 9) (4, 41, 13, 36, 38, 26, 44, 30) (28, 17, 37, 12, 14, 2, 20, 6) (29, 25, 42, 34, 5, 1, 18, 10) (40, 43, 16, 19) (46, 39, 7) (22, 15, 31) "
"OP(16,8,8,7,7,4)",0,Solved,"0,0470"," (4t+2)","0,0529","(\infty, 2, 4, 5, 10, 7, 17, 42, \infty, 18, 41, 31, 34, 29, 28, 26) (16, 27, 45, 19, 38, 22, 9, 37) (40, 3, 21, 43, 14, 46, 33, 13) (15, 23, 6, 0, 12, 8, 1) (39, 47, 30, 24, 36, 32, 25) (20, 11, 44, 35) "
"OP(6,7,7,8,6,16)",0,Solved,"0,1850"," (4t+2)","0,1908","(\infty, 2, 12, \infty, 36, 26) (16, 22, 17, 38, 5, 44, 15) (40, 46, 41, 14, 29, 20, 39) (0, 34, 37, 6, 24, 10, 13, 30) (8, 4, 45, 32, 28, 21) (42, 31, 9, 1, 3, 23, 11, 43, 18, 7, 33, 25, 27, 47, 35, 19) "
"OP(6,7,7,8,16,3,3)",0,Solved,"0,1950"," (4t+2)","0,1995","(\infty, 14, 44, \infty, 20, 38) (13, 10, 2, 18, 39, 19, 4) (37, 34, 26, 42, 15, 43, 28) (12, 6, 11, 0, 36, 30, 35, 24) (22, 3, 17, 7, 8, 1, 23, 21, 46, 27, 41, 31, 32, 25, 47, 45) (5, 40, 9) (29, 16, 33) "
"OP(4,7,7,8,4,4,16)",0,Solved,"0,1060"," (4t+2)","0,1092","(\infty, 19, \infty, 43) (8, 0, 1, 3, 39, 2, 11) (32, 24, 25, 27, 15, 26, 35) (4, 9, 5, 12, 28, 33, 29, 36) (7, 13, 38, 17) (31, 37, 14, 41) (22, 42, 20, 34, 47, 30, 45, 16, 46, 18, 44, 10, 23, 6, 21, 40) "
"OP(16,8,8,6,6,6)",0,Solved,"0,0490"," (4t+2)","0,0531","(\infty, 35, 22, 13, 5, 3, 9, 23, \infty, 47, 33, 27, 29, 37, 46, 11) (7, 4, 0, 10, 21, 6, 1, 8) (31, 28, 24, 34, 45, 30, 25, 32) (19, 36, 18, 2, 14, 41) (43, 12, 42, 26, 38, 17) (15, 40, 20, 39, 16, 44) "
"OP(16,8,8,6,6,3,3)",0,Solved,"0,0730"," (4t+2)","0,0764","(\infty, \infty, 23, 9, 41, 16, 5, 10, 13, 37, 34, 29, 40, 17, 33, 47) (7, 1, 18, 46, 8, 21, 43, 14) (31, 25, 42, 22, 32, 45, 19, 38) (20, 2, 6, 4, 3, 11) (44, 26, 30, 28, 27, 35) (0, 36, 15) (24, 12, 39) "
"OP(4,8,8,5,5,4,16)",0,Solved,"0,0450"," (4t+2)","0,0491","(\infty, 21, \infty, 45) (3, 15, 32, 16, 36, 17, 44, 18) (27, 39, 8, 40, 12, 41, 20, 42) (11, 19, 14, 10, 1) (35, 43, 38, 34, 25) (2, 13, 26, 37) (47, 22, 4, 5, 7, 0, 6, 9, 23, 46, 28, 29, 31, 24, 30, 33) "
"OP(16,8,8,6,4,4,4)",0,Solved,"0,0490"," (4t+2)","0,0523","(\infty, 4, 7, 11, 6, 18, 36, 14, \infty, 38, 12, 42, 30, 35, 31, 28) (16, 27, 17, 37, 21, 46, 19, 33) (40, 3, 41, 13, 45, 22, 43, 9) (15, 23, 10, 39, 47, 34) (0, 2, 8, 1) (24, 26, 32, 25) (20, 5, 44, 29) "
"OP(16,8,8,6,3,3,3,3)",0,Solved,"0,0440"," (4t+2)","0,0485","(\infty, 43, 15, 45, 12, 47, 18, 41, \infty, 17, 42, 23, 36, 21, 39, 19) (4, 7, 13, 30, 16, 8, 1, 2) (28, 31, 37, 6, 40, 32, 25, 26) (10, 20, 46, 34, 44, 22) (14, 35, 3) (38, 11, 27) (0, 5, 9) (24, 29, 33) "
"OP(4,8,8,4,5,5,16)",0,Solved,"0,0440"," (4t+2)","0,0484","(\infty, 1, \infty, 25) (4, 3, 6, 2, 0, 5, 17, 10) (28, 27, 30, 26, 24, 29, 41, 34) (7, 15, 31, 39) (37, 46, 18, 8, 19) (13, 22, 42, 32, 43) (9, 23, 36, 14, 35, 20, 45, 16, 33, 47, 12, 38, 11, 44, 21, 40) "
"OP(16,8,8,5,5,4,4)",0,Solved,"0,0440"," (4t+2)","0,0476","(\infty, 35, 22, 13, 5, 3, 9, 23, \infty, 47, 33, 27, 29, 37, 46, 11) (7, 4, 0, 10, 21, 6, 1, 8) (31, 28, 24, 34, 45, 30, 25, 32) (36, 19, 38, 2, 18) (12, 43, 14, 26, 42) (20, 40, 15, 41) (44, 16, 39, 17) "
"OP(4,8,8,4,4,16,3,3)",0,Solved,"0,0640"," (4t+2)","0,0679","(\infty, 14, \infty, 38) (37, 8, 31, 17, 10, 2, 11, 21) (13, 32, 7, 41, 34, 26, 35, 45) (9, 5, 0, 15) (33, 29, 24, 39) (18, 6, 19, 46, 20, 40, 23, 12, 42, 30, 43, 22, 44, 16, 47, 36) (4, 3, 1) (28, 27, 25) "
"OP(16,8,8,4,4,4,3,3)",0,Solved,"0,2400"," (4t+2)","0,2462","(\infty, 3, 36, 10, 6, 4, 45, 17, \infty, 41, 21, 28, 30, 34, 12, 27) (0, 23, 42, 2, 38, 37, 7, 39) (24, 47, 18, 26, 14, 13, 31, 15) (5, 11, 16, 43) (29, 35, 40, 19) (44, 9, 20, 33) (32, 1, 46) (8, 25, 22) "
"OP(16,8,8,3,3,3,3,3,3)",0,Solved,"0,0810"," (4t+2)","0,0851","(\infty, 47, 39, 7, 44, 2, 16, 37, \infty, 13, 40, 26, 20, 31, 15, 23) (33, 32, 30, 10, 14, 43, 4, 45) (9, 8, 6, 34, 38, 19, 28, 21) (35, 5, 18) (11, 29, 42) (36, 41, 3) (12, 17, 27) (0, 22, 25) (24, 46, 1) "
"OP(6,7,7,7,7,16)",0,Solved,"0,0510"," (4t+2)","0,0544","(\infty, 9, 23, \infty, 47, 33) (5, 7, 3, 16, 36, 21, 4) (29, 31, 27, 40, 12, 45, 28) (0, 6, 17, 10, 1, 11, 8) (24, 30, 41, 34, 25, 35, 32) (39, 14, 2, 18, 13, 43, 22, 44, 15, 38, 26, 42, 37, 19, 46, 20) "
"OP(16,8,7,7,6,6)",0,Solved,"0,0490"," (4t+2)","0,0529","(\infty, 7, 8, 17, 45, 14, 47, 39, \infty, 15, 23, 38, 21, 41, 32, 31) (12, 0, 18, 2, 36, 24, 42, 26) (5, 16, 35, 13, 6, 3, 1) (29, 40, 11, 37, 30, 27, 25) (4, 9, 22, 43, 20, 10) (28, 33, 46, 19, 44, 34) "
"OP(16,8,7,7,6,3,3)",0,Solved,"0,0530"," (4t+2)","0,0579","(\infty, 14, 13, 2, 20, 30, 7, 10, \infty, 34, 31, 6, 44, 26, 37, 38) (4, 33, 47, 32, 28, 9, 23, 8) (0, 12, 29, 16, 18, 11, 39) (24, 36, 5, 40, 42, 35, 15) (43, 21, 27, 19, 45, 3) (22, 17, 1) (46, 41, 25) "
"OP(4,8,7,7,4,4,16)",0,Solved,"0,0750"," (4t+2)","0,0805","(\infty, 21, \infty, 45) (6, 16, 32, 18, 30, 40, 8, 42) (38, 23, 10, 3, 0, 11, 12) (14, 47, 34, 27, 24, 35, 36) (4, 2, 7, 13) (28, 26, 31, 37) (5, 1, 9, 39, 19, 44, 17, 46, 29, 25, 33, 15, 43, 20, 41, 22) "
"OP(16,8,7,7,4,4,4)",0,Solved,"0,1930"," (4t+2)","0,1979","(\infty, 13, 8, 44, 9, 6, 23, 31, \infty, 7, 47, 30, 33, 20, 32, 37) (35, 21, 12, 38, 11, 45, 36, 14) (29, 0, 41, 39, 1, 19, 4) (5, 24, 17, 15, 25, 43, 28) (3, 2, 34, 40) (27, 26, 10, 16) (42, 22, 18, 46) "
"OP(16,8,7,7,3,3,3,3)",0,Solved,"0,0650"," (4t+2)","0,0696","(\infty, 20, 23, 39, 2, 35, 1, 40, \infty, 16, 25, 11, 26, 15, 47, 44) (7, 12, 34, 32, 31, 36, 10, 8) (37, 19, 29, 17, 42, 46, 6) (13, 43, 5, 41, 18, 22, 30) (4, 24, 45) (28, 0, 21) (14, 33, 27) (38, 9, 3) "
"OP(4,7,7,6,6,4,16)",0,Solved,"0,1280"," (4t+2)","0,1318","(\infty, 4, \infty, 28) (42, 5, 6, 8, 13, 9, 0) (18, 29, 30, 32, 37, 33, 24) (7, 19, 11, 1, 14, 21) (31, 43, 35, 25, 38, 45) (17, 20, 41, 44) (2, 27, 12, 34, 15, 47, 16, 46, 26, 3, 36, 10, 39, 23, 40, 22) "
"OP(4,7,7,6,5,5,16)",0,Solved,"0,0430"," (4t+2)","0,0479","(\infty, 2, \infty, 26) (3, 4, 6, 9, 1, 16, 12) (27, 28, 30, 33, 25, 40, 36) (5, 11, 39, 29, 35, 15) (8, 19, 45, 20, 37) (32, 43, 21, 44, 13) (17, 38, 22, 10, 23, 18, 0, 7, 41, 14, 46, 34, 47, 42, 24, 31) "
"OP(6,7,7,6,16,4,4)",0,Solved,"0,1800"," (4t+2)","0,1835","(\infty, 42, 14, \infty, 38, 18) (12, 3, 1, 6, 7, 41, 20) (36, 27, 25, 30, 31, 17, 44) (4, 11, 40, 28, 35, 16) (9, 5, 2, 8, 39, 23, 45, 22, 33, 29, 26, 32, 15, 47, 21, 46) (0, 13, 43, 10) (24, 37, 19, 34) "
"OP(4,7,7,6,4,16,3,3)",0,Solved,"0,0520"," (4t+2)","0,0566","(\infty, 5, \infty, 29) (6, 12, 17, 8, 9, 23, 13) (30, 36, 41, 32, 33, 47, 37) (15, 0, 2, 39, 24, 26) (3, 7, 27, 31) (10, 40, 14, 45, 18, 43, 35, 22, 34, 16, 38, 21, 42, 19, 11, 46) (1, 20, 4) (25, 44, 28) "
"OP(6,7,7,16,5,5,4)",0,Solved,"0,1530"," (4t+2)","0,1578","(\infty, 8, 10, \infty, 34, 32) (37, 16, 23, 3, 20, 1, 45) (13, 40, 47, 27, 44, 25, 21) (2, 38, 6, 7, 4, 9, 22, 12, 26, 14, 30, 31, 28, 33, 46, 36) (42, 5, 11, 41, 19) (18, 29, 35, 17, 43) (15, 24, 39, 0) "
"OP(4,7,7,5,5,16,3,3)",0,Solved,"0,0810"," (4t+2)","0,0848","(\infty, 29, \infty, 5) (9, 20, 38, 30, 40, 46, 45) (33, 44, 14, 6, 16, 22, 21) (39, 42, 3, 1, 26) (15, 18, 27, 25, 2) (12, 41, 24, 8, 13, 47, 43, 10, 36, 17, 0, 32, 37, 23, 19, 34) (11, 31, 4) (35, 7, 28) "
"OP(6,7,7,16,4,4,3,3)",0,Solved,"0,0700"," (4t+2)","0,0745","(\infty, \infty, 23, 21, 45, 47) (44, 22, 9, 5, 15, 16, 11) (20, 46, 33, 29, 39, 40, 35) (17, 10, 24, 13, 43, 7, 4, 12, 41, 34, 0, 37, 19, 31, 28, 36) (3, 42, 14, 30) (27, 18, 38, 6) (8, 25, 2) (32, 1, 26) "
"OP(4,7,7,4,4,4,4,16)",0,Solved,"0,0850"," (4t+2)","0,0890","(\infty, 1, \infty, 25) (2, 3, 5, 8, 13, 31, 16) (26, 27, 29, 32, 37, 7, 40) (4, 10, 17, 0) (28, 34, 41, 24) (6, 35, 46, 19) (30, 11, 22, 43) (36, 45, 33, 23, 39, 14, 42, 20, 12, 21, 9, 47, 15, 38, 18, 44) "
"OP(4,7,7,4,16,3,3,3,3)",0,Solved,"0,0470"," (4t+2)","0,0511","(\infty, 41, \infty, 17) (40, 19, 37, 28, 29, 22, 18) (16, 43, 13, 4, 5, 46, 42) (11, 27, 35, 3) (8, 23, 12, 14, 1, 39, 10, 7, 32, 47, 36, 38, 25, 15, 34, 31) (0, 20, 6) (24, 44, 30) (45, 33, 2) (21, 9, 26) "
"OP(4,8,5,5,6,6,16)",0,Solved,"0,0650"," (4t+2)","0,0687","(\infty, 32, \infty, 8) (45, 43, 31, 41, 21, 19, 7, 17) (33, 34, 39, 35, 4) (9, 10, 15, 11, 28) (42, 26, 5, 30, 38, 24) (18, 2, 29, 6, 14, 0) (46, 40, 27, 36, 25, 47, 44, 37, 22, 16, 3, 12, 1, 23, 20, 13) "
"OP(16,8,6,6,6,4,4)",0,Solved,"0,0800"," (4t+2)","0,0845","(\infty, 3, 4, 6, 9, 40, 21, 43, \infty, 19, 45, 16, 33, 30, 28, 27) (15, 1, 22, 26, 39, 25, 46, 2) (13, 8, 14, 23, 5, 41) (37, 32, 38, 47, 29, 17) (36, 11, 44, 12, 35, 20) (7, 0, 10, 18) (31, 24, 34, 42) "
"OP(16,8,6,6,5,5,4)",0,Solved,"0,0830"," (4t+2)","0,0870","(\infty, 17, 2, 3, 1, 6, 15, 31, \infty, 7, 39, 30, 25, 27, 26, 41) (9, 19, 38, 13, 33, 43, 14, 37) (18, 4, 45, 5, 8, 12) (42, 28, 21, 29, 32, 36) (10, 22, 44, 23, 40) (34, 46, 20, 47, 16) (11, 0, 35, 24) "
"OP(4,8,5,5,6,16,3,3)",0,Solved,"0,0630"," (4t+2)","0,0667","(\infty, 5, \infty, 29) (8, 16, 36, 21, 32, 40, 12, 45) (4, 6, 9, 14, 0) (28, 30, 33, 38, 24) (2, 3, 10, 26, 27, 34) (13, 22, 39, 18, 43, 17, 35, 47, 37, 46, 15, 42, 19, 41, 11, 23) (1, 20, 7) (25, 44, 31) "
"OP(16,8,6,6,4,4,3,3)",0,Solved,"0,0870"," (4t+2)","0,0909","(\infty, 45, 32, 27, 2, 28, 30, 41, \infty, 17, 6, 4, 26, 3, 8, 21) (34, 31, 46, 19, 10, 7, 22, 43) (36, 0, 38, 39, 35, 18) (12, 24, 14, 15, 11, 42) (44, 25, 9, 16) (20, 1, 33, 40) (5, 47, 13) (29, 23, 37) "
"OP(16,8,6,5,5,5,5)",0,Solved,"0,1910"," (4t+2)","0,1953","(\infty, 45, 11, 37, 20, 36, 17, 47, \infty, 23, 41, 12, 44, 13, 35, 21) (3, 2, 0, 7, 27, 26, 24, 31) (39, 14, 6, 15, 38, 30) (18, 8, 19, 46, 33) (42, 32, 43, 22, 9) (16, 4, 1, 5, 10) (40, 28, 25, 29, 34) "
"OP(16,8,6,5,5,4,3,3)",0,Solved,"0,0420"," (4t+2)","0,0464","(\infty, 47, 19, 29, 31, 12, 16, 1, \infty, 25, 40, 36, 7, 5, 43, 23) (8, 30, 24, 41, 32, 6, 0, 17) (37, 3, 2, 13, 27, 26) (20, 33, 45, 18, 15) (44, 9, 21, 42, 39) (14, 46, 38, 22) (11, 4, 34) (35, 28, 10) "
"OP(4,8,5,5,4,4,4,16)",0,Solved,"0,0610"," (4t+2)","0,0666","(\infty, 4, \infty, 28) (5, 6, 2, 15, 29, 30, 26, 39) (31, 14, 8, 3, 10) (7, 38, 32, 27, 34) (11, 21, 12, 0) (35, 45, 36, 24) (18, 20, 42, 44) (43, 13, 16, 1, 9, 41, 22, 47, 19, 37, 40, 25, 33, 17, 46, 23) "
"OP(4,8,5,5,16,3,3,3,3)",0,Solved,"0,0410"," (4t+2)","0,0454","(\infty, 1, \infty, 25) (12, 3, 9, 2, 36, 27, 33, 26) (0, 45, 15, 4, 8) (24, 21, 39, 28, 32) (16, 6, 11, 34, 7, 23, 43, 14, 40, 30, 35, 10, 31, 47, 19, 38) (5, 18, 17) (29, 42, 41) (46, 13, 44) (22, 37, 20) "
"OP(16,8,6,4,4,4,4,4)",0,Solved,"0,0690"," (4t+2)","0,0734","(\infty, 0, 1, 39, 30, 5, 7, 4, \infty, 28, 31, 29, 6, 15, 25, 24) (44, 10, 16, 8, 20, 34, 40, 32) (9, 2, 46, 33, 26, 22) (27, 38, 11, 42) (3, 14, 35, 18) (37, 21, 47, 19) (13, 45, 23, 43) (12, 17, 36, 41) "
"OP(16,8,6,4,4,3,3,3,3)",0,Solved,"0,2480"," (4t+2)","0,2511","(\infty, 45, 11, 41, 12, 5, 8, 9, \infty, 33, 32, 29, 36, 17, 35, 21) (2, 18, 44, 13, 26, 42, 20, 37) (39, 0, 43, 15, 24, 19) (3, 47, 22, 14) (27, 23, 46, 38) (16, 6, 4) (40, 30, 28) (1, 34, 7) (25, 10, 31) "
"OP(16,8,5,5,5,5,3,3)",0,Solved,"0,0580"," (4t+2)","0,0619","(\infty, 18, 34, 9, 23, 11, 3, 6, \infty, 30, 27, 35, 47, 33, 10, 42) (4, 13, 12, 45, 28, 37, 36, 21) (41, 14, 1, 5, 15) (17, 38, 25, 29, 39) (19, 8, 2, 7, 0) (43, 32, 26, 31, 24) (16, 44, 46) (40, 20, 22) "
"OP(4,8,4,4,4,5,5,16)",0,Solved,"0,0810"," (4t+2)","0,0849","(\infty, 17, \infty, 41) (4, 10, 12, 37, 28, 34, 36, 13) (8, 5, 35, 0) (32, 29, 11, 24) (16, 45, 40, 21) (22, 33, 43, 15, 1) (46, 9, 19, 39, 25) (18, 2, 14, 47, 6, 7, 3, 20, 42, 26, 38, 23, 30, 31, 27, 44) "
"OP(16,8,5,5,4,4,4,4)",0,Solved,"0,1170"," (4t+2)","0,1205","(\infty, 31, 6, 42, 33, 22, 4, 37, \infty, 13, 28, 46, 9, 18, 30, 7) (40, 47, 1, 29, 16, 23, 25, 5) (8, 34, 0, 45, 2) (32, 10, 24, 21, 26) (39, 38, 11, 43) (15, 14, 35, 19) (44, 27, 17, 36) (20, 3, 41, 12) "
"OP(16,8,5,5,4,3,3,3,3)",0,Solved,"0,0470"," (4t+2)","0,0509","(\infty, 9, 15, 12, 5, 13, 43, 21, \infty, 45, 19, 37, 29, 36, 39, 33) (7, 38, 2, 4, 31, 14, 26, 28) (8, 3, 23, 42, 17) (32, 27, 47, 18, 41) (22, 11, 46, 35) (6, 10, 20) (30, 34, 44) (0, 1, 16) (24, 25, 40) "
"OP(4,8,4,4,4,4,16,3,3)",0,Solved,"0,0520"," (4t+2)","0,0561","(\infty, 2, \infty, 26) (3, 4, 6, 10, 27, 28, 30, 34) (1, 7, 12, 15) (25, 31, 36, 39) (5, 14, 21, 40) (29, 38, 45, 16) (11, 22, 37, 9, 41, 19, 44, 23, 35, 46, 13, 33, 17, 43, 20, 47) (18, 0, 8) (42, 24, 32) "
"OP(4,8,4,16,3,3,3,3,3,3)",0,Solved,"0,1100"," (4t+2)","0,1141","(\infty, 13, \infty, 37) (0, 7, 46, 10, 24, 31, 22, 34) (11, 14, 35, 38) (42, 16, 41, 21, 8, 3, 4, 2, 18, 40, 17, 45, 32, 27, 28, 26) (5, 20, 1) (29, 44, 25) (12, 6, 43) (36, 30, 19) (47, 39, 9) (23, 15, 33) "
"OP(16,8,4,4,4,4,4,3,3)",0,Solved,"0,1230"," (4t+2)","0,1281","(\infty, 3, 22, 11, 39, 33, 38, 25, \infty, 1, 14, 9, 15, 35, 46, 27) (28, 31, 43, 29, 4, 7, 19, 5) (17, 16, 42, 24) (41, 40, 18, 0) (45, 30, 32, 36) (21, 6, 8, 12) (10, 26, 34, 2) (37, 20, 47) (13, 44, 23) "
"OP(16,8,4,4,3,3,3,3,3,3)",0,Solved,"0,0450"," (4t+2)","0,0490","(\infty, 2, 4, 7, 6, 12, 21, 42, \infty, 18, 45, 36, 30, 31, 28, 26) (16, 27, 41, 10, 40, 3, 17, 34) (9, 19, 47, 35) (33, 43, 23, 11) (15, 22, 38) (39, 46, 14) (0, 13, 8) (24, 37, 32) (1, 20, 5) (25, 44, 29) "
"OP(16,7,7,7,7,6)",0,Solved,"0,0640"," (4t+2)","0,0682","(\infty, 0, 10, 8, 2, 11, 15, 12, \infty, 36, 39, 35, 26, 32, 34, 24) (42, 6, 23, 46, 41, 1, 21) (18, 30, 47, 22, 17, 25, 45) (43, 9, 28, 44, 3, 14, 13) (19, 33, 4, 20, 27, 38, 37) (7, 40, 5, 31, 16, 29) "
"OP(16,7,7,7,7,3,3)",0,Solved,"0,1670"," (4t+2)","0,1706","(\infty, 2, 37, 3, 4, 6, 9, 14, \infty, 38, 33, 30, 28, 27, 13, 26) (46, 20, 12, 8, 1, 19, 34) (22, 44, 36, 32, 25, 43, 10) (40, 31, 11, 0, 17, 42, 21) (16, 7, 35, 24, 41, 18, 45) (5, 47, 15) (29, 23, 39) "
"OP(4,6,6,7,7,4,16)",0,Solved,"0,0440"," (4t+2)","0,0475","(\infty, 8, \infty, 32) (3, 17, 44, 12, 42, 23) (27, 41, 20, 36, 18, 47) (11, 16, 39, 22, 14, 10, 1) (35, 40, 15, 46, 38, 34, 25) (2, 13, 26, 37) (45, 19, 4, 5, 7, 0, 6, 9, 21, 43, 28, 29, 31, 24, 30, 33) "
"OP(4,6,7,7,5,5,16)",0,Solved,"0,0350"," (4t+2)","0,0395","(\infty, 16, \infty, 40) (7, 21, 47, 31, 45, 23) (3, 5, 18, 13, 4, 0, 6) (27, 29, 42, 37, 28, 24, 30) (19, 8, 1, 9, 34) (43, 32, 25, 33, 10) (44, 14, 2, 12, 11, 39, 22, 41, 20, 38, 26, 36, 35, 15, 46, 17) "
"OP(6,6,7,7,16,4,4)",0,Solved,"0,0450"," (4t+2)","0,0489","(\infty, 8, 18, \infty, 42, 32) (9, 22, 13, 33, 46, 37) (6, 10, 17, 5, 0, 2, 3) (30, 34, 41, 29, 24, 26, 27) (43, 12, 23, 38, 16, 39, 21, 35, 19, 36, 47, 14, 40, 15, 45, 11) (7, 1, 20, 28) (31, 25, 44, 4) "
"OP(4,6,7,7,4,16,3,3)",0,Solved,"0,0970"," (4t+2)","0,1011","(\infty, 13, \infty, 37) (38, 36, 47, 14, 12, 23) (44, 40, 33, 41, 46, 4, 35) (20, 16, 9, 17, 22, 28, 11) (5, 39, 29, 15) (8, 26, 45, 42, 10, 30, 7, 19, 32, 2, 21, 18, 34, 6, 31, 43) (27, 1, 0) (3, 25, 24) "
"OP(4,7,7,5,5,6,16)",0,Solved,"0,0640"," (4t+2)","0,0693","(\infty, 36, \infty, 12) (24, 2, 30, 9, 14, 28, 18) (0, 26, 6, 33, 38, 4, 42) (8, 45, 47, 43, 27) (32, 21, 23, 19, 3) (35, 17, 10, 11, 41, 34) (37, 25, 22, 7, 15, 40, 5, 44, 13, 1, 46, 31, 39, 16, 29, 20) "
"OP(16,7,7,6,6,4,4)",0,Solved,"0,0440"," (4t+2)","0,0479","(\infty, 19, 35, 17, 5, 3, 12, 23, \infty, 47, 36, 27, 29, 41, 11, 43) (7, 4, 0, 15, 16, 6, 1) (31, 28, 24, 39, 40, 30, 25) (37, 8, 22, 9, 2, 10) (13, 32, 46, 33, 26, 34) (14, 42, 20, 45) (38, 18, 44, 21) "
"OP(16,7,7,6,5,5,4)",0,Solved,"0,1480"," (4t+2)","0,1528","(\infty, 2, 0, 1, 4, 45, 12, 16, \infty, 40, 36, 21, 28, 25, 24, 26) (8, 19, 33, 11, 38, 20, 39) (32, 43, 9, 35, 14, 44, 15) (5, 41, 6, 29, 17, 30) (3, 46, 7, 13, 23) (27, 22, 31, 37, 47) (34, 42, 10, 18) "
"OP(4,7,7,5,5,16,3,3)",0,Solved,"0,0800"," (4t+2)","0,0839","(\infty, 29, \infty, 5) (9, 20, 38, 30, 40, 46, 45) (33, 44, 14, 6, 16, 22, 21) (39, 42, 3, 1, 26) (15, 18, 27, 25, 2) (12, 41, 24, 8, 13, 47, 43, 10, 36, 17, 0, 32, 37, 23, 19, 34) (11, 31, 4) (35, 7, 28) "
"OP(16,7,7,6,4,4,3,3)",0,Solved,"0,0550"," (4t+2)","0,0593","(\infty, 5, 13, 22, 6, 16, 33, 19, \infty, 43, 9, 40, 30, 46, 37, 29) (7, 4, 0, 2, 3, 18, 12) (31, 28, 24, 26, 27, 42, 36) (10, 21, 47, 34, 45, 23) (38, 15, 35, 17) (14, 39, 11, 41) (1, 20, 8) (25, 44, 32) "
"OP(16,7,7,5,5,5,5)",0,Solved,"0,0620"," (4t+2)","0,0658","(\infty, 3, 4, 6, 9, 41, 21, 43, \infty, 19, 45, 17, 33, 30, 28, 27) (5, 1, 15, 26, 13, 8, 14) (29, 25, 39, 2, 37, 32, 38) (23, 42, 11, 36, 44) (47, 18, 35, 12, 20) (40, 7, 0, 10, 22) (16, 31, 24, 34, 46) "
"OP(16,7,7,5,5,4,3,3)",0,Solved,"0,4570"," (4t+2)","0,4599","(\infty, 9, 24, 11, 22, 6, 15, 45, \infty, 21, 39, 30, 46, 35, 0, 33) (8, 37, 36, 43, 20, 17, 29) (32, 13, 12, 19, 44, 41, 5) (10, 2, 16, 14, 4) (34, 26, 40, 38, 28) (3, 7, 27, 31) (23, 1, 18) (47, 25, 42) "
"OP(4,7,7,4,4,4,4,16)",0,Solved,"0,0810"," (4t+2)","0,0856","(\infty, 1, \infty, 25) (2, 3, 5, 8, 13, 31, 16) (26, 27, 29, 32, 37, 7, 40) (4, 10, 17, 0) (28, 34, 41, 24) (6, 35, 46, 19) (30, 11, 22, 43) (36, 45, 33, 23, 39, 14, 42, 20, 12, 21, 9, 47, 15, 38, 18, 44) "
"OP(4,7,7,4,16,3,3,3,3)",0,Solved,"0,0410"," (4t+2)","0,0463","(\infty, 41, \infty, 17) (40, 19, 37, 28, 29, 22, 18) (16, 43, 13, 4, 5, 46, 42) (11, 27, 35, 3) (8, 23, 12, 14, 1, 39, 10, 7, 32, 47, 36, 38, 25, 15, 34, 31) (0, 20, 6) (24, 44, 30) (45, 33, 2) (21, 9, 26) "
"OP(16,7,7,4,4,4,4,4)",0,Solved,"0,4950"," (4t+2)","0,4994","(\infty, 14, 44, 11, 37, 21, 41, 12, \infty, 36, 17, 45, 13, 35, 20, 38) (4, 15, 32, 46, 19, 7, 2) (28, 39, 8, 22, 43, 31, 26) (18, 5, 1, 10) (42, 29, 25, 34) (9, 3, 6, 16) (33, 27, 30, 40) (0, 23, 24, 47) "
"OP(16,7,7,4,4,3,3,3,3)",0,Solved,"0,0420"," (4t+2)","0,0450","(\infty, 38, 3, 19, 40, 23, 42, 20, \infty, 44, 18, 47, 16, 43, 27, 14) (13, 21, 46, 32, 17, 12, 1) (37, 45, 22, 8, 41, 36, 25) (2, 9, 39, 11) (26, 33, 15, 35) (4, 5, 7) (28, 29, 31) (0, 10, 6) (24, 34, 30) "
"OP(4,6,6,6,6,6,16)",0,Solved,"0,0500"," (4t+2)","0,0539","(\infty, 18, \infty, 42) (43, 14, 5, 3, 6, 11) (19, 38, 29, 27, 30, 35) (15, 4, 0, 13, 46, 36) (39, 28, 24, 37, 22, 12) (1, 7, 8, 25, 31, 32) (21, 9, 2, 10, 44, 16, 41, 23, 45, 33, 26, 34, 20, 40, 17, 47) "
"OP(6,6,6,6,6,16,4)",0,Solved,"0,0470"," (4t+2)","0,0521","(\infty, 7, 17, \infty, 41, 31) (9, 14, 34, 23, 39, 22) (33, 38, 10, 47, 15, 46) (4, 0, 2, 3, 6, 12) (28, 24, 26, 27, 30, 36) (13, 43, 18, 40, 21, 35, 8, 1, 37, 19, 42, 16, 45, 11, 32, 25) (20, 5, 44, 29) "
"OP(4,6,6,6,6,16,3,3)",0,Solved,"0,1020"," (4t+2)","0,1058","(\infty, 16, \infty, 40) (3, 5, 22, 45, 18, 2) (27, 29, 46, 21, 42, 26) (47, 12, 19, 33, 14, 32) (23, 36, 43, 9, 38, 8) (25, 13, 41, 15, 11, 6, 0, 10, 1, 37, 17, 39, 35, 30, 24, 34) (7, 44, 4) (31, 20, 28) "
"OP(6,6,6,6,16,5,5)",0,Solved,"0,0530"," (4t+2)","0,0561","(\infty, 2, 4, \infty, 28, 26) (5, 9, 14, 22, 37, 16) (29, 33, 38, 46, 13, 40) (27, 7, 6, 3, 31, 30) (12, 43, 11, 21, 15, 41, 18, 0, 36, 19, 35, 45, 39, 17, 42, 24) (47, 8, 1, 20, 34) (23, 32, 25, 44, 10) "
"OP(6,6,6,6,16,4,3,3)",0,Solved,"0,2200"," (4t+2)","0,2239","(\infty, 18, 10, \infty, 34, 42) (2, 7, 11, 4, 3, 0) (26, 31, 35, 28, 27, 24) (19, 40, 8, 43, 16, 32) (20, 9, 47, 14, 5, 22, 41, 21, 44, 33, 23, 38, 29, 46, 17, 45) (30, 12, 6, 36) (15, 37, 1) (39, 13, 25) "
"OP(4,6,6,6,4,4,4,16)",0,Solved,"0,0390"," (4t+2)","0,0428","(\infty, 12, \infty, 36) (3, 11, 21, 42, 8, 23) (27, 35, 45, 18, 32, 47) (46, 15, 44, 22, 39, 20) (19, 14, 10, 1) (43, 38, 34, 25) (2, 13, 26, 37) (17, 40, 4, 5, 7, 0, 6, 9, 41, 16, 28, 29, 31, 24, 30, 33) "
"OP(4,6,6,6,16,3,3,3,3)",0,Solved,"0,0480"," (4t+2)","0,0515","(\infty, 2, \infty, 26) (3, 4, 6, 9, 1, 7) (27, 28, 30, 33, 25, 31) (8, 15, 41, 32, 39, 17) (10, 20, 35, 21, 37, 14, 43, 22, 34, 44, 11, 45, 13, 38, 19, 46) (12, 40, 23) (36, 16, 47) (18, 0, 5) (42, 24, 29) "
"OP(6,6,6,16,5,5,3,3)",0,Solved,"0,1310"," (4t+2)","0,1354","(\infty, 13, 39, \infty, 15, 37) (21, 0, 16, 1, 4, 3) (45, 24, 40, 25, 28, 27) (18, 41, 22, 14, 34, 32, 44, 7, 42, 17, 46, 38, 10, 8, 20, 31) (43, 12, 5, 47, 9) (19, 36, 29, 23, 33) (2, 6, 11) (26, 30, 35) "
"OP(4,6,6,5,5,4,4,16)",0,Solved,"0,0600"," (4t+2)","0,0668","(\infty, 4, \infty, 28) (5, 6, 2, 16, 37, 7) (29, 30, 26, 40, 13, 31) (8, 3, 10, 23, 14) (32, 27, 34, 47, 38) (11, 0, 36, 21) (35, 24, 12, 45) (43, 46, 18, 1, 9, 41, 15, 44, 19, 22, 42, 25, 33, 17, 39, 20) "
"OP(6,6,6,16,4,4,4,4)",0,Solved,"0,0630"," (4t+2)","0,0665","(\infty, 39, 27, \infty, 3, 15) (7, 33, 43, 24, 4, 37) (31, 9, 19, 0, 28, 13) (46, 47, 38, 45, 34, 26, 40, 35, 22, 23, 14, 21, 10, 2, 16, 11) (30, 5, 32, 36) (6, 29, 8, 12) (25, 42, 44, 41) (1, 18, 20, 17) "
"OP(6,6,6,16,4,3,3,3,3)",0,Solved,"0,1960"," (4t+2)","0,2010","(\infty, 2, 24, \infty, 0, 26) (4, 42, 41, 6, 21, 12) (28, 18, 17, 30, 45, 36) (13, 1, 31, 3, 5, 9, 20, 23, 37, 25, 7, 27, 29, 33, 44, 47) (8, 15, 32, 39) (35, 16, 10) (11, 40, 34) (22, 43, 38) (46, 19, 14) "
"OP(4,6,6,4,4,4,16,3,3)",0,Solved,"0,0430"," (4t+2)","0,0476","(\infty, 16, \infty, 40) (1, 2, 43, 0, 4, 46) (25, 26, 19, 24, 28, 22) (45, 12, 29, 6) (21, 36, 5, 30) (11, 3, 35, 27) (7, 34, 23, 9, 38, 20, 8, 18, 31, 10, 47, 33, 14, 44, 32, 42) (15, 17, 37) (39, 41, 13) "
"OP(4,6,6,16,3,3,3,3,3,3)",0,Solved,"0,0980"," (4t+2)","0,1022","(\infty, 22, \infty, 46) (0, 15, 7, 2, 33, 21) (24, 39, 31, 26, 9, 45) (30, 19, 35, 36, 14, 27, 13, 4, 6, 43, 11, 12, 38, 3, 37, 28) (5, 8, 1) (29, 32, 25) (40, 20, 10) (16, 44, 34) (42, 23, 17) (18, 47, 41) "
"OP(4,6,5,5,5,5,4,16)",0,Solved,"0,0420"," (4t+2)","0,0466","(\infty, 13, \infty, 37) (14, 5, 8, 38, 29, 32) (10, 17, 31, 12, 2) (34, 41, 7, 36, 26) (0, 4, 9, 3, 1) (24, 28, 33, 27, 25) (19, 6, 43, 30) (42, 16, 44, 11, 23, 39, 22, 45, 18, 40, 20, 35, 47, 15, 46, 21) "
"OP(6,6,16,5,5,4,4,4)",0,Solved,"0,0600"," (4t+2)","0,0645","(\infty, 12, 6, \infty, 30, 36) (7, 9, 47, 31, 33, 23) (42, 15, 0, 1, 41, 5, 22, 4, 18, 39, 24, 25, 17, 29, 46, 28) (19, 45, 16, 3, 44) (43, 21, 40, 27, 20) (11, 8, 13, 2) (35, 32, 37, 26) (38, 10, 14, 34) "
"OP(6,6,16,5,5,3,3,3,3)",0,Solved,"0,1400"," (4t+2)","0,1456","(\infty, 45, 9, \infty, 33, 21) (2, 4, 13, 26, 28, 37) (6, 7, 39, 46, 16, 43, 18, 44, 30, 31, 15, 22, 40, 19, 42, 20) (10, 41, 12, 23, 38) (34, 17, 36, 47, 14) (1, 5, 11) (25, 29, 35) (3, 0, 8) (27, 24, 32) "
"OP(4,6,5,5,4,4,16,3,3)",0,Solved,"0,0980"," (4t+2)","0,1020","(\infty, 11, \infty, 35) (41, 15, 46, 17, 39, 22) (23, 3, 8, 18, 10) (47, 27, 32, 42, 34) (12, 44, 21, 6) (36, 20, 45, 30) (7, 0, 9, 43, 16, 14, 2, 13, 31, 24, 33, 19, 40, 38, 26, 37) (1, 4, 5) (25, 28, 29) "
"OP(6,6,16,4,4,4,4,3,3)",0,Solved,"0,0500"," (4t+2)","0,0538","(\infty, 13, 47, \infty, 23, 37) (15, 45, 16, 39, 21, 40) (33, 18, 8, 20, 41, 10, 38, 22, 9, 42, 32, 44, 17, 34, 14, 46) (1, 2, 11, 7) (25, 26, 35, 31) (19, 30, 4, 12) (43, 6, 28, 36) (0, 5, 3) (24, 29, 27) "
"OP(6,6,16,4,3,3,3,3,3,3)",0,Solved,"0,2540"," (4t+2)","0,2592","(\infty, 28, 46, \infty, 22, 4) (31, 27, 47, 7, 3, 23) (30, 35, 41, 42, 45, 29, 0, 15, 6, 11, 17, 18, 21, 5, 24, 39) (36, 25, 12, 1) (44, 10, 32) (20, 34, 8) (38, 13, 40) (14, 37, 16) (43, 26, 33) (19, 2, 9) "
"OP(4,6,4,4,4,4,4,4,16)",0,Solved,"0,0410"," (4t+2)","0,0451","(\infty, 15, \infty, 39) (35, 10, 37, 11, 34, 13) (3, 5, 17, 9) (27, 29, 41, 33) (4, 0, 16, 7) (28, 24, 40, 31) (6, 1, 8, 19) (30, 25, 32, 43) (46, 12, 2, 20, 21, 38, 23, 42, 22, 36, 26, 44, 45, 14, 47, 18) "
"OP(4,6,4,4,4,16,3,3,3,3)",0,Solved,"0,0660"," (4t+2)","0,0703","(\infty, 44, \infty, 20) (5, 2, 9, 29, 26, 33) (47, 46, 11, 30) (23, 22, 35, 6) (4, 10, 28, 34) (16, 8, 12, 1, 3, 17, 43, 31, 40, 32, 36, 25, 27, 41, 19, 7) (38, 0, 15) (14, 24, 39) (18, 45, 13) (42, 21, 37) "
"OP(4,6,16,3,3,3,3,3,3,3,3)",0,Solved,"0,2080"," (4t+2)","0,2125","(\infty, 45, \infty, 21) (29, 34, 16, 5, 10, 40) (3, 36, 37, 2, 6, 18, 41, 44, 27, 12, 13, 26, 30, 42, 17, 20) (24, 46, 8) (0, 22, 32) (1, 28, 35) (25, 4, 11) (7, 9, 15) (31, 33, 39) (47, 19, 38) (23, 43, 14) "
"OP(16,6,6,6,6,6,4)",0,Solved,"0,0600"," (4t+2)","0,0642","(\infty, 22, 21, 47, 17, 3, 16, 0, \infty, 24, 40, 27, 41, 23, 45, 46) (39, 18, 37, 14, 7, 19) (15, 42, 13, 38, 31, 43) (6, 1, 9, 20, 10, 4) (30, 25, 33, 44, 34, 28) (12, 8, 5, 36, 32, 29) (11, 2, 35, 26) "
"OP(16,6,6,6,6,5,5)",0,Solved,"0,1140"," (4t+2)","0,1179","(\infty, 39, 6, 36, 13, 45, 9, 19, \infty, 43, 33, 21, 37, 12, 30, 15) (42, 20, 7, 38, 11, 22) (18, 44, 31, 14, 35, 46) (1, 4, 23, 16, 10, 5) (25, 28, 47, 40, 34, 29) (2, 0, 8, 17, 3) (26, 24, 32, 41, 27) "
"OP(16,6,6,6,6,4,3,3)",0,Solved,"0,1730"," (4t+2)","0,1765","(\infty, 19, 44, 22, 41, 23, 39, 33, \infty, 9, 15, 47, 17, 46, 20, 43) (16, 5, 1, 8, 7, 21) (40, 29, 25, 32, 31, 45) (34, 42, 11, 38, 3, 6) (10, 18, 35, 14, 27, 30) (37, 28, 13, 4) (0, 2, 12) (24, 26, 36) "
"OP(16,6,6,6,5,5,3,3)",0,Solved,"0,1340"," (4t+2)","0,1382","(\infty, \infty, 23, 0, 10, 11, 5, 22, 43, 19, 46, 29, 35, 34, 24, 47) (12, 41, 15, 7, 20, 8) (36, 17, 39, 31, 44, 32) (9, 14, 3, 33, 38, 27) (1, 21, 18, 2, 16) (25, 45, 42, 26, 40) (13, 4, 6) (37, 28, 30) "
"OP(4,5,5,6,6,4,4,16)",0,Solved,"0,0490"," (4t+2)","0,0541","(\infty, 1, \infty, 25) (3, 14, 9, 15, 22) (27, 38, 33, 39, 46) (5, 13, 30, 7, 35, 17) (29, 37, 6, 31, 11, 41) (0, 4, 2, 47) (24, 28, 26, 23) (8, 18, 40, 19, 10, 44, 12, 45, 32, 42, 16, 43, 34, 20, 36, 21) "
"OP(16,6,6,6,4,4,4,4)",0,Solved,"0,0740"," (4t+2)","0,0783","(\infty, 43, 12, 40, 21, 13, 6, 15, \infty, 39, 30, 37, 45, 16, 36, 19) (44, 9, 35, 23, 46, 14) (20, 33, 11, 47, 22, 38) (3, 2, 0, 27, 26, 24) (4, 10, 5, 1) (28, 34, 29, 25) (7, 18, 32, 17) (31, 42, 8, 41) "
"OP(16,6,6,6,4,3,3,3,3)",0,Solved,"0,0980"," (4t+2)","0,1032","(\infty, 26, 1, 42, 31, 3, 8, 14, \infty, 38, 32, 27, 7, 18, 25, 2) (5, 34, 4, 6, 9, 41) (29, 10, 28, 30, 33, 17) (19, 45, 35, 43, 21, 11) (15, 24, 39, 0) (12, 47, 46) (36, 23, 22) (13, 40, 44) (37, 16, 20) "
"OP(4,5,5,6,5,5,4,16)",0,Solved,"0,0580"," (4t+2)","0,0621","(\infty, 1, \infty, 25) (2, 3, 9, 5, 14) (26, 27, 33, 29, 38) (6, 16, 44, 30, 40, 20) (21, 10, 7, 0, 8) (45, 34, 31, 24, 32) (4, 47, 28, 23) (11, 13, 46, 15, 36, 18, 41, 19, 35, 37, 22, 39, 12, 42, 17, 43) "
"OP(16,6,6,5,5,4,4,4)",0,Solved,"0,0550"," (4t+2)","0,0584","(\infty, 8, 21, 13, 44, 23, 43, 14, \infty, 38, 19, 47, 20, 37, 45, 32) (15, 0, 18, 2, 7, 16) (39, 24, 42, 26, 31, 40) (5, 17, 6, 3, 1) (29, 41, 30, 27, 25) (4, 10, 33, 11) (28, 34, 9, 35) (12, 22, 36, 46) "
"OP(16,6,6,5,5,3,3,3,3)",0,Solved,"0,0960"," (4t+2)","0,1000","(\infty, 16, 30, 1, 8, 28, 46, 38, \infty, 14, 22, 4, 32, 25, 6, 40) (10, 9, 42, 47, 41, 19) (34, 33, 18, 23, 17, 43) (36, 11, 13, 45, 0) (12, 35, 37, 21, 24) (20, 7, 3) (44, 31, 27) (29, 39, 2) (5, 15, 26) "
"OP(4,5,5,6,4,4,16,3,3)",0,Solved,"0,0810"," (4t+2)","0,0842","(\infty, 21, \infty, 45) (10, 5, 7, 11, 2) (34, 29, 31, 35, 26) (38, 1, 46, 14, 25, 22) (18, 4, 16, 3) (42, 28, 40, 27) (37, 47, 6, 0, 17, 39, 20, 43, 13, 23, 30, 24, 41, 15, 44, 19) (9, 8, 36) (33, 32, 12) "
"OP(16,6,6,4,4,4,4,3,3)",0,Solved,"0,0470"," (4t+2)","0,0512","(\infty, 42, 22, 34, 4, 14, 43, 32, \infty, 8, 19, 38, 28, 10, 46, 18) (31, 47, 20, 37, 12, 45) (7, 23, 44, 13, 36, 21) (0, 2, 5, 1) (24, 26, 29, 25) (11, 3, 9, 16) (35, 27, 33, 40) (15, 6, 41) (39, 30, 17) "
"OP(16,6,6,4,3,3,3,3,3,3)",0,Solved,"0,1440"," (4t+2)","0,1485","(\infty, 44, 3, 26, 35, 36, 7, 38, \infty, 14, 31, 12, 11, 2, 27, 20) (39, 24, 37, 23, 41, 45) (15, 0, 13, 47, 17, 21) (6, 32, 30, 8) (9, 4, 1) (33, 28, 25) (16, 43, 5) (40, 19, 29) (46, 34, 18) (22, 10, 42) "
"OP(4,5,5,5,5,5,5,16)",0,Solved,"0,0440"," (4t+2)","0,0484","(\infty, 5, \infty, 29) (7, 8, 17, 34, 20) (31, 32, 41, 10, 44) (6, 12, 0, 18, 2) (30, 36, 24, 42, 26) (23, 16, 35, 15, 38) (47, 40, 11, 39, 14) (3, 1, 4, 9, 46, 19, 45, 37, 27, 25, 28, 33, 22, 43, 21, 13) "
"OP(16,6,5,5,5,5,4,4)",0,Solved,"0,0620"," (4t+2)","0,0659","(\infty, 41, 21, 39, 16, 38, 9, 47, \infty, 23, 33, 14, 40, 15, 45, 17) (1, 3, 4, 25, 27, 28) (2, 6, 22, 13, 5) (26, 30, 46, 37, 29) (0, 35, 18, 12, 7) (24, 11, 42, 36, 31) (19, 8, 20, 34) (43, 32, 44, 10) "
"OP(4,5,5,5,5,4,16,3,3)",0,Solved,"0,0700"," (4t+2)","0,0739","(\infty, 30, \infty, 6) (3, 0, 10, 23, 14) (27, 24, 34, 47, 38) (15, 43, 16, 12, 45) (39, 19, 40, 36, 21) (13, 5, 37, 29) (1, 7, 8, 20, 46, 17, 42, 11, 25, 31, 32, 44, 22, 41, 18, 35) (4, 2, 9) (28, 26, 33) "
"OP(16,6,5,5,4,4,4,3,3)",0,Solved,"0,1930"," (4t+2)","0,2017","(\infty, 40, 20, 36, 9, 4, 19, 8, \infty, 32, 43, 28, 33, 12, 44, 16) (1, 23, 17, 25, 47, 41) (0, 39, 10, 46, 2) (24, 15, 34, 22, 26) (3, 37, 7, 38) (27, 13, 31, 14) (6, 5, 30, 29) (21, 11, 18) (45, 35, 42) "
"OP(16,6,5,5,3,3,3,3,3,3)",0,Solved,"0,0430"," (4t+2)","0,0467","(\infty, 16, 11, 44, 23, 15, 41, 12, \infty, 36, 17, 39, 47, 20, 35, 40) (9, 45, 8, 33, 21, 32) (0, 18, 4, 6, 7) (24, 42, 28, 30, 31) (13, 19, 3) (37, 43, 27) (22, 2, 5) (46, 26, 29) (14, 1, 10) (38, 25, 34) "
"OP(4,5,5,4,4,4,4,4,16)",0,Solved,"0,0580"," (4t+2)","0,0622","(\infty, 4, \infty, 28) (5, 6, 2, 15, 21) (29, 30, 26, 39, 45) (19, 8, 3, 10) (43, 32, 27, 34) (12, 31, 14, 0) (36, 7, 38, 24) (16, 18, 40, 42) (20, 41, 11, 1, 9, 37, 22, 47, 44, 17, 35, 25, 33, 13, 46, 23) "
"OP(4,5,5,4,4,16,3,3,3,3)",0,Solved,"0,1100"," (4t+2)","0,1144","(\infty, 43, \infty, 19) (32, 38, 27, 23, 33) (8, 14, 3, 47, 9) (17, 29, 37, 24) (41, 5, 13, 0) (40, 15, 42, 25, 28, 10, 36, 21, 16, 39, 18, 1, 4, 34, 12, 45) (26, 7, 35) (2, 31, 11) (30, 46, 44) (6, 22, 20) "
"OP(16,6,4,4,4,4,4,4,4)",0,Solved,"0,2550"," (4t+2)","0,2590","(\infty, 16, 41, 12, 14, 13, 19, 4, \infty, 28, 43, 37, 38, 36, 17, 40) (2, 11, 0, 26, 35, 24) (8, 21, 3, 20) (32, 45, 27, 44) (5, 15, 1, 9) (29, 39, 25, 33) (47, 42, 22, 6) (23, 18, 46, 30) (7, 10, 31, 34) "
"OP(16,6,4,4,4,4,3,3,3,3)",0,Solved,"0,2030"," (4t+2)","0,2075","(\infty, 9, 2, 4, 10, 20, 39, 7, \infty, 31, 15, 44, 34, 28, 26, 33) (1, 5, 14, 25, 29, 38) (23, 40, 22, 8) (47, 16, 46, 32) (43, 18, 45, 17) (19, 42, 21, 41) (6, 3, 11) (30, 27, 35) (13, 0, 12) (37, 24, 36) "
"OP(16,6,4,3,3,3,3,3,3,3,3)",0,Solved,"0,3000"," (4t+2)","0,3034","(\infty, 12, 21, 5, 18, 3, 2, 10, \infty, 34, 26, 27, 42, 29, 45, 36) (9, 23, 13, 33, 47, 37) (0, 6, 24, 30) (15, 46, 17) (39, 22, 41) (38, 11, 16) (14, 35, 40) (4, 8, 1) (28, 32, 25) (7, 44, 19) (31, 20, 43) "
"OP(16,5,5,5,5,5,5,4)",0,Solved,"0,1740"," (4t+2)","0,1785","(\infty, 3, 41, 5, 6, 19, 12, 33, \infty, 9, 36, 43, 30, 29, 17, 27) (0, 8, 10, 7, 11) (24, 32, 34, 31, 35) (22, 4, 47, 13, 39) (46, 28, 23, 37, 15) (44, 21, 2, 18, 38) (20, 45, 26, 42, 14) (1, 40, 25, 16) "
"OP(4,4,5,5,5,5,16,3,3)",0,Solved,"0,0850"," (4t+2)","0,0889","(\infty, 25, \infty, 1) (7, 13, 31, 37) (17, 6, 39, 43, 8) (41, 30, 15, 19, 32) (2, 40, 20, 42, 34) (26, 16, 44, 18, 10) (23, 9, 21, 38, 11, 12, 5, 28, 47, 33, 45, 14, 35, 36, 29, 4) (46, 0, 3) (22, 24, 27) "
"OP(16,5,5,5,5,4,4,3,3)",0,Solved,"0,0640"," (4t+2)","0,0679","(\infty, 3, 4, 6, 9, 22, 41, 5, \infty, 29, 17, 46, 33, 30, 28, 27) (10, 1, 18, 26, 44) (34, 25, 42, 2, 20) (8, 13, 23, 39, 14) (32, 37, 47, 15, 38) (36, 16, 43, 21) (12, 40, 19, 45) (0, 7, 11) (24, 31, 35) "
"OP(4,4,4,5,5,4,4,4,16)",0,Solved,"0,0800"," (4t+2)","0,0863","(\infty, 0, \infty, 24) (1, 10, 22, 44) (25, 34, 46, 20) (21, 39, 8, 16, 41) (45, 15, 32, 40, 17) (42, 13, 23, 9) (18, 37, 47, 33) (4, 31, 28, 7) (11, 5, 12, 14, 3, 2, 6, 19, 35, 29, 36, 38, 27, 26, 30, 43) "
"OP(4,4,4,5,5,16,3,3,3,3)",0,Solved,"0,0440"," (4t+2)","0,0484","(\infty, 10, \infty, 34) (26, 31, 0, 44) (2, 7, 24, 20) (25, 15, 37, 14, 22) (1, 39, 13, 38, 46) (6, 27, 43, 41, 40, 5, 11, 23, 30, 3, 19, 17, 16, 29, 35, 47) (8, 45, 36) (32, 21, 12) (4, 18, 33) (28, 42, 9) "
"OP(16,5,5,4,4,4,4,4,4)",0,Solved,"0,0830"," (4t+2)","0,0883","(\infty, 7, 2, 5, 4, 20, 3, 9, \infty, 33, 27, 44, 28, 29, 26, 31) (17, 45, 22, 12, 39) (41, 21, 46, 36, 15) (40, 0, 18, 11) (16, 24, 42, 35) (1, 13, 47, 14) (25, 37, 23, 38) (19, 10, 6, 8) (43, 34, 30, 32) "
"OP(16,5,5,4,4,4,3,3,3,3)",0,Solved,"0,1480"," (4t+2)","0,1519","(\infty, 35, 45, 14, 43, 13, 12, 33, \infty, 9, 36, 37, 19, 38, 21, 11) (40, 28, 8, 2, 17) (16, 4, 32, 26, 41) (10, 47, 1, 15) (34, 23, 25, 39) (6, 46, 30, 22) (5, 44, 18) (29, 20, 42) (0, 7, 3) (24, 31, 27) "
"OP(16,5,5,3,3,3,3,3,3,3,3)",0,Solved,"0,3360"," (4t+2)","0,3394","(\infty, 7, 12, 15, 44, 10, 11, 23, \infty, 47, 35, 34, 20, 39, 36, 31) (9, 16, 41, 1, 19) (33, 40, 17, 25, 43) (22, 2, 13) (46, 26, 37) (8, 30, 14) (32, 6, 38) (18, 5, 3) (42, 29, 27) (21, 0, 4) (45, 24, 28) "
"OP(4,4,4,4,4,4,4,16,3,3)",0,Solved,"0,1360"," (4t+2)","0,1408","(\infty, 9, \infty, 33) (14, 37, 5, 27) (38, 13, 29, 3) (45, 28, 39, 41) (21, 4, 15, 17) (22, 43, 2, 8) (46, 19, 26, 32) (20, 0, 40, 7, 12, 30, 18, 47, 44, 24, 16, 31, 36, 6, 42, 23) (10, 1, 11) (34, 25, 35) "
"OP(4,4,4,4,16,3,3,3,3,3,3)",0,Solved,"0,0990"," (4t+2)","0,1031","(\infty, 18, \infty, 42) (7, 20, 43, 22) (31, 44, 19, 46) (0, 5, 24, 29) (9, 1, 10, 17, 35, 23, 39, 13, 33, 25, 34, 41, 11, 47, 15, 37) (16, 12, 2) (40, 36, 26) (8, 45, 14) (32, 21, 38) (4, 6, 3) (28, 30, 27) "
"OP(16,4,4,4,4,4,4,4,3,3)",0,Solved,"0,1750"," (4t+2)","0,1791","(\infty, 15, 0, 29, 38, 37, 1, 9, \infty, 33, 25, 13, 14, 5, 24, 39) (46, 20, 43, 41) (22, 44, 19, 17) (3, 30, 12, 47) (27, 6, 36, 23) (8, 11, 31, 42) (32, 35, 7, 18) (4, 45, 28, 21) (40, 34, 2) (16, 10, 26) "
"OP(16,4,4,4,4,3,3,3,3,3,3)",0,Solved,"0,1300"," (4t+2)","0,1338","(\infty, 2, 19, 31, 15, 41, 14, 44, \infty, 20, 38, 17, 39, 7, 43, 26) (4, 47, 22, 18) (28, 23, 46, 42) (3, 5, 12, 6) (27, 29, 36, 30) (9, 37, 24) (33, 13, 0) (8, 16, 45) (32, 40, 21) (10, 1, 11) (34, 25, 35) "
"OP(16,4,3,3,3,3,3,3,3,3,3,3)",0,Solved,"0,2680"," (4t+2)","0,2728","(\infty, 5, 18, 20, 14, 15, 10, 31, \infty, 7, 34, 39, 38, 44, 42, 29) (2, 16, 26, 40) (19, 28, 36) (43, 4, 12) (35, 46, 23) (11, 22, 47) (3, 0, 33) (27, 24, 9) (45, 13, 17) (21, 37, 41) (30, 8, 1) (6, 32, 25) "
"OP(6,15,15,14)",0,Solved,"0,0560"," (4t+2)","0,0598","(\infty, 5, 13, \infty, 37, 29) (41, 23, 38, 22, 12, 7, 4, 0, 2, 3, 9, 16, 30, 43, 15) (17, 47, 14, 46, 36, 31, 28, 24, 26, 27, 33, 40, 6, 19, 39) (45, 18, 35, 10, 1, 20, 32, 21, 42, 11, 34, 25, 44, 8) "
"OP(16,6)",0,Solved,"0,0610"," (4t+2)","0,0657","(\infty, 41, 30, 15, 9, 5, 2, 7, \infty, 31, 26, 29, 33, 39, 6, 17) (4, 13, 23, 28, 37, 47) "
"OP(16,3,3)",0,Solved,"0,0540"," (4t+2)","0,0577","(\infty, \infty, 23, 13, 40, 8, 33, 46, 15, 39, 22, 9, 32, 16, 37, 47) (29, 3, 10) (5, 27, 34) "
"OP(8,12)",0,Solved,"0,0560"," (4t+2)","0,0605","(\infty, 15, 36, 19, \infty, 43, 12, 39) (41, 23, 4, 38, 10, 42, 17, 47, 28, 14, 34, 18) "
"OP(4,12,4)",0,Solved,"0,0810"," (4t+2)","0,0848","(\infty, 35, \infty, 11) (0, 1, 4, 14, 23, 41, 24, 25, 28, 38, 47, 17) (13, 21, 37, 45) "
"OP(16,14,12,8)",0,Solved,"0,0930"," (4t+2)","0,0974","(\infty, 3, 23, 42, 15, 14, 7, 41, \infty, 17, 31, 38, 39, 18, 47, 27) (4, 6, 11, 8, 43, 1, 10, 28, 30, 35, 32, 19, 25, 34) (16, 5, 13, 46, 21, 9, 40, 29, 37, 22, 45, 33) (0, 44, 12, 2, 24, 20, 36, 26) "
"OP(4,12,4)",0,Solved,"0,0760"," (4t+2)","0,0804","(\infty, 35, \infty, 11) (0, 1, 4, 14, 23, 41, 24, 25, 28, 38, 47, 17) (13, 21, 37, 45) "
"OP(16,14,12,4,4)",0,Solved,"0,0810"," (4t+2)","0,0846","(\infty, 30, 3, 0, 8, 7, 18, 40, \infty, 16, 42, 31, 32, 24, 27, 6) (38, 21, 12, 22, 10, 5, 1, 14, 45, 36, 46, 34, 29, 25) (9, 23, 39, 20, 43, 13, 33, 47, 15, 44, 19, 37) (11, 4, 2, 17) (35, 28, 26, 41) "
"OP(10,10)",0,Solved,"0,0530"," (4t+2)","0,0567","(\infty, 1, 2, 4, 9, \infty, 33, 28, 26, 25) (5, 16, 31, 19, 42, 29, 40, 7, 43, 18) "
"OP(4,10,6)",0,Solved,"0,0510"," (4t+2)","0,0557","(\infty, 1, \infty, 25) (2, 3, 9, 5, 13, 26, 27, 33, 29, 37) (6, 17, 45, 30, 41, 21) "
"OP(6,10,4)",0,Solved,"0,1010"," (4t+2)","0,1051","(\infty, 22, 8, \infty, 32, 46) (4, 0, 3, 5, 12, 28, 24, 27, 29, 36) (21, 13, 45, 37) "
"OP(4,10,3,3)",0,Solved,"0,0890"," (4t+2)","0,0929","(\infty, \infty, 23, 47) (45, 18, 38, 19, 8, 21, 42, 14, 43, 32) (31, 13, 3) (7, 37, 27) "
"OP(16,14,10,10)",0,Solved,"0,0770"," (4t+2)","0,0805","(\infty, 3, 4, 6, 9, 40, 21, 39, \infty, 15, 45, 16, 33, 30, 28, 27) (5, 1, 17, 26, 13, 8, 14, 29, 25, 41, 2, 37, 32, 38) (23, 43, 22, 36, 44, 18, 7, 0, 10, 35) (47, 19, 46, 12, 20, 42, 31, 24, 34, 11) "
"OP(4,10,6)",0,Solved,"0,0510"," (4t+2)","0,0554","(\infty, 1, \infty, 25) (2, 3, 9, 5, 13, 26, 27, 33, 29, 37) (6, 17, 45, 30, 41, 21) "
"OP(16,14,10,6,4)",0,Solved,"0,0780"," (4t+2)","0,0826","(\infty, 18, 43, 36, 39, 3, 37, 38, \infty, 14, 13, 27, 15, 12, 19, 42) (16, 20, 1, 23, 28, 17, 34, 40, 44, 25, 47, 4, 41, 10) (30, 2, 29, 11, 21, 6, 26, 5, 35, 45) (33, 46, 7, 9, 22, 31) (0, 32, 24, 8) "
"OP(16,14,10,5,5)",0,Solved,"0,0570"," (4t+2)","0,0616","(\infty, 3, 4, 6, 9, 18, 39, 17, \infty, 41, 15, 42, 33, 30, 28, 27) (5, 1, 19, 26, 13, 8, 14, 29, 25, 43, 2, 37, 32, 38) (23, 40, 20, 36, 7, 47, 16, 44, 12, 31) (22, 10, 0, 11, 45) (46, 34, 24, 35, 21) "
"OP(16,14,10,4,3,3)",0,Solved,"0,0690"," (4t+2)","0,0740","(\infty, 39, 20, 46, 12, 7, 24, 35, \infty, 11, 0, 31, 36, 22, 44, 15) (45, 18, 19, 4, 6, 2, 9, 21, 42, 43, 28, 30, 26, 33) (34, 16, 3, 13, 38, 10, 40, 27, 37, 14) (25, 41, 1, 17) (8, 5, 47) (32, 29, 23) "
"OP(4,8,8)",0,Solved,"0,0110"," (4t+2)","0,0152","(\infty, 1, \infty, 25) (4, 3, 6, 2, 0, 5, 17, 10) (28, 27, 30, 26, 24, 29, 41, 34) "
"OP(8,8,4)",0,Solved,"0,1510"," (4t+2)","0,1545","(\infty, 15, 42, 13, \infty, 37, 18, 39) (4, 2, 3, 0, 28, 26, 27, 24) (17, 8, 41, 32) "
"OP(6,8,6)",0,Solved,"0,0480"," (4t+2)","0,0524","(\infty, 2, 4, \infty, 28, 26) (5, 6, 11, 14, 29, 30, 35, 38) (34, 16, 27, 10, 40, 3) "
"OP(6,8,3,3)",0,Solved,"0,0480"," (4t+2)","0,0511","(\infty, 2, 4, \infty, 28, 26) (6, 7, 10, 42, 30, 31, 34, 18) (22, 16, 27) (46, 40, 3) "
"OP(4,8,4,4)",0,Solved,"0,0510"," (4t+2)","0,0547","(\infty, 22, \infty, 46) (8, 1, 2, 7, 32, 25, 26, 31) (6, 17, 34, 18) (30, 41, 10, 42) "
"OP(16,14,8,8,4)",0,Solved,"0,2030"," (4t+2)","0,2070","(\infty, 3, 45, 47, 7, 8, 34, 39, \infty, 15, 10, 32, 31, 23, 21, 27) (44, 37, 2, 38, 29, 33, 0, 20, 13, 26, 14, 5, 9, 24) (30, 11, 1, 18, 36, 4, 41, 16) (6, 35, 25, 42, 12, 28, 17, 40) (46, 43, 22, 19) "
"OP(6,7,7)",0,Solved,"0,0440"," (4t+2)","0,0476","(\infty, 42, 16, \infty, 40, 18) (34, 20, 41, 11, 3, 6, 15) (10, 44, 17, 35, 27, 30, 39) "
"OP(16,14,8,6,6)",0,Solved,"0,0460"," (4t+2)","0,0502","(\infty, 1, 4, 10, 3, 2, 0, 5, \infty, 29, 24, 26, 27, 34, 28, 25) (22, 44, 32, 18, 7, 17, 33, 46, 20, 8, 42, 31, 41, 9) (35, 14, 6, 15, 11, 38, 30, 39) (12, 45, 16, 47, 19, 37) (36, 21, 40, 23, 43, 13) "
"OP(16,14,8,6,3,3)",0,Solved,"0,0700"," (4t+2)","0,0733","(\infty, 1, 9, 11, 6, 5, 17, 43, \infty, 19, 41, 29, 30, 35, 33, 25) (22, 47, 14, 44, 16, 3, 12, 46, 23, 38, 20, 40, 27, 36) (13, 7, 0, 10, 37, 31, 24, 34) (39, 8, 4, 15, 32, 28) (18, 21, 2) (42, 45, 26) "
"OP(4,8,4,4)",0,Solved,"0,0510"," (4t+2)","0,0573","(\infty, 22, \infty, 46) (8, 1, 2, 7, 32, 25, 26, 31) (6, 17, 34, 18) (30, 41, 10, 42) "
"OP(16,14,8,4,4,4)",0,Solved,"0,0770"," (4t+2)","0,0826","(\infty, 33, 6, 38, 39, 8, 46, 13, \infty, 37, 22, 32, 15, 14, 30, 9) (44, 16, 3, 1, 26, 23, 42, 20, 40, 27, 25, 2, 47, 18) (43, 7, 21, 10, 19, 31, 45, 34) (0, 5, 12, 4) (24, 29, 36, 28) (17, 11, 41, 35) "
"OP(16,14,8,3,3,3,3)",0,Solved,"0,0380"," (4t+2)","0,0423","(\infty, 11, 3, 16, 37, 20, 39, 23, \infty, 47, 15, 44, 13, 40, 27, 35) (43, 21, 46, 32, 17, 12, 1, 19, 45, 22, 8, 41, 36, 25) (2, 9, 18, 38, 26, 33, 42, 14) (4, 5, 7) (28, 29, 31) (0, 10, 6) (24, 34, 30) "
"OP(16,14,7,7,6)",0,Solved,"0,0450"," (4t+2)","0,0495","(\infty, 11, 3, 10, 45, 15, 42, 19, \infty, 43, 18, 39, 21, 34, 27, 35) (14, 46, 20, 40, 23, 13, 1, 38, 22, 44, 16, 47, 37, 25) (2, 36, 17, 8, 4, 5, 7) (26, 12, 41, 32, 28, 29, 31) (0, 6, 9, 24, 30, 33) "
"OP(16,14,7,7,3,3)",0,Solved,"0,0460"," (4t+2)","0,0498","(\infty, 14, 3, 13, 40, 17, 45, 12, \infty, 36, 21, 41, 16, 37, 27, 38) (11, 42, 20, 39, 23, 10, 1, 35, 18, 44, 15, 47, 34, 25) (2, 7, 19, 22, 4, 5, 9) (26, 31, 43, 46, 28, 29, 33) (0, 8, 6) (24, 32, 30) "
"OP(4,6,6,4)",0,Solved,"0,0570"," (4t+2)","0,0606","(\infty, 36, \infty, 12) (43, 46, 47, 29, 6, 32) (19, 22, 23, 5, 30, 8) (38, 33, 14, 9) "
"OP(4,6,5,5)",0,Solved,"0,1300"," (4t+2)","0,1339","(\infty, 22, \infty, 46) (1, 9, 34, 25, 33, 10) (13, 35, 16, 29, 41) (37, 11, 40, 5, 17) "
"OP(6,6,4,4)",0,Solved,"0,1340"," (4t+2)","0,1381","(\infty, 45, 11, \infty, 35, 21) (2, 4, 9, 26, 28, 33) (18, 46, 16, 39) (42, 22, 40, 15) "
"OP(4,6,4,3,3)",0,Solved,"0,1000"," (4t+2)","0,1034","(\infty, 19, \infty, 43) (8, 0, 1, 32, 24, 25) (2, 39, 26, 15) (3, 5, 9) (27, 29, 33) "
"OP(4,5,5,6)",0,Solved,"0,0490"," (4t+2)","0,0533","(\infty, 1, \infty, 25) (2, 3, 9, 17, 6) (26, 27, 33, 41, 30) (5, 18, 43, 29, 42, 19) "
"OP(16,14,6,6,4,4)",0,Solved,"0,0620"," (4t+2)","0,0658","(\infty, 3, 4, 6, 9, 21, 39, 19, \infty, 43, 15, 45, 33, 30, 28, 27) (5, 1, 17, 26, 13, 8, 14, 29, 25, 41, 2, 37, 32, 38) (23, 40, 11, 36, 22, 44) (47, 16, 35, 12, 46, 20) (7, 0, 10, 18) (31, 24, 34, 42) "
"OP(16,14,6,5,5,4)",0,Solved,"0,0390"," (4t+2)","0,0426","(\infty, 17, 3, 6, 18, 44, 15, 47, \infty, 23, 39, 20, 42, 30, 27, 41) (10, 38, 21, 46, 33, 12, 1, 34, 14, 45, 22, 9, 36, 25) (2, 11, 16, 26, 35, 40) (8, 4, 5, 7, 0) (32, 28, 29, 31, 24) (13, 19, 37, 43) "
"OP(4,5,5,3,3)",0,Solved,"0,0470"," (4t+2)","0,0517","(\infty, 4, \infty, 28) (6, 16, 34, 45, 22) (30, 40, 10, 21, 46) (17, 38, 23) (41, 14, 47) "
"OP(16,14,6,4,4,3,3)",0,Solved,"0,0690"," (4t+2)","0,0733","(\infty, 3, 4, 6, 9, 46, 21, 43, \infty, 19, 45, 22, 33, 30, 28, 27) (5, 1, 40, 26, 13, 8, 14, 29, 25, 16, 2, 37, 32, 38) (23, 35, 7, 47, 11, 31) (36, 18, 39, 20) (12, 42, 15, 44) (0, 10, 17) (24, 34, 41) "
"OP(16,14,5,5,5,5)",0,Solved,"0,0540"," (4t+2)","0,0580","(\infty, 5, 40, 44, 32, 37, 46, 47, \infty, 23, 22, 13, 8, 20, 16, 29) (33, 3, 25, 39, 36, 26, 42, 9, 27, 1, 15, 12, 2, 18) (7, 30, 38, 45, 34) (31, 6, 14, 21, 10) (4, 35, 41, 43, 24) (28, 11, 17, 19, 0) "
"OP(16,14,5,5,4,3,3)",0,Solved,"0,1000"," (4t+2)","0,1063","(\infty, 27, 8, 15, 14, 17, 43, 7, \infty, 31, 19, 41, 38, 39, 32, 3) (25, 4, 20, 12, 2, 6, 21, 1, 28, 44, 36, 26, 30, 45) (13, 47, 22, 5, 18) (37, 23, 46, 29, 42) (10, 16, 34, 40) (0, 11, 9) (24, 35, 33) "
"OP(4,4,4,4,4)",0,Solved,"0,0250"," (4t+2)","0,0283","(\infty, 1, \infty, 25) (8, 3, 5, 2) (32, 27, 29, 26) (0, 10, 11, 4) (24, 34, 35, 28) "
"OP(4,4,3,3,3,3)",0,Solved,"0,1530"," (4t+2)","0,1589","(\infty, 29, \infty, 5) (3, 4, 27, 28) (9, 39, 44) (33, 15, 20) (30, 8, 21) (6, 32, 45) "
"OP(16,14,4,4,4,4,4)",0,Solved,"0,1050"," (4t+2)","0,1087","(\infty, 10, 16, 35, 27, 47, 13, 46, \infty, 22, 37, 23, 3, 11, 40, 34) (2, 33, 15, 6, 31, 42, 21, 26, 9, 39, 30, 7, 18, 45) (44, 12, 5, 8) (20, 36, 29, 32) (4, 14, 1, 0) (28, 38, 25, 24) (41, 43, 17, 19) "
"OP(16,14,4,4,3,3,3,3)",0,Solved,"0,0680"," (4t+2)","0,0721","(\infty, 26, 32, 5, 40, 4, 27, 44, \infty, 20, 3, 28, 16, 29, 8, 2) (31, 41, 25, 36, 38, 45, 37, 7, 17, 1, 12, 14, 21, 13) (24, 46, 43, 39) (0, 22, 19, 15) (6, 35, 34) (30, 11, 10) (42, 33, 47) (18, 9, 23) "
"OP(8,14)",0,Solved,"0,1440"," (4t+2)","0,1478","(\infty, 22, 42, 16, \infty, 40, 18, 46) (45, 13, 0, 4, 5, 19, 36, 21, 37, 24, 28, 29, 43, 12) "
"OP(4,14,4)",0,Solved,"0,0370"," (4t+2)","0,0416","(\infty, 1, \infty, 25) (4, 3, 6, 2, 0, 5, 11, 28, 27, 30, 26, 24, 29, 35) (19, 9, 43, 33) "
"OP(14,8)",0,Solved,"0,0710"," (4t+2)","0,0741","(\infty, 20, 0, 21, 40, 23, 10, \infty, 34, 47, 16, 45, 24, 44) (1, 3, 37, 22, 25, 27, 13, 46) "
"OP(15,14,13,5,3)",,Infeasible,,Table config is not valid,,
"OP(14,4,4)",0,Solved,"0,0590"," (4t+2)","0,0634","(\infty, 3, 4, 6, 9, 21, 43, \infty, 19, 45, 33, 30, 28, 27) (35, 15, 1, 22) (11, 39, 25, 46) "
"OP(10,12)",0,Solved,"0,0470"," (4t+2)","0,0509","(\infty, 15, 4, 13, 23, \infty, 47, 37, 28, 39) (2, 6, 3, 1, 7, 14, 26, 30, 27, 25, 31, 38) "
"OP(4,12,6)",0,Solved,"0,0430"," (4t+2)","0,0477","(\infty, 18, \infty, 42) (47, 13, 5, 3, 9, 10, 23, 37, 29, 27, 33, 34) (7, 4, 0, 31, 28, 24) "
"OP(6,12,4)",0,Solved,"0,1640"," (4t+2)","0,1681","(\infty, 41, 3, \infty, 27, 17) (4, 5, 45, 13, 22, 47, 28, 29, 21, 37, 46, 23) (34, 16, 10, 40) "
"OP(4,12,3,3)",0,Solved,"0,0880"," (4t+2)","0,0928","(\infty, 17, \infty, 41) (12, 1, 6, 7, 22, 44, 36, 25, 30, 31, 46, 20) (2, 32, 13) (26, 8, 37) "
"OP(12,10)",0,Solved,"0,0740"," (4t+2)","0,0776","(\infty, 18, 43, 15, 45, 16, \infty, 40, 21, 39, 19, 42) (7, 17, 30, 46, 34, 31, 41, 6, 22, 10) "
"OP(15,14,11,7,3)",,Infeasible,,Table config is not valid,,
"OP(12,6,4)",0,Solved,"0,1640"," (4t+2)","0,1677","(\infty, 18, 0, 44, 13, 4, \infty, 28, 37, 20, 24, 42) (19, 3, 9, 43, 27, 33) (6, 41, 30, 17) "
"OP(12,5,5)",0,Solved,"0,1010"," (4t+2)","0,1055","(\infty, 19, 8, 0, 1, 3, \infty, 27, 25, 24, 32, 43) (39, 4, 7, 2, 9) (15, 28, 31, 26, 33) "
"OP(12,4,3,3)",0,Solved,"0,0770"," (4t+2)","0,0812","(\infty, 43, 18, 38, 17, 47, \infty, 23, 41, 14, 42, 19) (16, 9, 40, 33) (5, 2, 0) (29, 26, 24) "
"OP(4,10,8)",0,Solved,"0,0430"," (4t+2)","0,0468","(\infty, 15, \infty, 39) (46, 13, 5, 3, 9, 22, 37, 29, 27, 33) (23, 7, 4, 0, 47, 31, 28, 24) "
"OP(8,10,4)",0,Solved,"0,0790"," (4t+2)","0,0840","(\infty, 2, 39, 38, \infty, 14, 15, 26) (21, 44, 34, 8, 36, 45, 20, 10, 32, 12) (9, 13, 33, 37) "
"OP(6,10,6)",0,Solved,"0,0510"," (4t+2)","0,0541","(\infty, 2, 4, \infty, 28, 26) (5, 6, 11, 14, 42, 29, 30, 35, 38, 18) (16, 27, 10, 40, 3, 34) "
"OP(6,10,3,3)",0,Solved,"0,0500"," (4t+2)","0,0540","(\infty, 5, 13, \infty, 37, 29) (8, 19, 39, 17, 47, 32, 43, 15, 41, 23) (7, 4, 0) (31, 28, 24) "
"OP(4,10,4,4)",0,Solved,"0,0780"," (4t+2)","0,0818","(\infty, 30, \infty, 6) (3, 0, 8, 21, 41, 27, 24, 32, 45, 17) (35, 16, 42, 12) (11, 40, 18, 36) "
"OP(4,9,9)",0,Solved,"0,0420"," (4t+2)","0,0478","(\infty, \infty, 23, 47) (34, 7, 20, 38, 12, 46, 15, 43, 18) (10, 31, 44, 14, 36, 22, 39, 19, 42) "
"OP(10,8,4)",0,Solved,"0,0530"," (4t+2)","0,0564","(\infty, 2, 4, 5, 10, \infty, 34, 29, 28, 26) (6, 9, 22, 16, 30, 33, 46, 40) (27, 17, 3, 41) "
"OP(15,14,9,7,5)",,Infeasible,,Table config is not valid,,
"OP(10,6,6)",0,Solved,"0,0530"," (4t+2)","0,0579","(\infty, 2, 3, 5, 8, \infty, 32, 29, 27, 26) (7, 1, 9, 16, 4, 17) (31, 25, 33, 40, 28, 41) "
"OP(10,6,3,3)",0,Solved,"0,0650"," (4t+2)","0,0700","(\infty, 3, 4, 6, 9, \infty, 33, 30, 28, 27) (10, 18, 45, 34, 42, 21) (15, 1, 16) (39, 25, 40) "
"OP(15,14,9,5,4,3)",,Infeasible,,Table config is not valid,,
"OP(10,4,4,4)",0,Solved,"0,1640"," (4t+2)","0,1700","(\infty, 18, 45, 17, 40, \infty, 16, 41, 21, 42) (39, 22, 34, 20) (15, 46, 10, 44) (11, 6, 35, 30) "
"OP(10,3,3,3,3)",0,Solved,"0,0540"," (4t+2)","0,0578","(\infty, 24, 43, 25, 40, \infty, 16, 1, 19, 0) (2, 33, 44) (26, 9, 20) (32, 6, 41) (8, 30, 17) "
"OP(6,8,8)",0,Solved,"0,0840"," (4t+2)","0,0878","(\infty, 0, 2, \infty, 26, 24) (3, 6, 5, 9, 15, 4, 16, 8) (27, 30, 29, 33, 39, 28, 40, 32) "
"OP(8,8,6)",0,Solved,"0,0820"," (4t+2)","0,0866","(\infty, 19, 42, 9, \infty, 33, 18, 43) (8, 20, 40, 11, 32, 44, 16, 35) (7, 2, 3, 31, 26, 27) "
"OP(8,8,3,3)",0,Solved,"0,0710"," (4t+2)","0,0745","(\infty, 37, 32, 5, \infty, 29, 8, 13) (47, 38, 35, 36, 23, 14, 11, 12) (34, 9, 40) (10, 33, 16) "
"OP(4,8,6,4)",0,Solved,"0,0510"," (4t+2)","0,0553","(\infty, 2, \infty, 26) (3, 4, 6, 10, 27, 28, 30, 34) (1, 9, 12, 25, 33, 36) (5, 15, 29, 39) "
"OP(4,8,5,5)",0,Solved,"0,0390"," (4t+2)","0,0458","(\infty, 21, \infty, 45) (20, 41, 19, 7, 44, 17, 43, 31) (2, 0, 18, 11, 3) (26, 24, 42, 35, 27) "
"OP(6,8,4,4)",0,Solved,"0,1880"," (4t+2)","0,1918","(\infty, 35, 1, \infty, 25, 11) (44, 2, 45, 46, 20, 26, 21, 22) (28, 0, 30, 41) (4, 24, 6, 17) "
"OP(4,8,4,3,3)",0,Solved,"0,0440"," (4t+2)","0,0478","(\infty, 10, \infty, 34) (11, 20, 41, 15, 35, 44, 17, 39) (12, 23, 36, 47) (7, 0, 18) (31, 24, 42) "
"OP(8,7,7)",0,Solved,"0,0650"," (4t+2)","0,0692","(\infty, 5, 42, 35, \infty, 11, 18, 29) (38, 7, 41, 43, 39, 6, 33) (14, 31, 17, 19, 15, 30, 9) "
"OP(4,7,7,4)",0,Solved,"0,0790"," (4t+2)","0,0824","(\infty, 0, \infty, 24) (2, 3, 7, 5, 8, 13, 19) (26, 27, 31, 29, 32, 37, 43) (4, 12, 28, 36) "
"OP(15,14,7,6,5,3)",,Infeasible,,Table config is not valid,,
"OP(8,6,4,4)",0,Solved,"0,0470"," (4t+2)","0,0509","(\infty, 9, 23, 43, \infty, 19, 47, 33) (8, 3, 1, 32, 27, 25) (0, 4, 7, 13) (24, 28, 31, 37) "
"OP(8,5,5,4)",0,Solved,"0,0460"," (4t+2)","0,0504","(\infty, 20, 47, 22, \infty, 46, 23, 44) (19, 35, 13, 41, 12) (43, 11, 37, 17, 36) (45, 15, 21, 39) "
"OP(15,14,7,5,3,3,3)",,Infeasible,,Table config is not valid,,
"OP(8,4,4,3,3)",0,Solved,"0,1100"," (4t+2)","0,1157","(\infty, 11, 45, 19, \infty, 43, 21, 35) (0, 10, 23, 38) (24, 34, 47, 14) (22, 13, 5) (46, 37, 29) "
"OP(4,6,6,6)",0,Solved,"0,0530"," (4t+2)","0,0566","(\infty, 4, \infty, 28) (5, 6, 2, 15, 13, 19) (29, 30, 26, 39, 37, 43) (8, 3, 10, 32, 27, 34) "
"OP(6,6,6,4)",0,Solved,"0,0750"," (4t+2)","0,0784","(\infty, 47, 13, \infty, 37, 23) (43, 15, 42, 7, 40, 17) (19, 39, 18, 31, 16, 41) (22, 3, 46, 27) "
"OP(4,6,6,3,3)",0,Solved,"0,0460"," (4t+2)","0,0501","(\infty, 2, \infty, 26) (4, 5, 7, 10, 17, 42) (28, 29, 31, 34, 41, 18) (16, 27, 14) (40, 3, 38) "
"OP(6,6,5,5)",0,Solved,"0,1300"," (4t+2)","0,1338","(\infty, 16, 44, \infty, 20, 40) (15, 1, 22, 39, 25, 46) (17, 9, 2, 4, 0) (41, 33, 26, 28, 24) "
"OP(6,6,4,3,3)",0,Solved,"0,3400"," (4t+2)","0,3442","(\infty, 19, 27, \infty, 3, 43) (9, 11, 0, 33, 35, 24) (45, 13, 21, 37) (42, 17, 5) (18, 41, 29) "
"OP(4,6,4,4,4)",0,Solved,"0,0530"," (4t+2)","0,0567","(\infty, 15, \infty, 39) (42, 16, 4, 18, 40, 28) (44, 12, 41, 13) (20, 36, 17, 37) (2, 5, 26, 29) "
"OP(4,6,3,3,3,3)",0,Solved,"0,0500"," (4t+2)","0,0539","(\infty, 24, \infty, 0) (25, 20, 39, 1, 44, 15) (45, 4, 5) (21, 28, 29) (7, 10, 22) (31, 34, 46) "
"OP(6,5,5,3,3)",0,Solved,"0,1650"," (4t+2)","0,1700","(\infty, 10, 6, \infty, 30, 34) (40, 18, 2, 12, 46) (16, 42, 26, 36, 22) (23, 8, 1) (47, 32, 25) "
"OP(4,5,5,4,4)",0,Solved,"0,0470"," (4t+2)","0,0513","(\infty, 2, \infty, 26) (4, 5, 7, 10, 18) (28, 29, 31, 34, 42) (47, 16, 27, 14) (23, 40, 3, 38) "
"OP(6,4,4,4,4)",0,Solved,"0,0420"," (4t+2)","0,0463","(\infty, 45, 19, \infty, 43, 21) (17, 31, 13, 38) (41, 7, 37, 14) (18, 47, 20, 35) (42, 23, 44, 11) "
"OP(6,4,3,3,3,3)",0,Solved,"0,0930"," (4t+2)","0,0978","(\infty, 10, 42, \infty, 18, 34) (0, 9, 24, 33) (20, 38, 23) (44, 14, 47) (43, 22, 39) (19, 46, 15) "
"OP(4,4,4,4,3,3)",0,Solved,"0,1030"," (4t+2)","0,1072","(\infty, 19, \infty, 43) (8, 0, 1, 3) (32, 24, 25, 27) (39, 2, 15, 26) (4, 7, 11) (28, 31, 35) "
"OP(4,3,3,3,3,3,3)",0,Solved,"0,1380"," (4t+2)","0,1415","(\infty, 44, \infty, 20) (42, 33, 35) (18, 9, 11) (23, 7, 32) (47, 31, 8) (38, 43, 6) (14, 19, 30) "
"OP(10,13,13,14)",0,Solved,"0,0560"," (4t+2)","0,0599","(\infty, 5, 13, 39, 19, \infty, 43, 15, 37, 29) (38, 22, 12, 7, 4, 0, 2, 3, 9, 16, 30, 41, 23) (14, 46, 36, 31, 28, 24, 26, 27, 33, 40, 6, 17, 47) (45, 18, 35, 10, 1, 20, 8, 21, 42, 11, 34, 25, 44, 32) "
"OP(4,13,13,6,14)",0,Solved,"0,0420"," (4t+2)","0,0454","(\infty, 37, \infty, 13) (1, 44, 38, 42, 29, 46, 26, 45, 35, 32, 41, 7, 23) (25, 20, 14, 18, 5, 22, 2, 21, 11, 8, 17, 31, 47) (4, 40, 39, 28, 16, 15) (24, 9, 34, 36, 43, 3, 30, 0, 33, 10, 12, 19, 27, 6) "
"OP(6,13,13,14,4)",0,Solved,"0,0720"," (4t+2)","0,0761","(\infty, 1, 41, \infty, 17, 25) (21, 40, 13, 0, 7, 2, 20, 9, 8, 23, 46, 12, 43) (45, 16, 37, 24, 31, 26, 44, 33, 32, 47, 22, 36, 19) (3, 5, 14, 4, 10, 42, 30, 27, 29, 38, 28, 34, 18, 6) (11, 15, 35, 39) "
"OP(4,13,13,14,3,3)",0,Solved,"0,0490"," (4t+2)","0,0549","(\infty, 14, \infty, 38) (3, 9, 18, 34, 46, 21, 40, 23, 41, 20, 7, 6, 1) (27, 33, 42, 10, 22, 45, 16, 47, 17, 44, 31, 30, 25) (2, 5, 19, 11, 4, 8, 36, 26, 29, 43, 35, 28, 32, 12) (0, 15, 37) (24, 39, 13) "
"OP(14,14,12,10)",0,Solved,"0,0480"," (4t+2)","0,0512","(\infty, 20, 47, 17, 40, 18, 4, \infty, 28, 42, 16, 41, 23, 44) (6, 7, 3, 8, 5, 38, 22, 30, 31, 27, 32, 29, 14, 46) (2, 9, 11, 0, 10, 39, 26, 33, 35, 24, 34, 15) (21, 1, 13, 19, 36, 45, 25, 37, 43, 12) "
"OP(15,13,12,7,3)",,Infeasible,,Table config is not valid,,
"OP(14,14,12,6,4)",0,Solved,"0,0750"," (4t+2)","0,0792","(\infty, 0, 17, 4, 29, 9, 42, \infty, 18, 33, 5, 28, 41, 24) (40, 6, 2, 44, 15, 22, 21, 16, 30, 26, 20, 39, 46, 45) (19, 8, 38, 12, 3, 11, 43, 32, 14, 36, 27, 35) (23, 25, 37, 47, 1, 13) (34, 7, 10, 31) "
"OP(14,14,12,5,5)",0,Solved,"0,0770"," (4t+2)","0,0820","(\infty, 35, 42, 25, 4, 37, 5, \infty, 29, 13, 28, 1, 18, 11) (6, 36, 45, 44, 9, 38, 2, 30, 12, 21, 20, 33, 14, 26) (32, 46, 24, 34, 39, 31, 8, 22, 0, 10, 15, 7) (3, 47, 41, 43, 40) (27, 23, 17, 19, 16) "
"OP(14,14,12,4,3,3)",0,Solved,"0,1950"," (4t+2)","0,1992","(\infty, 3, 13, 8, 2, 9, 5, \infty, 29, 33, 26, 32, 37, 27) (7, 4, 12, 42, 15, 6, 17, 31, 28, 36, 18, 39, 30, 41) (47, 11, 43, 20, 21, 40, 23, 35, 19, 44, 45, 16) (22, 0, 46, 24) (14, 34, 1) (38, 10, 25) "
"OP(14,14,11,11)",0,Solved,"0,0460"," (4t+2)","0,0499","(\infty, 47, 12, 27, 9, 10, 19, \infty, 43, 34, 33, 3, 36, 23) (2, 13, 20, 45, 7, 4, 30, 26, 37, 44, 21, 31, 28, 6) (5, 0, 8, 14, 35, 16, 18, 46, 15, 1, 17) (29, 24, 32, 38, 11, 40, 42, 22, 39, 25, 41) "
"OP(15,13,11,8,3)",,Infeasible,,Table config is not valid,,
"OP(15,13,11,7,4)",,Infeasible,,Table config is not valid,,
"OP(15,13,11,6,5)",,Infeasible,,Table config is not valid,,
"OP(15,13,11,5,3,3)",,Infeasible,,Table config is not valid,,
"OP(15,13,11,4,4,3)",,Infeasible,,Table config is not valid,,
"OP(15,13,10,9,3)",,Infeasible,,Table config is not valid,,
"OP(14,14,10,8,4)",0,Solved,"0,0440"," (4t+2)","0,0487","(\infty, 6, 17, 34, 47, 18, 8, \infty, 32, 42, 23, 10, 41, 30) (46, 20, 43, 15, 45, 11, 38, 22, 44, 19, 39, 21, 35, 14) (1, 2, 4, 7, 13, 25, 26, 28, 31, 37) (16, 9, 5, 0, 40, 33, 29, 24) (3, 12, 27, 36) "
"OP(15,13,10,7,5)",,Infeasible,,Table config is not valid,,
"OP(14,14,10,6,6)",0,Solved,"0,0460"," (4t+2)","0,0509","(\infty, 15, 4, 16, 31, 13, 47, \infty, 23, 37, 7, 40, 28, 39) (21, 41, 22, 43, 20, 36, 10, 45, 17, 46, 19, 44, 12, 34) (1, 2, 11, 18, 8, 25, 26, 35, 42, 32) (9, 14, 6, 0, 3, 5) (33, 38, 30, 24, 27, 29) "
"OP(14,14,10,6,3,3)",0,Solved,"0,1870"," (4t+2)","0,1911","(\infty, 17, 20, 36, 3, 16, 23, \infty, 47, 40, 27, 12, 44, 41) (5, 13, 11, 1, 22, 39, 30, 29, 37, 35, 25, 46, 15, 6) (38, 43, 31, 9, 34, 14, 19, 7, 33, 10) (42, 0, 4, 18, 24, 28) (2, 21, 32) (26, 45, 8) "
"OP(15,13,10,5,4,3)",,Infeasible,,Table config is not valid,,
"OP(14,14,10,4,4,4)",0,Solved,"0,2310"," (4t+2)","0,2345","(\infty, 27, 47, 16, 39, 36, 17, \infty, 41, 12, 15, 40, 23, 3) (31, 10, 42, 5, 45, 11, 46, 7, 34, 18, 29, 21, 35, 22) (0, 44, 14, 4, 9, 24, 20, 38, 28, 33) (43, 2, 1, 37) (19, 26, 25, 13) (30, 32, 6, 8) "
"OP(14,14,10,3,3,3,3)",0,Solved,"0,0610"," (4t+2)","0,0653","(\infty, 31, 24, 29, 17, 35, 45, \infty, 21, 11, 41, 5, 0, 7) (42, 20, 43, 23, 32, 16, 10, 18, 44, 19, 47, 8, 40, 34) (12, 25, 14, 28, 9, 36, 1, 38, 4, 33) (13, 46, 15) (37, 22, 39) (6, 3, 2) (30, 27, 26) "
"OP(14,14,9,9,4)",0,Solved,"0,0450"," (4t+2)","0,0486","(\infty, 9, 22, 7, 21, 38, 15, \infty, 39, 14, 45, 31, 46, 33) (16, 6, 5, 1, 4, 10, 19, 40, 30, 29, 25, 28, 34, 43) (20, 8, 3, 11, 18, 37, 17, 47, 36) (44, 32, 27, 35, 42, 13, 41, 23, 12) (0, 2, 24, 26) "
"OP(15,13,9,8,5)",,Infeasible,,Table config is not valid,,
"OP(15,13,9,7,6)",,Infeasible,,Table config is not valid,,
"OP(15,13,9,7,3,3)",,Infeasible,,Table config is not valid,,
"OP(15,13,9,6,4,3)",,Infeasible,,Table config is not valid,,
"OP(15,13,9,5,5,3)",,Infeasible,,Table config is not valid,,
"OP(15,13,9,5,4,4)",,Infeasible,,Table config is not valid,,
"OP(15,13,9,4,3,3,3)",,Infeasible,,Table config is not valid,,
"OP(14,14,8,8,6)",0,Solved,"0,0560"," (4t+2)","0,0599","(\infty, 12, 40, 11, 13, 8, 18, \infty, 42, 32, 37, 35, 16, 36) (1, 15, 2, 5, 14, 22, 47, 25, 39, 26, 29, 38, 46, 23) (6, 43, 10, 41, 20, 4, 0, 7) (30, 19, 34, 17, 44, 28, 24, 31) (21, 3, 9, 45, 27, 33) "
"OP(14,14,8,8,3,3)",0,Solved,"0,0440"," (4t+2)","0,0485","(\infty, 4, 14, 30, 47, 20, 40, \infty, 16, 44, 23, 6, 38, 28) (41, 12, 37, 22, 10, 21, 39, 17, 36, 13, 46, 34, 45, 15) (1, 2, 9, 18, 32, 19, 11, 7) (25, 26, 33, 42, 8, 43, 35, 31) (0, 5, 3) (24, 29, 27) "
"OP(14,14,8,7,7)",0,Solved,"0,0450"," (4t+2)","0,0485","(\infty, 33, 43, 12, 14, 47, 17, \infty, 41, 23, 38, 36, 19, 9) (28, 34, 27, 15, 35, 0, 1, 4, 10, 3, 39, 11, 24, 25) (42, 20, 31, 22, 18, 44, 7, 46) (26, 5, 30, 16, 32, 37, 45) (2, 29, 6, 40, 8, 13, 21) "
"OP(15,13,8,7,4,3)",,Infeasible,,Table config is not valid,,
"OP(15,13,8,6,5,3)",,Infeasible,,Table config is not valid,,
"OP(14,14,8,6,4,4)",0,Solved,"0,0440"," (4t+2)","0,0476","(\infty, 22, 39, 21, 43, 14, 42, \infty, 18, 38, 19, 45, 15, 46) (16, 6, 17, 44, 10, 23, 8, 40, 30, 41, 20, 34, 47, 32) (1, 2, 7, 13, 25, 26, 31, 37) (4, 11, 36, 28, 35, 12) (9, 0, 3, 5) (33, 24, 27, 29) "
"OP(14,14,8,5,5,4)",0,Solved,"0,0840"," (4t+2)","0,0890","(\infty, 35, 0, 1, 6, 14, 3, \infty, 27, 38, 30, 25, 24, 11) (19, 13, 34, 15, 33, 17, 5, 43, 37, 10, 39, 9, 41, 29) (46, 2, 4, 7, 22, 26, 28, 31) (12, 21, 44, 18, 32) (36, 45, 20, 42, 8) (16, 23, 40, 47) "
"OP(15,13,8,5,3,3,3)",,Infeasible,,Table config is not valid,,
"OP(14,14,8,4,4,3,3)",0,Solved,"0,0740"," (4t+2)","0,0786","(\infty, 9, 35, 15, 46, 16, 41, \infty, 17, 40, 22, 39, 11, 33) (2, 3, 0, 6, 13, 21, 42, 26, 27, 24, 30, 37, 45, 18) (1, 5, 7, 12, 25, 29, 31, 36) (34, 20, 8, 19) (10, 44, 32, 43) (23, 4, 14) (47, 28, 38) "
"OP(15,13,7,7,5,3)",,Infeasible,,Table config is not valid,,
"OP(14,14,7,7,4,4)",0,Solved,"0,0610"," (4t+2)","0,0668","(\infty, 19, 41, 14, 45, 10, 9, \infty, 33, 34, 21, 38, 17, 43) (15, 44, 16, 4, 12, 37, 23, 39, 20, 40, 28, 36, 13, 47) (8, 1, 5, 3, 6, 0, 18) (32, 25, 29, 27, 30, 24, 42) (7, 22, 11, 2) (31, 46, 35, 26) "
"OP(15,13,7,6,6,3)",,Infeasible,,Table config is not valid,,
"OP(15,13,7,6,5,4)",,Infeasible,,Table config is not valid,,
"OP(15,13,7,6,3,3,3)",,Infeasible,,Table config is not valid,,
"OP(15,13,7,5,5,5)",,Infeasible,,Table config is not valid,,
"OP(15,13,7,5,4,3,3)",,Infeasible,,Table config is not valid,,
"OP(15,13,7,4,4,4,3)",,Infeasible,,Table config is not valid,,
"OP(15,13,7,3,3,3,3,3)",,Infeasible,,Table config is not valid,,
"OP(14,14,6,6,6,4)",0,Solved,"0,1380"," (4t+2)","0,1438","(\infty, 46, 40, 45, 1, 34, 0, \infty, 24, 10, 25, 21, 16, 22) (43, 13, 3, 32, 29, 6, 17, 19, 37, 27, 8, 5, 30, 41) (47, 35, 36, 44, 18, 38) (23, 11, 12, 20, 42, 14) (4, 39, 7, 28, 15, 31) (2, 33, 26, 9) "
"OP(14,14,6,6,5,5)",0,Solved,"0,0510"," (4t+2)","0,0553","(\infty, 2, 4, 5, 17, 12, 38, \infty, 14, 36, 41, 29, 28, 26) (46, 16, 27, 7, 42, 21, 37, 22, 40, 3, 31, 18, 45, 13) (6, 23, 15, 19, 9, 0) (30, 47, 39, 43, 33, 24) (11, 8, 1, 20, 34) (35, 32, 25, 44, 10) "
"OP(14,14,6,6,4,3,3)",0,Solved,"0,2710"," (4t+2)","0,2747","(\infty, 10, 8, 23, 39, 9, 28, \infty, 4, 33, 15, 47, 32, 34) (13, 18, 5, 41, 7, 46, 6, 37, 42, 29, 17, 31, 22, 30) (0, 25, 3, 14, 35, 45) (24, 1, 27, 38, 11, 21) (12, 40, 36, 16) (2, 43, 44) (26, 19, 20) "
"OP(14,14,6,5,5,3,3)",0,Solved,"0,0590"," (4t+2)","0,0627","(\infty, 3, 4, 6, 9, 15, 45, \infty, 21, 39, 33, 30, 28, 27) (18, 10, 1, 16, 26, 13, 8, 42, 34, 25, 40, 2, 37, 32) (43, 23, 44, 19, 47, 20) (5, 36, 14, 46, 17) (29, 12, 38, 22, 41) (0, 7, 11) (24, 31, 35) "
"OP(15,13,6,5,4,4,3)",,Infeasible,,Table config is not valid,,
"OP(14,14,6,4,4,4,4)",0,Solved,"0,0950"," (4t+2)","0,0990","(\infty, 33, 36, 2, 37, 16, 11, \infty, 35, 40, 13, 26, 12, 9) (30, 29, 21, 31, 1, 20, 42, 6, 5, 45, 7, 25, 44, 18) (19, 4, 32, 43, 28, 8) (34, 3, 47, 41) (10, 27, 23, 17) (14, 46, 0, 39) (38, 22, 24, 15) "
"OP(14,14,6,4,3,3,3,3)",0,Solved,"0,3070"," (4t+2)","0,3108","(\infty, 14, 39, 35, 42, 31, 34, \infty, 10, 7, 18, 11, 15, 38) (17, 2, 16, 3, 8, 28, 9, 41, 26, 40, 27, 32, 4, 33) (19, 46, 44, 43, 22, 20) (30, 24, 6, 0) (23, 13, 1) (47, 37, 25) (5, 36, 45) (29, 12, 21) "
"OP(15,13,5,5,5,4,3)",,Infeasible,,Table config is not valid,,
"OP(14,14,5,5,4,4,4)",0,Solved,"0,0720"," (4t+2)","0,0753","(\infty, 5, 0, 38, 23, 44, 13, \infty, 37, 20, 47, 14, 24, 29) (12, 42, 19, 15, 6, 4, 1, 36, 18, 43, 39, 30, 28, 25) (22, 11, 45, 17, 10) (46, 35, 21, 41, 34) (31, 2, 3, 9) (7, 26, 27, 33) (8, 16, 32, 40) "
"OP(14,14,5,5,3,3,3,3)",0,Solved,"0,0510"," (4t+2)","0,0549","(\infty, 22, 5, 14, 11, 0, 2, \infty, 26, 24, 35, 38, 29, 46) (10, 44, 17, 1, 9, 19, 4, 34, 20, 41, 25, 33, 43, 28) (21, 47, 12, 40, 15) (45, 23, 36, 16, 39) (8, 3, 7) (32, 27, 31) (6, 13, 42) (30, 37, 18) "
"OP(15,13,5,4,4,3,3,3)",,Infeasible,,Table config is not valid,,
"OP(14,14,4,4,4,4,3,3)",0,Solved,"0,0490"," (4t+2)","0,0585","(\infty, 17, 45, 16, 46, 14, 39, \infty, 15, 38, 22, 40, 21, 41) (18, 8, 20, 37, 10, 23, 9, 42, 32, 44, 13, 34, 47, 33) (1, 2, 11, 7) (25, 26, 35, 31) (19, 30, 4, 12) (43, 6, 28, 36) (0, 5, 3) (24, 29, 27) "
"OP(14,14,4,3,3,3,3,3,3)",0,Solved,"0,1120"," (4t+2)","0,1166","(\infty, 38, 23, 13, 6, 34, 12, \infty, 36, 10, 30, 37, 47, 14) (40, 8, 44, 19, 46, 15, 45, 16, 32, 20, 43, 22, 39, 21) (18, 7, 42, 31) (2, 4, 1) (26, 28, 25) (0, 9, 5) (24, 33, 29) (3, 17, 11) (27, 41, 35) "
"OP(12,12,12,14)",0,Solved,"0,0490"," (4t+2)","0,0529","(\infty, 32, 11, 17, 28, 2, \infty, 26, 4, 41, 35, 8) (40, 37, 36, 5, 0, 34, 38, 46, 23, 25, 45, 30) (16, 13, 12, 29, 24, 10, 14, 22, 47, 1, 21, 6) (18, 9, 39, 20, 27, 43, 7, 42, 33, 15, 44, 3, 19, 31) "
"OP(4,12,12,8,14)",0,Solved,"0,0420"," (4t+2)","0,0467","(\infty, 22, \infty, 46) (13, 44, 12, 47, 19, 31, 16, 6, 17, 35, 21, 42) (37, 20, 36, 23, 43, 7, 40, 30, 41, 11, 45, 18) (1, 2, 10, 32, 25, 26, 34, 8) (38, 15, 9, 4, 0, 3, 5, 14, 39, 33, 28, 24, 27, 29) "
"OP(8,12,12,14,4)",0,Solved,"0,0640"," (4t+2)","0,0688","(\infty, 1, 5, 23, \infty, 47, 29, 25) (22, 44, 17, 14, 45, 9, 0, 11, 6, 4, 10, 3) (46, 20, 41, 38, 21, 33, 24, 35, 30, 28, 34, 27) (7, 15, 43, 8, 18, 2, 16, 31, 39, 19, 32, 42, 26, 40) (12, 13, 36, 37) "
"OP(6,12,12,6,14)",0,Solved,"0,0440"," (4t+2)","0,0483","(\infty, 21, 3, \infty, 27, 45) (11, 16, 32, 44, 17, 36, 19, 47, 22, 14, 10, 1) (35, 40, 8, 20, 41, 12, 43, 23, 46, 38, 34, 25) (2, 13, 39, 26, 37, 15) (18, 4, 5, 7, 0, 6, 9, 42, 28, 29, 31, 24, 30, 33) "
"OP(6,12,12,14,3,3)",0,Solved,"0,1650"," (4t+2)","0,1684","(\infty, 44, 30, \infty, 6, 20) (14, 1, 42, 45, 5, 47, 15, 35, 33, 0, 36, 19) (38, 25, 18, 21, 29, 23, 39, 11, 9, 24, 12, 43) (4, 13, 34, 8, 31, 2, 46, 28, 37, 10, 32, 7, 26, 22) (3, 40, 41) (27, 16, 17) "
"OP(4,12,12,4,4,14)",0,Solved,"0,0470"," (4t+2)","0,0510","(\infty, 1, \infty, 25) (2, 8, 9, 16, 29, 4, 38, 22, 12, 7, 3, 0) (26, 32, 33, 40, 5, 28, 14, 46, 36, 31, 27, 24) (19, 10, 47, 11) (43, 34, 23, 35) (6, 37, 18, 44, 17, 45, 15, 30, 13, 42, 20, 41, 21, 39) "
"OP(15,12,11,9,3)",,Infeasible,,Table config is not valid,,
"OP(12,12,14,8,4)",0,Solved,"0,1200"," (4t+2)","0,1244","(\infty, 19, 8, 0, 1, 3, \infty, 27, 25, 24, 32, 43) (39, 4, 7, 2, 9, 5, 15, 28, 31, 26, 33, 29) (10, 35, 13, 45, 12, 41, 20, 34, 11, 37, 21, 36, 17, 44) (18, 38, 47, 30, 42, 14, 23, 6) (22, 16, 46, 40) "
"OP(15,12,11,7,5)",,Infeasible,,Table config is not valid,,
"OP(12,12,14,6,6)",0,Solved,"0,0500"," (4t+2)","0,0549","(\infty, 1, 2, 4, 0, 3, \infty, 27, 24, 28, 26, 25) (23, 6, 13, 38, 19, 5, 47, 30, 37, 14, 43, 29) (32, 17, 44, 31, 15, 10, 18, 8, 41, 20, 7, 39, 34, 42) (9, 35, 46, 16, 36, 45) (33, 11, 22, 40, 12, 21) "
"OP(12,12,14,6,3,3)",0,Solved,"0,0830"," (4t+2)","0,0873","(\infty, 47, 19, 33, 18, 7, \infty, 31, 42, 9, 43, 23) (41, 12, 5, 1, 10, 40, 17, 36, 29, 25, 34, 16) (8, 2, 4, 14, 15, 46, 20, 32, 26, 28, 38, 39, 22, 44) (0, 13, 45, 24, 37, 21) (11, 6, 3) (35, 30, 27) "
"OP(15,12,11,5,4,3)",,Infeasible,,Table config is not valid,,
"OP(12,12,14,4,4,4)",0,Solved,"0,0410"," (4t+2)","0,0459","(\infty, 4, 7, 11, 6, 18, \infty, 42, 30, 35, 31, 28) (19, 33, 16, 27, 45, 17, 43, 9, 40, 3, 21, 41) (14, 46, 36, 23, 15, 34, 13, 38, 22, 12, 47, 39, 10, 37) (0, 2, 8, 1) (24, 26, 32, 25) (20, 5, 44, 29) "
"OP(12,12,14,3,3,3,3)",0,Solved,"0,0410"," (4t+2)","0,0447","(\infty, 18, 36, 22, 41, 10, \infty, 34, 17, 46, 12, 42) (4, 14, 23, 39, 19, 40, 28, 38, 47, 15, 43, 16) (7, 1, 2, 6, 13, 21, 8, 31, 25, 26, 30, 37, 45, 32) (20, 35, 9) (44, 11, 33) (3, 0, 5) (27, 24, 29) "
"OP(4,12,10,10,14)",0,Solved,"0,0440"," (4t+2)","0,0479","(\infty, 21, \infty, 45) (12, 38, 11, 23, 6, 20, 36, 14, 35, 47, 30, 44) (37, 17, 46, 31, 18, 8, 1, 2, 10, 19) (13, 41, 22, 7, 42, 32, 25, 26, 34, 43) (40, 15, 9, 4, 0, 3, 5, 16, 39, 33, 28, 24, 27, 29) "
"OP(10,12,10,14,4)",0,Solved,"0,0430"," (4t+2)","0,0472","(\infty, 6, 16, 34, 20, \infty, 44, 10, 40, 30) (22, 9, 41, 13, 42, 19, 46, 33, 17, 37, 18, 43) (15, 7, 5, 1, 2, 39, 31, 29, 25, 26) (12, 45, 23, 14, 8, 3, 0, 36, 21, 47, 38, 32, 27, 24) (4, 11, 28, 35) "
"OP(6,12,10,8,14)",0,Solved,"0,0940"," (4t+2)","0,0979","(\infty, 0, 2, \infty, 26, 24) (3, 6, 5, 9, 4, 10, 27, 30, 29, 33, 28, 34) (7, 14, 22, 8, 18, 31, 38, 46, 32, 42) (11, 20, 39, 19, 35, 44, 15, 43) (41, 16, 37, 25, 36, 21, 47, 17, 40, 13, 1, 12, 45, 23) "
"OP(8,12,10,14,6)",0,Solved,"0,0510"," (4t+2)","0,0552","(\infty, 1, 4, 11, \infty, 35, 28, 25) (3, 2, 0, 5, 9, 15, 27, 26, 24, 29, 33, 39) (6, 14, 23, 40, 19, 30, 38, 47, 16, 43) (7, 17, 32, 45, 22, 42, 13, 31, 41, 8, 21, 46, 18, 37) (20, 36, 10, 44, 12, 34) "
"OP(8,12,10,14,3,3)",0,Solved,"0,0910"," (4t+2)","0,0949","(\infty, 34, 13, 6, \infty, 30, 37, 10) (22, 7, 9, 14, 2, 47, 46, 31, 33, 38, 26, 23) (45, 15, 4, 18, 43, 21, 39, 28, 42, 19) (5, 40, 20, 3, 12, 8, 0, 29, 16, 44, 27, 36, 32, 24) (1, 17, 11) (25, 41, 35) "
"OP(4,12,10,6,4,14)",0,Solved,"0,0610"," (4t+2)","0,0673","(\infty, 18, \infty, 42) (0, 6, 8, 11, 22, 43, 24, 30, 32, 35, 46, 19) (12, 2, 16, 39, 3, 36, 26, 40, 15, 27) (17, 47, 21, 41, 23, 45) (1, 9, 25, 33) (31, 14, 10, 5, 4, 13, 20, 7, 38, 34, 29, 28, 37, 44) "
"OP(4,12,10,5,5,14)",0,Solved,"0,0500"," (4t+2)","0,0538","(\infty, 1, \infty, 25) (4, 3, 6, 2, 0, 5, 28, 27, 30, 26, 24, 29) (23, 34, 18, 9, 19, 47, 10, 42, 33, 43) (15, 32, 20, 13, 7) (39, 8, 44, 37, 31) (11, 41, 14, 40, 21, 36, 22, 35, 17, 38, 16, 45, 12, 46) "
"OP(6,12,10,14,4,4)",0,Solved,"0,0550"," (4t+2)","0,0607","(\infty, 2, 4, \infty, 28, 26) (5, 9, 14, 22, 37, 16, 29, 33, 38, 46, 13, 40) (27, 17, 23, 7, 6, 3, 41, 47, 31, 30) (18, 43, 15, 45, 36, 0, 11, 42, 19, 39, 21, 12, 24, 35) (8, 1, 20, 34) (32, 25, 44, 10) "
"OP(4,12,10,4,14,3,3)",0,Solved,"0,1760"," (4t+2)","0,1802","(\infty, 26, \infty, 2) (13, 45, 23, 36, 41, 38, 37, 21, 47, 12, 17, 14) (22, 18, 16, 6, 29, 46, 42, 40, 30, 5) (3, 9, 27, 33) (7, 15, 35, 24, 10, 19, 4, 31, 39, 11, 0, 34, 43, 28) (8, 1, 20) (32, 25, 44) "
"OP(6,12,9,9,14)",0,Solved,"0,0520"," (4t+2)","0,0559","(\infty, 46, 14, \infty, 38, 22) (35, 17, 37, 6, 20, 47, 11, 41, 13, 30, 44, 23) (45, 12, 31, 18, 8, 1, 2, 10, 19) (21, 36, 7, 42, 32, 25, 26, 34, 43) (40, 15, 9, 4, 0, 3, 5, 16, 39, 33, 28, 24, 27, 29) "
"OP(10,12,14,8,6)",0,Solved,"0,0400"," (4t+2)","0,0444","(\infty, 15, 40, 10, 41, \infty, 17, 34, 16, 39) (3, 5, 19, 11, 4, 0, 27, 29, 43, 35, 28, 24) (22, 9, 6, 1, 7, 8, 20, 46, 33, 30, 25, 31, 32, 44) (12, 2, 13, 45, 36, 26, 37, 21) (14, 47, 18, 38, 23, 42) "
"OP(10,12,14,8,3,3)",0,Solved,"0,0490"," (4t+2)","0,0532","(\infty, 5, 15, 31, 45, \infty, 21, 7, 39, 29) (37, 14, 9, 6, 4, 0, 13, 38, 33, 30, 28, 24) (2, 3, 10, 16, 42, 22, 43, 26, 27, 34, 40, 18, 46, 19) (8, 17, 35, 47, 32, 41, 11, 23) (1, 20, 12) (25, 44, 36) "
"OP(10,12,14,7,7)",0,Solved,"0,0460"," (4t+2)","0,0504","(\infty, 24, 46, 2, 36, \infty, 12, 26, 22, 0) (32, 45, 35, 3, 31, 38, 8, 21, 11, 27, 7, 14) (47, 42, 25, 6, 39, 33, 44, 23, 18, 1, 30, 15, 9, 20) (29, 4, 40, 41, 43, 34, 37) (5, 28, 16, 17, 19, 10, 13) "
"OP(15,12,9,7,4,3)",,Infeasible,,Table config is not valid,,
"OP(15,12,9,6,5,3)",,Infeasible,,Table config is not valid,,
"OP(10,12,14,6,4,4)",0,Solved,"0,0850"," (4t+2)","0,0889","(\infty, 16, 5, 43, 14, \infty, 38, 19, 29, 40) (4, 3, 12, 47, 20, 8, 28, 27, 36, 23, 44, 32) (21, 7, 10, 2, 9, 41, 15, 45, 31, 34, 26, 33, 17, 39) (1, 6, 0, 25, 30, 24) (46, 13, 11, 42) (22, 37, 35, 18) "
"OP(10,12,14,5,5,4)",0,Solved,"0,0810"," (4t+2)","0,0843","(\infty, 8, 7, 4, 2, \infty, 26, 28, 31, 32) (43, 35, 44, 22, 45, 15, 19, 11, 20, 46, 21, 39) (5, 38, 18, 1, 30, 36, 41, 29, 14, 42, 25, 6, 12, 17) (13, 34, 27, 16, 0) (37, 10, 3, 40, 24) (47, 9, 23, 33) "
"OP(15,12,9,5,3,3,3)",,Infeasible,,Table config is not valid,,
"OP(10,12,14,4,4,3,3)",0,Solved,"0,0510"," (4t+2)","0,0557","(\infty, 5, 15, 31, 45, \infty, 21, 7, 39, 29) (37, 14, 9, 6, 4, 0, 13, 38, 33, 30, 28, 24) (2, 3, 10, 16, 42, 22, 43, 26, 27, 34, 40, 18, 46, 19) (8, 17, 35, 23) (32, 41, 11, 47) (1, 20, 12) (25, 44, 36) "
"OP(8,12,8,8,14)",0,Solved,"0,0940"," (4t+2)","0,0978","(\infty, 17, 2, 3, \infty, 27, 26, 41) (1, 6, 8, 11, 18, 36, 25, 30, 32, 35, 42, 12) (34, 20, 14, 5, 45, 7, 23, 46) (10, 44, 38, 29, 21, 31, 47, 22) (37, 15, 43, 16, 33, 4, 0, 13, 39, 19, 40, 9, 28, 24) "
"OP(4,12,8,8,4,14)",0,Solved,"0,1170"," (4t+2)","0,1223","(\infty, 22, \infty, 46) (12, 13, 40, 30, 15, 29, 36, 37, 16, 6, 39, 5) (4, 47, 3, 31, 43, 21, 2, 10) (28, 23, 27, 7, 19, 45, 26, 34) (24, 11, 0, 35) (20, 18, 9, 32, 1, 17, 14, 44, 42, 33, 8, 25, 41, 38) "
"OP(15,12,8,7,5,3)",,Infeasible,,Table config is not valid,,
"OP(8,12,8,14,4,4)",0,Solved,"0,1940"," (4t+2)","0,1978","(\infty, 31, 8, 37, \infty, 13, 32, 7) (9, 22, 36, 5, 38, 43, 33, 46, 12, 29, 14, 19) (1, 41, 45, 47, 25, 17, 21, 23) (42, 6, 3, 4, 11, 0, 39, 18, 30, 27, 28, 35, 24, 15) (34, 2, 44, 16) (10, 26, 20, 40) "
"OP(4,12,8,6,6,14)",0,Solved,"0,0440"," (4t+2)","0,0483","(\infty, 22, \infty, 46) (47, 13, 5, 3, 9, 10, 23, 37, 29, 27, 33, 34) (7, 4, 0, 15, 31, 28, 24, 39) (17, 6, 1, 8, 20, 38) (41, 30, 25, 32, 44, 14) (11, 2, 12, 40, 21, 43, 18, 35, 26, 36, 16, 45, 19, 42) "
"OP(6,12,8,6,14,4)",0,Solved,"0,2070"," (4t+2)","0,2113","(\infty, 44, 0, \infty, 24, 20) (7, 36, 8, 29, 4, 46, 31, 12, 32, 5, 28, 22) (38, 6, 41, 2, 14, 30, 17, 26) (15, 45, 34, 39, 21, 10) (40, 43, 42, 1, 27, 35, 33, 16, 19, 18, 25, 3, 11, 9) (37, 47, 13, 23) "
"OP(4,12,8,6,14,3,3)",0,Solved,"0,0640"," (4t+2)","0,0682","(\infty, 30, \infty, 6) (3, 0, 8, 7, 18, 43, 27, 24, 32, 31, 42, 19) (34, 21, 12, 22, 10, 45, 36, 46) (11, 5, 1, 35, 29, 25) (13, 40, 23, 38, 20, 39, 17, 37, 16, 47, 14, 44, 15, 41) (4, 2, 9) (28, 26, 33) "
"OP(6,12,8,14,5,5)",0,Solved,"0,1460"," (4t+2)","0,1506","(\infty, 16, 10, \infty, 34, 40) (32, 37, 46, 29, 9, 12, 8, 13, 22, 5, 33, 36) (7, 21, 11, 43, 31, 45, 35, 19) (4, 17, 47, 6, 14, 3, 2, 28, 41, 23, 30, 38, 27, 26) (20, 18, 39, 24, 1) (44, 42, 15, 0, 25) "
"OP(6,12,8,14,4,3,3)",0,Solved,"0,0460"," (4t+2)","0,0495","(\infty, 9, 15, \infty, 39, 33) (36, 21, 42, 17, 34, 0, 12, 45, 18, 41, 10, 24) (44, 26, 7, 27, 20, 2, 31, 3) (19, 28, 38, 1, 6, 46, 47, 43, 4, 14, 25, 30, 22, 23) (13, 11, 37, 35) (40, 8, 5) (16, 32, 29) "
"OP(4,12,8,4,4,4,14)",0,Solved,"0,1180"," (4t+2)","0,1221","(\infty, 17, \infty, 41) (13, 11, 16, 42, 12, 47, 37, 35, 40, 18, 36, 23) (0, 9, 21, 7, 24, 33, 45, 31) (3, 19, 46, 6) (27, 43, 22, 30) (10, 14, 34, 38) (4, 15, 8, 2, 1, 20, 5, 28, 39, 32, 26, 25, 44, 29) "
"OP(4,12,8,14,3,3,3,3)",0,Solved,"0,0460"," (4t+2)","0,0501","(\infty, 41, \infty, 17) (37, 2, 47, 38, 39, 43, 13, 26, 23, 14, 15, 19) (32, 40, 24, 34, 8, 16, 0, 10) (45, 33, 44, 46, 25, 42, 28, 21, 9, 20, 22, 1, 18, 4) (3, 36, 31) (27, 12, 7) (29, 35, 6) (5, 11, 30) "
"OP(4,12,7,7,6,14)",0,Solved,"0,0450"," (4t+2)","0,0495","(\infty, 1, \infty, 25) (4, 3, 6, 2, 0, 5, 28, 27, 30, 26, 24, 29) (35, 17, 8, 16, 33, 18, 45) (11, 41, 32, 40, 9, 42, 21) (20, 13, 7, 44, 37, 31) (47, 15, 43, 14, 36, 22, 10, 23, 39, 19, 38, 12, 46, 34) "
"OP(6,12,7,7,14,4)",0,Solved,"0,0560"," (4t+2)","0,0598","(\infty, 7, 15, \infty, 39, 31) (9, 19, 38, 18, 34, 16, 33, 43, 14, 42, 10, 40) (4, 0, 2, 3, 6, 12, 17) (28, 24, 26, 27, 30, 36, 41) (13, 47, 21, 46, 35, 8, 1, 37, 23, 45, 22, 11, 32, 25) (20, 5, 44, 29) "
"OP(4,12,7,7,14,3,3)",0,Solved,"0,0440"," (4t+2)","0,0483","(\infty, 20, \infty, 44) (3, 14, 21, 36, 16, 41, 27, 38, 45, 12, 40, 17) (10, 23, 39, 18, 37, 11, 1) (34, 47, 15, 42, 13, 35, 25) (2, 7, 19, 22, 4, 5, 9, 26, 31, 43, 46, 28, 29, 33) (0, 8, 6) (24, 32, 30) "
"OP(8,12,14,6,6,4)",0,Solved,"0,0500"," (4t+2)","0,0534","(\infty, 37, 2, 9, \infty, 33, 26, 13) (45, 28, 17, 39, 11, 23, 21, 4, 41, 15, 35, 47) (30, 40, 10, 24, 29, 8, 14, 6, 16, 34, 0, 5, 32, 38) (1, 46, 31, 27, 36, 20) (25, 22, 7, 3, 12, 44) (19, 18, 43, 42) "
"OP(8,12,14,6,5,5)",0,Solved,"0,1630"," (4t+2)","0,1671","(\infty, 42, 14, 0, \infty, 24, 38, 18) (1, 22, 12, 8, 10, 3, 25, 46, 36, 32, 34, 27) (9, 39, 47, 4, 5, 11, 44, 33, 15, 23, 28, 29, 35, 20) (31, 2, 19, 7, 26, 43) (40, 17, 30, 21, 37) (16, 41, 6, 45, 13) "
"OP(8,12,14,6,4,3,3)",0,Solved,"0,2320"," (4t+2)","0,2359","(\infty, 20, 47, 10, \infty, 34, 23, 44) (40, 14, 6, 3, 1, 0, 16, 38, 30, 27, 25, 24) (17, 29, 19, 33, 15, 2, 8, 41, 5, 43, 9, 39, 26, 32) (11, 7, 12, 35, 31, 36) (4, 21, 28, 45) (22, 13, 42) (46, 37, 18) "
"OP(8,12,14,5,5,3,3)",0,Solved,"0,0660"," (4t+2)","0,0711","(\infty, 12, 24, 14, \infty, 38, 0, 36) (41, 18, 9, 44, 13, 47, 17, 42, 33, 20, 37, 23) (1, 7, 39, 11, 6, 2, 4, 25, 31, 15, 35, 30, 26, 28) (10, 43, 21, 22, 3) (34, 19, 45, 46, 27) (5, 16, 8) (29, 40, 32) "
"OP(15,12,7,5,4,4,3)",,Infeasible,,Table config is not valid,,
"OP(8,12,14,4,4,4,4)",0,Solved,"0,1000"," (4t+2)","0,1047","(\infty, 34, 4, 6, \infty, 30, 28, 10) (5, 13, 23, 9, 18, 40, 29, 37, 47, 33, 42, 16) (26, 14, 8, 1, 0, 3, 7, 2, 38, 32, 25, 24, 27, 31) (35, 22, 39, 19) (11, 46, 15, 43) (12, 41, 20, 45) (36, 17, 44, 21) "
"OP(8,12,14,4,3,3,3,3)",0,Solved,"0,2510"," (4t+2)","0,2552","(\infty, 11, 13, 21, \infty, 45, 37, 35) (1, 10, 3, 9, 43, 14, 25, 34, 27, 33, 19, 38) (16, 41, 15, 12, 42, 7, 2, 40, 17, 39, 36, 18, 31, 26) (0, 4, 24, 28) (22, 6, 5) (46, 30, 29) (23, 8, 44) (47, 32, 20) "
"OP(6,12,6,6,6,14)",0,Solved,"0,0430"," (4t+2)","0,0469","(\infty, 18, 46, \infty, 22, 42) (2, 3, 5, 17, 34, 16, 26, 27, 29, 41, 10, 40) (6, 1, 8, 23, 15, 9) (30, 25, 32, 47, 39, 33) (13, 4, 0, 37, 28, 24) (20, 7, 21, 43, 14, 35, 12, 44, 31, 45, 19, 38, 11, 36) "
"OP(6,12,6,6,14,3,3)",0,Solved,"0,1530"," (4t+2)","0,1571","(\infty, 10, 12, \infty, 36, 34) (41, 20, 14, 7, 21, 39, 17, 44, 38, 31, 45, 15) (16, 11, 0, 9, 28, 8) (40, 35, 24, 33, 4, 32) (18, 5, 1, 2, 19, 3, 6, 42, 29, 25, 26, 43, 27, 30) (13, 46, 23) (37, 22, 47) "
"OP(4,12,6,6,4,4,14)",0,Solved,"0,0570"," (4t+2)","0,0606","(\infty, 0, \infty, 24) (36, 9, 2, 5, 3, 11, 12, 33, 26, 29, 27, 35) (8, 20, 34, 47, 15, 4) (32, 44, 10, 23, 39, 28) (6, 1, 7, 16) (30, 25, 31, 40) (46, 13, 43, 21, 38, 18, 41, 22, 37, 19, 45, 14, 42, 17) "
"OP(4,12,6,5,5,4,14)",0,Solved,"0,0460"," (4t+2)","0,0503","(\infty, 1, \infty, 25) (2, 3, 9, 5, 14, 12, 26, 27, 33, 29, 38, 36) (6, 17, 43, 30, 41, 19) (10, 7, 0, 8, 20) (34, 31, 24, 32, 44) (47, 4, 23, 28) (11, 39, 16, 46, 13, 45, 18, 35, 15, 40, 22, 37, 21, 42) "
"OP(6,12,6,14,4,4,4)",0,Solved,"0,1650"," (4t+2)","0,1689","(\infty, 43, 9, \infty, 33, 19) (23, 12, 2, 17, 42, 7, 47, 36, 26, 41, 18, 31) (6, 4, 3, 30, 28, 27) (1, 10, 15, 46, 16, 35, 13, 25, 34, 39, 22, 40, 11, 37) (21, 14, 8, 5) (45, 38, 32, 29) (20, 0, 44, 24) "
"OP(6,12,6,14,3,3,3,3)",0,Solved,"0,1680"," (4t+2)","0,1718","(\infty, 45, 19, \infty, 43, 21) (44, 6, 7, 9, 12, 0, 20, 30, 31, 33, 36, 24) (5, 22, 4, 29, 46, 28) (15, 23, 8, 1, 10, 16, 35, 39, 47, 32, 25, 34, 40, 11) (38, 17, 3) (14, 41, 27) (13, 18, 2) (37, 42, 26) "
"OP(4,12,6,4,4,14,3,3)",0,Solved,"0,0430"," (4t+2)","0,0469","(\infty, 5, \infty, 29) (9, 12, 19, 10, 37, 22, 33, 36, 43, 34, 13, 46) (6, 4, 0, 30, 28, 24) (2, 3, 8, 16) (26, 27, 32, 40) (39, 17, 42, 14, 45, 35, 47, 15, 41, 18, 38, 21, 11, 23) (1, 20, 7) (25, 44, 31) "
"OP(4,12,5,5,5,5,14)",0,Solved,"0,0480"," (4t+2)","0,0526","(\infty, 21, \infty, 45) (0, 6, 8, 11, 15, 1, 24, 30, 32, 35, 39, 25) (44, 13, 3, 10, 18) (20, 37, 27, 34, 42) (14, 5, 4, 33, 46) (38, 29, 28, 9, 22) (12, 40, 19, 7, 2, 17, 47, 36, 16, 43, 31, 26, 41, 23) "
"OP(6,12,14,5,5,4,4)",0,Solved,"0,0970"," (4t+2)","0,1007","(\infty, 2, 4, \infty, 28, 26) (5, 6, 45, 7, 10, 44, 29, 30, 21, 31, 34, 20) (11, 18, 37, 17, 12, 8, 0, 35, 42, 13, 41, 36, 32, 24) (27, 33, 22, 38, 15) (3, 9, 46, 14, 39) (25, 43, 16, 47) (1, 19, 40, 23) "
"OP(4,12,5,5,4,14,3,3)",0,Solved,"0,0600"," (4t+2)","0,0637","(\infty, 16, \infty, 40) (19, 47, 44, 21, 42, 11, 43, 23, 20, 45, 18, 35) (0, 36, 1, 15, 9) (24, 12, 25, 39, 33) (8, 13, 32, 37) (41, 34, 26, 22, 4, 6, 7, 17, 10, 2, 46, 28, 30, 31) (29, 14, 3) (5, 38, 27) "
"OP(6,12,14,4,4,4,3,3)",0,Solved,"0,1740"," (4t+2)","0,1782","(\infty, 1, 3, \infty, 27, 25) (8, 14, 21, 12, 22, 43, 32, 38, 45, 36, 46, 19) (6, 9, 26, 39, 13, 41, 18, 30, 33, 2, 15, 37, 17, 42) (34, 16, 35, 20) (10, 40, 11, 44) (7, 47, 31, 23) (0, 4, 5) (24, 28, 29) "
"OP(6,12,14,3,3,3,3,3,3)",0,Solved,"0,0620"," (4t+2)","0,0652","(\infty, 46, 14, \infty, 38, 22) (45, 12, 4, 8, 1, 23, 21, 36, 28, 32, 25, 47) (11, 41, 20, 0, 10, 33, 16, 35, 17, 44, 24, 34, 9, 40) (3, 6, 15) (27, 30, 39) (5, 19, 18) (29, 43, 42) (7, 13, 2) (31, 37, 26) "
"OP(4,12,4,4,4,4,4,14)",0,Solved,"0,0740"," (4t+2)","0,0790","(\infty, 21, \infty, 45) (6, 15, 2, 7, 13, 5, 30, 39, 26, 31, 37, 29) (46, 17, 1, 16) (22, 41, 25, 40) (12, 0, 11, 14) (36, 24, 35, 38) (10, 3, 34, 27) (42, 20, 47, 19, 9, 8, 4, 18, 44, 23, 43, 33, 32, 28) "
"OP(4,12,4,4,14,3,3,3,3)",0,Solved,"0,0430"," (4t+2)","0,0466","(\infty, 16, \infty, 40) (4, 13, 23, 39, 12, 43, 28, 37, 47, 15, 36, 19) (38, 20, 45, 10) (14, 44, 21, 34) (11, 7, 1, 2, 9, 17, 46, 35, 31, 25, 26, 33, 41, 22) (32, 6, 18) (8, 30, 42) (0, 5, 3) (24, 29, 27) "
"OP(4,11,11,10,14)",0,Solved,"0,0440"," (4t+2)","0,0497","(\infty, \infty, 23, 47) (7, 17, 32, 45, 20, 37, 9, 0, 18, 2, 6) (31, 41, 8, 21, 44, 13, 33, 24, 42, 26, 30) (16, 22, 10, 5, 3, 40, 46, 34, 29, 27) (1, 4, 11, 19, 38, 12, 39, 25, 28, 35, 43, 14, 36, 15) "
"OP(10,11,11,14,4)",0,Solved,"0,0580"," (4t+2)","0,0622","(\infty, 6, 16, 45, 10, \infty, 34, 21, 40, 30) (8, 19, 12, 7, 4, 0, 2, 3, 9, 17, 38) (32, 43, 36, 31, 28, 24, 26, 27, 33, 41, 14) (39, 23, 46, 18, 35, 13, 1, 15, 47, 22, 42, 11, 37, 25) (20, 5, 44, 29) "
"OP(6,11,11,8,14)",0,Solved,"0,0540"," (4t+2)","0,0579","(\infty, 14, 40, \infty, 16, 38) (0, 11, 20, 7, 6, 2, 9, 42, 21, 46, 10) (24, 35, 44, 31, 30, 26, 33, 18, 45, 22, 34) (8, 3, 1, 4, 32, 27, 25, 28) (17, 36, 19, 13, 5, 39, 23, 41, 12, 43, 37, 29, 15, 47) "
"OP(8,11,11,14,6)",0,Solved,"0,0740"," (4t+2)","0,0784","(\infty, 24, 44, 32, \infty, 8, 20, 0) (36, 33, 4, 34, 25, 35, 46, 40, 38, 45, 41) (12, 9, 28, 10, 1, 11, 22, 16, 14, 21, 17) (31, 6, 39, 47, 26, 43, 42, 7, 30, 15, 23, 2, 19, 18) (5, 37, 3, 29, 13, 27) "
"OP(8,11,11,14,3,3)",0,Solved,"0,0610"," (4t+2)","0,0665","(\infty, 15, 34, 13, \infty, 37, 10, 39) (9, 3, 12, 23, 40, 20, 38, 22, 45, 32, 17) (33, 27, 36, 47, 16, 44, 14, 46, 21, 8, 41) (4, 1, 0, 2, 6, 11, 18, 28, 25, 24, 26, 30, 35, 42) (19, 31, 5) (43, 7, 29) "
"OP(4,11,11,6,4,14)",0,Solved,"0,1910"," (4t+2)","0,1944","(\infty, 2, \infty, 26) (5, 12, 20, 33, 18, 35, 16, 41, 21, 32, 14) (29, 36, 44, 9, 42, 11, 40, 17, 45, 8, 38) (1, 0, 3, 25, 24, 27) (13, 23, 37, 47) (22, 43, 31, 15, 10, 6, 4, 46, 19, 7, 39, 34, 30, 28) "
"OP(4,11,11,5,5,14)",0,Solved,"0,0470"," (4t+2)","0,0513","(\infty, 21, \infty, 45) (7, 17, 32, 13, 44, 23, 9, 0, 18, 2, 6) (31, 41, 8, 37, 20, 47, 33, 24, 42, 26, 30) (16, 22, 10, 5, 3) (40, 46, 34, 29, 27) (1, 4, 11, 19, 39, 14, 36, 25, 28, 35, 43, 15, 38, 12) "
"OP(6,11,11,14,4,4)",0,Solved,"0,0510"," (4t+2)","0,0550","(\infty, 17, 43, \infty, 19, 41) (12, 46, 18, 47, 32, 15, 4, 16, 34, 21, 44) (36, 22, 42, 23, 8, 39, 28, 40, 10, 45, 20) (1, 2, 7, 13, 6, 14, 35, 25, 26, 31, 37, 30, 38, 11) (9, 0, 3, 5) (33, 24, 27, 29) "
"OP(4,11,11,4,14,3,3)",0,Solved,"0,0430"," (4t+2)","0,0473","(\infty, 7, \infty, 31) (3, 13, 16, 23, 35, 21, 44, 12, 41, 19, 14) (27, 37, 40, 47, 11, 45, 20, 36, 17, 43, 38) (10, 1, 34, 25) (2, 15, 42, 22, 4, 5, 9, 26, 39, 18, 46, 28, 29, 33) (0, 8, 6) (24, 32, 30) "
"OP(12,14,10,10,4)",0,Solved,"0,0640"," (4t+2)","0,0676","(\infty, 3, 15, 30, 14, 43, \infty, 19, 38, 6, 39, 27) (21, 44, 17, 47, 16, 36, 10, 45, 20, 41, 23, 40, 12, 34) (0, 7, 4, 2, 1, 9, 13, 22, 11, 5) (24, 31, 28, 26, 25, 33, 37, 46, 35, 29) (8, 18, 32, 42) "
"OP(15,11,10,9,5)",,Infeasible,,Table config is not valid,,
"OP(12,14,10,8,6)",0,Solved,"0,0880"," (4t+2)","0,0921","(\infty, 47, 10, 37, 2, 45, \infty, 21, 26, 13, 34, 23) (41, 29, 39, 11, 42, 36, 3, 17, 5, 15, 35, 18, 12, 27) (6, 4, 8, 33, 14, 30, 28, 32, 9, 38) (1, 40, 0, 7, 25, 16, 24, 31) (22, 19, 20, 46, 43, 44) "
"OP(12,14,10,8,3,3)",0,Solved,"0,0720"," (4t+2)","0,0758","(\infty, 14, 22, 41, 15, 8, \infty, 32, 39, 17, 46, 38) (4, 10, 44, 19, 1, 3, 16, 28, 34, 20, 43, 25, 27, 40) (0, 21, 6, 23, 13, 24, 45, 30, 47, 37) (9, 18, 2, 5, 33, 42, 26, 29) (11, 7, 12) (35, 31, 36) "
"OP(12,14,10,7,7)",0,Solved,"0,0810"," (4t+2)","0,0851","(\infty, 12, 43, 11, 2, 6, \infty, 30, 26, 35, 19, 36) (46, 21, 41, 14, 0, 7, 4, 22, 45, 17, 38, 24, 31, 28) (13, 5, 15, 16, 1, 37, 29, 39, 40, 25) (3, 9, 20, 42, 23, 10, 8) (27, 33, 44, 18, 47, 34, 32) "
"OP(15,11,10,7,4,3)",,Infeasible,,Table config is not valid,,
"OP(15,11,10,6,5,3)",,Infeasible,,Table config is not valid,,
"OP(12,14,10,6,4,4)",0,Solved,"0,1050"," (4t+2)","0,1088","(\infty, 46, 1, 35, 20, 28, \infty, 4, 44, 11, 25, 22) (21, 5, 47, 6, 26, 27, 8, 45, 29, 23, 30, 2, 3, 32) (13, 36, 24, 34, 16, 37, 12, 0, 10, 40) (41, 43, 39, 17, 19, 15) (33, 38, 7, 42) (9, 14, 31, 18) "
"OP(12,14,10,5,5,4)",0,Solved,"0,0510"," (4t+2)","0,0565","(\infty, 8, 9, 22, 41, 20, \infty, 44, 17, 46, 33, 32) (21, 38, 15, 0, 18, 2, 6, 45, 14, 39, 24, 42, 26, 30) (16, 36, 10, 5, 3, 40, 12, 34, 29, 27) (1, 4, 11, 19, 7) (25, 28, 35, 43, 31) (13, 23, 37, 47) "
"OP(15,11,10,5,3,3,3)",,Infeasible,,Table config is not valid,,
"OP(12,14,10,4,4,3,3)",0,Solved,"0,0560"," (4t+2)","0,0602","(\infty, 44, 18, 2, 16, 8, \infty, 32, 40, 26, 42, 20) (15, 43, 13, 0, 11, 21, 14, 39, 19, 37, 24, 35, 45, 38) (9, 4, 1, 10, 12, 33, 28, 25, 34, 36) (6, 5, 17, 23) (30, 29, 41, 47) (22, 7, 3) (46, 31, 27) "
"OP(12,14,9,9,6)",0,Solved,"0,0560"," (4t+2)","0,0618","(\infty, 20, 28, 29, 3, 10, \infty, 34, 27, 5, 4, 44) (19, 47, 35, 41, 2, 33, 6, 43, 23, 11, 17, 26, 9, 30) (42, 38, 8, 31, 46, 36, 1, 15, 13) (18, 14, 32, 7, 22, 12, 25, 39, 37) (45, 0, 16, 21, 24, 40) "
"OP(12,14,9,9,3,3)",0,Solved,"0,0400"," (4t+2)","0,0444","(\infty, 4, 14, 30, 13, 46, \infty, 22, 37, 6, 38, 28) (36, 15, 41, 23, 10, 21, 40, 12, 39, 17, 47, 34, 45, 16) (7, 1, 2, 9, 18, 32, 44, 19, 11) (31, 25, 26, 33, 42, 8, 20, 43, 35) (0, 5, 3) (24, 29, 27) "
"OP(15,11,9,8,7)",,Infeasible,,Table config is not valid,,
"OP(15,11,9,8,4,3)",,Infeasible,,Table config is not valid,,
"OP(15,11,9,7,5,3)",,Infeasible,,Table config is not valid,,
"OP(15,11,9,7,4,4)",,Infeasible,,Table config is not valid,,
"OP(15,11,9,6,6,3)",,Infeasible,,Table config is not valid,,
"OP(15,11,9,6,5,4)",,Infeasible,,Table config is not valid,,
"OP(15,11,9,6,3,3,3)",,Infeasible,,Table config is not valid,,
"OP(15,11,9,5,5,5)",,Infeasible,,Table config is not valid,,
"OP(15,11,9,5,4,3,3)",,Infeasible,,Table config is not valid,,
"OP(15,11,9,4,4,4,3)",,Infeasible,,Table config is not valid,,
"OP(15,11,9,3,3,3,3,3)",,Infeasible,,Table config is not valid,,
"OP(12,14,8,8,8)",0,Solved,"0,0920"," (4t+2)","0,0959","(\infty, 30, 16, 9, 0, 44, \infty, 20, 24, 33, 40, 6) (4, 19, 38, 11, 39, 22, 10, 28, 43, 14, 35, 15, 46, 34) (2, 3, 5, 8, 13, 21, 47, 12) (26, 27, 29, 32, 37, 45, 23, 36) (41, 18, 7, 1, 17, 42, 31, 25) "
"OP(15,11,8,8,5,3)",,Infeasible,,Table config is not valid,,
"OP(12,14,8,8,4,4)",0,Solved,"0,0510"," (4t+2)","0,0551","(\infty, 19, 7, 18, 32, 13, \infty, 37, 8, 42, 31, 43) (23, 39, 16, 44, 11, 38, 21, 47, 15, 40, 20, 35, 14, 45) (6, 1, 2, 10, 17, 4, 22, 12) (30, 25, 26, 34, 41, 28, 46, 36) (9, 0, 3, 5) (33, 24, 27, 29) "
"OP(15,11,8,7,6,3)",,Infeasible,,Table config is not valid,,
"OP(15,11,8,7,5,4)",,Infeasible,,Table config is not valid,,
"OP(15,11,8,7,3,3,3)",,Infeasible,,Table config is not valid,,
"OP(12,14,8,6,6,4)",0,Solved,"0,1660"," (4t+2)","0,1718","(\infty, 6, 44, 36, 10, 22, \infty, 46, 34, 12, 20, 30) (13, 8, 21, 19, 42, 11, 41, 37, 32, 45, 43, 18, 35, 17) (7, 23, 3, 2, 31, 47, 27, 26) (0, 15, 9, 16, 5, 14) (24, 39, 33, 40, 29, 38) (4, 1, 28, 25) "
"OP(12,14,8,6,5,5)",0,Solved,"0,0390"," (4t+2)","0,0438","(\infty, 2, 4, 5, 9, 18, \infty, 42, 33, 29, 28, 26) (7, 43, 16, 27, 45, 12, 47, 31, 19, 40, 3, 21, 36, 23) (22, 17, 37, 15, 46, 41, 13, 39) (14, 6, 0, 38, 30, 24) (11, 8, 1, 20, 34) (35, 32, 25, 44, 10) "
"OP(12,14,8,6,4,3,3)",0,Solved,"0,0610"," (4t+2)","0,0640","(\infty, 32, 21, 3, 43, 18, \infty, 42, 19, 27, 45, 8) (35, 36, 31, 14, 33, 13, 17, 11, 12, 7, 38, 9, 37, 41) (44, 28, 6, 47, 20, 4, 30, 23) (15, 2, 5, 39, 26, 29) (40, 1, 16, 25) (0, 10, 46) (24, 34, 22) "
"OP(12,14,8,5,5,3,3)",0,Solved,"0,0700"," (4t+2)","0,0738","(\infty, 1, 19, 17, 46, 11, \infty, 35, 22, 41, 43, 25) (42, 16, 44, 12, 2, 8, 45, 18, 40, 20, 36, 26, 32, 21) (6, 7, 4, 37, 30, 31, 28, 13) (3, 15, 23, 0, 34) (27, 39, 47, 24, 10) (9, 5, 14) (33, 29, 38) "
"OP(15,11,8,5,4,4,3)",,Infeasible,,Table config is not valid,,
"OP(12,14,8,4,4,4,4)",0,Solved,"0,0880"," (4t+2)","0,0927","(\infty, 18, 10, 5, 38, 22, \infty, 46, 14, 29, 34, 42) (21, 41, 0, 3, 2, 33, 47, 45, 17, 24, 27, 26, 9, 23) (12, 6, 32, 13, 36, 30, 8, 37) (31, 1, 11, 20) (7, 25, 35, 44) (4, 16, 43, 39) (28, 40, 19, 15) "
"OP(12,14,8,4,3,3,3,3)",0,Solved,"0,0820"," (4t+2)","0,0858","(\infty, 11, 45, 8, 3, 13, \infty, 37, 27, 32, 21, 35) (5, 1, 41, 14, 43, 42, 12, 29, 25, 17, 38, 19, 18, 36) (47, 22, 10, 7, 23, 46, 34, 31) (2, 4, 26, 28) (0, 15, 6) (24, 39, 30) (9, 16, 44) (33, 40, 20) "
"OP(15,11,7,7,7,3)",,Infeasible,,Table config is not valid,,
"OP(12,14,7,7,6,4)",0,Solved,"0,3710"," (4t+2)","0,3751","(\infty, 8, 12, 21, 43, 22, \infty, 46, 19, 45, 36, 32) (4, 10, 44, 7, 2, 15, 16, 28, 34, 20, 31, 26, 39, 40) (41, 11, 1, 3, 6, 23, 0) (17, 35, 25, 27, 30, 47, 24) (14, 42, 9, 38, 18, 33) (5, 13, 29, 37) "
"OP(12,14,7,7,5,5)",0,Solved,"0,1260"," (4t+2)","0,1294","(\infty, 25, 2, 4, 5, 21, \infty, 45, 29, 28, 26, 1) (0, 8, 13, 20, 39, 18, 38, 24, 32, 37, 44, 15, 42, 14) (33, 22, 12, 6, 3, 7, 16) (9, 46, 36, 30, 27, 31, 40) (47, 34, 19, 41, 11) (23, 10, 43, 17, 35) "
"OP(12,14,7,7,4,3,3)",0,Solved,"0,0460"," (4t+2)","0,0505","(\infty, 2, 4, 7, 6, 18, \infty, 42, 30, 31, 28, 26) (12, 43, 16, 27, 13, 45, 23, 36, 19, 40, 3, 37, 21, 47) (9, 17, 22, 15, 35, 10, 0) (33, 41, 46, 39, 11, 34, 24) (14, 8, 38, 32) (1, 20, 5) (25, 44, 29) "
"OP(15,11,7,6,6,5)",,Infeasible,,Table config is not valid,,
"OP(15,11,7,6,5,3,3)",,Infeasible,,Table config is not valid,,
"OP(15,11,7,6,4,4,3)",,Infeasible,,Table config is not valid,,
"OP(15,11,7,5,5,4,3)",,Infeasible,,Table config is not valid,,
"OP(15,11,7,5,4,4,4)",,Infeasible,,Table config is not valid,,
"OP(15,11,7,5,3,3,3,3)",,Infeasible,,Table config is not valid,,
"OP(15,11,7,4,4,3,3,3)",,Infeasible,,Table config is not valid,,
"OP(12,14,6,6,6,6)",0,Solved,"0,0420"," (4t+2)","0,0461","(\infty, 15, 47, 16, 43, 21, \infty, 45, 19, 40, 23, 39) (4, 38, 20, 10, 2, 7, 13, 28, 14, 44, 34, 26, 31, 37) (1, 8, 9, 0, 3, 5) (25, 32, 33, 24, 27, 29) (18, 46, 11, 36, 17, 6) (42, 22, 35, 12, 41, 30) "
"OP(12,14,6,6,6,3,3)",0,Solved,"0,0650"," (4t+2)","0,0687","(\infty, 3, 4, 6, 9, 15, \infty, 39, 33, 30, 28, 27) (40, 18, 10, 1, 14, 26, 43, 16, 42, 34, 25, 38, 2, 19) (8, 13, 23, 41, 22, 36) (32, 37, 47, 17, 46, 12) (5, 20, 45, 29, 44, 21) (0, 7, 11) (24, 31, 35) "
"OP(15,11,6,6,5,4,3)",,Infeasible,,Table config is not valid,,
"OP(12,14,6,6,4,4,4)",0,Solved,"0,0880"," (4t+2)","0,0927","(\infty, 37, 11, 39, 0, 21, \infty, 45, 24, 15, 35, 13) (23, 42, 12, 5, 1, 17, 16, 47, 18, 36, 29, 25, 41, 40) (3, 9, 44, 19, 8, 6) (27, 33, 20, 43, 32, 30) (2, 10, 22, 7) (26, 34, 46, 31) (4, 14, 28, 38) "
"OP(12,14,6,6,3,3,3,3)",0,Solved,"0,1020"," (4t+2)","0,1066","(\infty, 33, 4, 21, 32, 11, \infty, 35, 8, 45, 28, 9) (3, 41, 1, 19, 6, 40, 15, 27, 17, 25, 43, 30, 16, 39) (36, 10, 5, 2, 22, 37) (12, 34, 29, 26, 46, 13) (7, 14, 23) (31, 38, 47) (44, 42, 0) (20, 18, 24) "
"OP(15,11,6,5,5,5,3)",,Infeasible,,Table config is not valid,,
"OP(12,14,6,5,5,4,4)",0,Solved,"0,2040"," (4t+2)","0,2079","(\infty, 41, 19, 44, 13, 45, \infty, 21, 37, 20, 43, 17) (6, 1, 8, 14, 34, 46, 16, 30, 25, 32, 38, 10, 22, 40) (11, 3, 2, 35, 27, 26) (36, 47, 18, 5, 15) (12, 23, 42, 29, 39) (4, 7, 9, 0) (28, 31, 33, 24) "
"OP(15,11,6,5,4,3,3,3)",,Infeasible,,Table config is not valid,,
"OP(12,14,6,4,4,4,3,3)",0,Solved,"0,1180"," (4t+2)","0,1237","(\infty, 20, 11, 1, 0, 36, \infty, 12, 24, 25, 35, 44) (6, 46, 18, 2, 23, 41, 19, 30, 22, 42, 26, 47, 17, 43) (13, 38, 4, 37, 14, 28) (8, 3, 7, 5) (32, 27, 31, 29) (16, 9, 40, 33) (39, 10, 45) (15, 34, 21) "
"OP(12,14,6,3,3,3,3,3,3)",0,Solved,"0,1100"," (4t+2)","0,1140","(\infty, 38, 41, 39, 47, 40, \infty, 16, 23, 15, 17, 14) (3, 32, 6, 1, 43, 5, 44, 27, 8, 30, 25, 19, 29, 20) (34, 7, 35, 10, 31, 11) (9, 22, 21) (33, 46, 45) (36, 2, 18) (12, 26, 42) (37, 0, 4) (13, 24, 28) "
"OP(12,14,5,5,5,5,4)",0,Solved,"0,1790"," (4t+2)","0,1827","(\infty, 41, 30, 1, 2, 15, \infty, 39, 26, 25, 6, 17) (40, 9, 37, 12, 18, 34, 20, 16, 33, 13, 36, 42, 10, 44) (38, 46, 8, 11, 23) (14, 22, 32, 35, 47) (43, 0, 27, 45, 4) (19, 24, 3, 21, 28) (5, 31, 29, 7) "
"OP(15,11,5,5,5,3,3,3)",,Infeasible,,Table config is not valid,,
"OP(12,14,5,5,4,4,3,3)",0,Solved,"0,0600"," (4t+2)","0,0646","(\infty, 8, 2, 13, 25, 6, \infty, 30, 1, 37, 26, 32) (43, 44, 11, 46, 0, 16, 36, 19, 20, 35, 22, 24, 40, 12) (18, 9, 4, 14, 39) (42, 33, 28, 38, 15) (3, 17, 10, 7) (27, 41, 34, 31) (23, 45, 5) (47, 21, 29) "
"OP(15,11,5,4,4,4,4,3)",,Infeasible,,Table config is not valid,,
"OP(15,11,5,4,3,3,3,3,3)",,Infeasible,,Table config is not valid,,
"OP(12,14,4,4,4,4,4,4)",0,Solved,"0,2100"," (4t+2)","0,2144","(\infty, 18, 46, 47, 2, 4, \infty, 28, 26, 23, 22, 42) (7, 0, 17, 9, 36, 3, 13, 31, 24, 41, 33, 12, 27, 37) (39, 14, 1, 45) (15, 38, 25, 21) (44, 5, 10, 32) (20, 29, 34, 8) (40, 6, 43, 11) (16, 30, 19, 35) "
"OP(12,14,4,4,4,3,3,3,3)",0,Solved,"0,1650"," (4t+2)","0,1699","(\infty, 22, 10, 0, 9, 38, \infty, 14, 33, 24, 34, 46) (47, 43, 20, 41, 15, 8, 7, 23, 19, 44, 17, 39, 32, 31) (1, 6, 36, 16) (25, 30, 12, 40) (2, 13, 26, 37) (11, 3, 5) (35, 27, 29) (18, 4, 21) (42, 28, 45) "
"OP(12,14,3,3,3,3,3,3,3,3)",0,Solved,"0,0950"," (4t+2)","0,0996","(\infty, 4, 17, 38, 10, 40, \infty, 16, 34, 14, 41, 28) (20, 42, 23, 19, 3, 11, 21, 44, 18, 47, 43, 27, 35, 45) (0, 15, 6) (24, 39, 30) (22, 8, 5) (46, 32, 29) (1, 13, 12) (25, 37, 36) (2, 9, 7) (26, 33, 31) "
"OP(6,10,10,10,14)",0,Solved,"0,0460"," (4t+2)","0,0505","(\infty, 42, 6, \infty, 30, 18) (31, 12, 14, 3, 19, 23, 9, 2, 5, 40) (7, 36, 38, 27, 43, 47, 33, 26, 29, 16) (37, 4, 44, 34, 8, 13, 28, 20, 10, 32) (11, 17, 0, 25, 46, 45, 15, 35, 41, 24, 1, 22, 21, 39) "
"OP(10,10,10,14,6)",0,Solved,"0,0450"," (4t+2)","0,0490","(\infty, 0, 18, 43, 16, \infty, 40, 19, 42, 24) (20, 10, 1, 7, 5, 8, 12, 47, 15, 3) (44, 34, 25, 31, 29, 32, 36, 23, 39, 27) (6, 14, 13, 41, 22, 11, 45, 30, 38, 37, 17, 46, 35, 21) (4, 9, 2, 28, 33, 26) "
"OP(10,10,10,14,3,3)",0,Solved,"0,1080"," (4t+2)","0,1119","(\infty, 37, 31, 36, 17, \infty, 41, 12, 7, 13) (9, 47, 22, 19, 20, 27, 25, 11, 15, 0) (33, 23, 46, 43, 44, 3, 1, 35, 39, 24) (8, 30, 38, 10, 40, 28, 45, 32, 6, 14, 34, 16, 4, 21) (26, 5, 42) (2, 29, 18) "
"OP(8,10,10,8,14)",0,Solved,"0,1480"," (4t+2)","0,1522","(\infty, 10, 23, 0, \infty, 24, 47, 34) (3, 14, 43, 1, 6, 13, 41, 8, 22, 4) (27, 38, 19, 25, 30, 37, 17, 32, 46, 28) (18, 40, 9, 21, 42, 16, 33, 45) (11, 15, 7, 5, 2, 12, 44, 35, 39, 31, 29, 26, 36, 20) "
"OP(4,10,10,8,4,14)",0,Solved,"0,0410"," (4t+2)","0,0458","(\infty, 1, \infty, 25) (4, 3, 6, 2, 0, 5, 13, 31, 17, 10) (28, 27, 30, 26, 24, 29, 37, 7, 41, 34) (23, 35, 18, 8, 47, 11, 42, 32) (20, 9, 44, 33) (40, 15, 43, 22, 38, 12, 45, 16, 39, 19, 46, 14, 36, 21) "
"OP(15,10,10,7,5,3)",,Infeasible,,Table config is not valid,,
"OP(8,10,10,14,4,4)",0,Solved,"0,0710"," (4t+2)","0,0749","(\infty, 30, 3, 0, \infty, 24, 27, 6) (9, 42, 17, 37, 11, 23, 12, 19, 14, 5) (33, 18, 41, 13, 35, 47, 36, 43, 38, 29) (1, 7, 8, 21, 40, 22, 39, 25, 31, 32, 45, 16, 46, 15) (20, 4, 2, 10) (44, 28, 26, 34) "
"OP(4,10,10,6,6,14)",0,Solved,"0,0470"," (4t+2)","0,0512","(\infty, 1, \infty, 25) (4, 3, 6, 2, 0, 5, 13, 31, 17, 10) (28, 27, 30, 26, 24, 29, 37, 7, 41, 34) (47, 38, 18, 8, 19, 35) (23, 14, 42, 32, 43, 11) (20, 46, 15, 40, 21, 36, 9, 44, 22, 39, 16, 45, 12, 33) "
"OP(6,10,10,6,14,4)",0,Solved,"0,2430"," (4t+2)","0,2477","(\infty, 3, 5, \infty, 29, 27) (16, 9, 6, 14, 32, 23, 7, 1, 0, 4) (40, 33, 30, 38, 8, 47, 31, 25, 24, 28) (20, 35, 10, 44, 11, 34) (19, 36, 46, 17, 37, 42, 21, 43, 12, 22, 41, 13, 18, 45) (15, 2, 39, 26) "
"OP(4,10,10,6,14,3,3)",0,Solved,"0,0400"," (4t+2)","0,0435","(\infty, 7, \infty, 31) (3, 13, 47, 40, 17, 36, 18, 45, 19, 14) (27, 37, 23, 16, 41, 12, 42, 21, 43, 38) (22, 10, 1, 46, 34, 25) (2, 15, 35, 20, 4, 5, 9, 26, 39, 11, 44, 28, 29, 33) (0, 8, 6) (24, 32, 30) "
"OP(6,10,10,14,5,5)",0,Solved,"0,1450"," (4t+2)","0,1488","(\infty, 12, 14, \infty, 38, 36) (40, 9, 1, 30, 41, 8, 5, 0, 42, 10) (16, 33, 25, 6, 17, 32, 29, 24, 18, 34) (47, 46, 37, 2, 28, 3, 44, 23, 22, 13, 26, 4, 27, 20) (39, 11, 45, 7, 43) (15, 35, 21, 31, 19) "
"OP(6,10,10,14,4,3,3)",0,Solved,"0,0450"," (4t+2)","0,0492","(\infty, 8, 28, \infty, 4, 32) (42, 26, 44, 10, 14, 9, 6, 27, 16, 7) (18, 2, 20, 34, 38, 33, 30, 3, 40, 31) (0, 29, 19, 17, 11, 47, 25, 24, 5, 43, 41, 35, 23, 1) (39, 22, 15, 46) (37, 45, 12) (13, 21, 36) "
"OP(4,10,10,4,4,4,14)",0,Solved,"0,0840"," (4t+2)","0,0876","(\infty, 11, \infty, 35) (21, 7, 4, 2, 1, 8, 12, 22, 10, 43) (45, 31, 28, 26, 25, 32, 36, 46, 34, 19) (14, 5, 0, 6) (38, 29, 24, 30) (3, 16, 27, 40) (23, 39, 9, 37, 20, 41, 18, 47, 15, 33, 13, 44, 17, 42) "
"OP(4,10,10,14,3,3,3,3)",0,Solved,"0,0580"," (4t+2)","0,0622","(\infty, 20, \infty, 44) (1, 8, 17, 39, 11, 38, 0, 6, 9, 13) (25, 32, 41, 15, 35, 14, 24, 30, 33, 37) (22, 47, 18, 7, 5, 4, 12, 46, 23, 42, 31, 29, 28, 36) (3, 16, 21) (27, 40, 45) (2, 19, 34) (26, 43, 10) "
"OP(8,10,9,9,14)",0,Solved,"0,0520"," (4t+2)","0,0558","(\infty, 39, 14, 31, \infty, 7, 38, 15) (23, 12, 2, 45, 5, 47, 36, 26, 21, 29) (44, 30, 27, 8, 28, 16, 17, 33, 11) (20, 6, 3, 32, 4, 40, 41, 9, 35) (37, 10, 19, 1, 42, 46, 0, 13, 34, 43, 25, 18, 22, 24) "
"OP(4,10,9,9,4,14)",0,Solved,"0,0450"," (4t+2)","0,0484","(\infty, 36, \infty, 12) (9, 20, 7, 8, 11, 33, 44, 31, 32, 35) (46, 3, 37, 18, 39, 24, 6, 14, 2) (22, 27, 13, 42, 15, 0, 30, 38, 26) (47, 40, 23, 16) (19, 29, 4, 10, 1, 17, 45, 43, 5, 28, 34, 25, 41, 21) "
"OP(10,10,14,8,8)",0,Solved,"0,0490"," (4t+2)","0,0531","(\infty, 2, 3, 5, 8, \infty, 32, 29, 27, 26) (7, 1, 9, 16, 41, 31, 25, 33, 40, 17) (10, 21, 35, 20, 39, 19, 46, 34, 45, 11, 44, 15, 43, 22) (13, 30, 14, 36, 23, 18, 0, 4) (37, 6, 38, 12, 47, 42, 24, 28) "
"OP(15,10,9,8,5,3)",,Infeasible,,Table config is not valid,,
"OP(10,10,14,8,4,4)",0,Solved,"0,0790"," (4t+2)","0,0835","(\infty, 3, 4, 6, 9, \infty, 33, 30, 28, 27) (5, 21, 46, 15, 1, 29, 45, 22, 39, 25) (44, 26, 13, 8, 14, 23, 35, 20, 2, 37, 32, 38, 47, 11) (17, 36, 40, 19, 41, 12, 16, 43) (7, 0, 10, 18) (31, 24, 34, 42) "
"OP(15,10,9,7,6,3)",,Infeasible,,Table config is not valid,,
"OP(15,10,9,7,5,4)",,Infeasible,,Table config is not valid,,
"OP(15,10,9,7,3,3,3)",,Infeasible,,Table config is not valid,,
"OP(10,10,14,6,6,4)",0,Solved,"0,0950"," (4t+2)","0,0992","(\infty, 34, 19, 5, 16, \infty, 40, 29, 43, 10) (27, 35, 18, 17, 38, 3, 11, 42, 41, 14) (45, 39, 13, 9, 2, 32, 30, 21, 15, 37, 33, 26, 8, 6) (47, 22, 12, 0, 28, 31) (23, 46, 36, 24, 4, 7) (44, 1, 20, 25) "
"OP(10,10,14,6,5,5)",0,Solved,"0,1350"," (4t+2)","0,1397","(\infty, 35, 14, 19, 23, \infty, 47, 43, 38, 11) (29, 30, 42, 39, 45, 5, 6, 18, 15, 21) (27, 37, 46, 32, 10, 28, 26, 3, 13, 22, 8, 34, 4, 2) (44, 24, 31, 20, 0, 7) (36, 1, 16, 33, 17) (12, 25, 40, 9, 41) "
"OP(10,10,14,6,4,3,3)",0,Solved,"0,0510"," (4t+2)","0,0551","(\infty, 14, 43, 39, 18, \infty, 42, 15, 19, 38) (40, 24, 4, 21, 7, 16, 0, 28, 45, 31) (11, 6, 9, 8, 46, 20, 12, 35, 30, 33, 32, 22, 44, 36) (3, 10, 25, 27, 34, 1) (37, 2, 13, 26) (17, 5, 23) (41, 29, 47) "
"OP(10,10,14,5,5,3,3)",0,Solved,"0,0580"," (4t+2)","0,0618","(\infty, 4, 9, 18, 8, \infty, 32, 42, 33, 28) (5, 16, 36, 13, 46, 29, 40, 12, 37, 22) (0, 2, 3, 6, 10, 17, 38, 24, 26, 27, 30, 34, 41, 14) (15, 45, 19, 35, 23) (39, 21, 43, 11, 47) (1, 20, 7) (25, 44, 31) "
"OP(15,10,9,5,4,4,3)",,Infeasible,,Table config is not valid,,
"OP(10,10,14,4,4,4,4)",0,Solved,"0,0490"," (4t+2)","0,0530","(\infty, \infty, 23, 27, 46, 25, 1, 22, 3, 47) (45, 9, 19, 8, 38, 21, 33, 43, 32, 14) (42, 29, 35, 15, 0, 41, 40, 18, 5, 11, 39, 24, 17, 16) (28, 26, 34, 37) (4, 2, 10, 13) (30, 7, 12, 44) (6, 31, 36, 20) "
"OP(10,10,14,4,3,3,3,3)",0,Solved,"0,1440"," (4t+2)","0,1470","(\infty, 15, 29, 46, 9, \infty, 33, 22, 5, 39) (3, 1, 23, 30, 42, 27, 25, 47, 6, 18) (11, 8, 31, 12, 4, 14, 19, 35, 32, 7, 36, 28, 38, 43) (34, 16, 10, 40) (24, 45, 44) (0, 21, 20) (41, 2, 37) (17, 26, 13) "
"OP(4,10,8,8,6,14)",0,Solved,"0,0660"," (4t+2)","0,0702","(\infty, 32, \infty, 8) (26, 41, 31, 5, 37, 2, 17, 7, 29, 13) (43, 35, 1, 24, 36, 6, 33, 4) (19, 11, 25, 0, 12, 30, 9, 28) (34, 38, 27, 10, 14, 3) (46, 45, 39, 44, 47, 40, 42, 22, 21, 15, 20, 23, 16, 18) "
"OP(6,10,8,8,14,4)",0,Solved,"0,0670"," (4t+2)","0,0706","(\infty, 6, 14, \infty, 38, 30) (8, 40, 10, 41, 21, 32, 16, 34, 17, 45) (7, 4, 0, 2, 3, 9, 19, 12) (31, 28, 24, 26, 27, 33, 43, 36) (39, 18, 47, 22, 35, 13, 1, 15, 42, 23, 46, 11, 37, 25) (20, 5, 44, 29) "
"OP(4,10,8,8,14,3,3)",0,Solved,"0,0470"," (4t+2)","0,0511","(\infty, 17, \infty, 41) (3, 14, 21, 42, 13, 27, 38, 45, 18, 37) (10, 36, 23, 39, 16, 44, 11, 1) (34, 12, 47, 15, 40, 20, 35, 25) (2, 7, 19, 22, 4, 5, 9, 26, 31, 43, 46, 28, 29, 33) (0, 8, 6) (24, 32, 30) "
"OP(4,10,8,7,7,14)",0,Solved,"0,0390"," (4t+2)","0,0442","(\infty, 1, \infty, 25) (2, 3, 9, 5, 13, 26, 27, 33, 29, 37) (6, 17, 15, 45, 30, 41, 39, 21) (22, 10, 0, 7, 4, 47, 8) (46, 34, 24, 31, 28, 23, 32) (11, 38, 19, 44, 12, 40, 18, 35, 14, 43, 20, 36, 16, 42) "
"OP(8,10,8,14,6,4)",0,Solved,"0,3460"," (4t+2)","0,3505","(\infty, 8, 41, 0, \infty, 24, 17, 32) (9, 21, 38, 47, 46, 33, 45, 14, 23, 22) (1, 4, 10, 44, 25, 28, 34, 20) (12, 40, 2, 6, 11, 43, 13, 36, 16, 26, 30, 35, 19, 37) (15, 7, 18, 39, 31, 42) (5, 3, 29, 27) "
"OP(8,10,8,14,5,5)",0,Solved,"0,1700"," (4t+2)","0,1737","(\infty, 47, 7, 11, \infty, 35, 31, 23) (8, 33, 0, 18, 45, 32, 9, 24, 42, 21) (46, 4, 40, 38, 22, 28, 16, 14) (34, 44, 41, 2, 3, 37, 15, 10, 20, 17, 26, 27, 13, 39) (30, 1, 29, 36, 19) (6, 25, 5, 12, 43) "
"OP(8,10,8,14,4,3,3)",0,Solved,"0,1380"," (4t+2)","0,1418","(\infty, 40, 10, 36, \infty, 12, 34, 16) (0, 45, 14, 3, 31, 24, 21, 38, 27, 7) (32, 9, 1, 43, 8, 33, 25, 19) (13, 4, 2, 18, 39, 35, 47, 37, 28, 26, 42, 15, 11, 23) (46, 41, 22, 17) (6, 5, 20) (30, 29, 44) "
"OP(6,10,8,6,6,14)",0,Solved,"0,0480"," (4t+2)","0,0520","(\infty, 46, 16, \infty, 40, 22) (13, 5, 3, 9, 10, 37, 29, 27, 33, 34) (7, 4, 0, 15, 31, 28, 24, 39) (17, 6, 1, 8, 20, 42) (41, 30, 25, 32, 44, 18) (11, 2, 12, 47, 19, 38, 21, 35, 26, 36, 23, 43, 14, 45) "
"OP(6,10,8,6,14,3,3)",0,Solved,"0,2620"," (4t+2)","0,2667","(\infty, 21, 23, \infty, 47, 45) (11, 3, 6, 1, 36, 35, 27, 30, 25, 12) (2, 9, 15, 43, 26, 33, 39, 19) (4, 8, 40, 28, 32, 16) (5, 14, 44, 22, 37, 10, 0, 29, 38, 20, 46, 13, 34, 24) (7, 41, 18) (31, 17, 42) "
"OP(4,10,8,6,4,4,14)",0,Solved,"0,0690"," (4t+2)","0,0733","(\infty, 5, \infty, 29) (13, 4, 11, 23, 20, 37, 28, 35, 47, 44) (9, 39, 7, 27, 33, 15, 31, 3) (1, 6, 10, 25, 30, 34) (0, 22, 12, 14) (24, 46, 36, 38) (8, 21, 2, 42, 17, 16, 43, 32, 45, 26, 18, 41, 40, 19) "
"OP(4,10,8,5,5,4,14)",0,Solved,"0,1240"," (4t+2)","0,1284","(\infty, 4, \infty, 28) (42, 5, 8, 17, 13, 18, 29, 32, 41, 37) (6, 0, 7, 9, 30, 24, 31, 33) (14, 1, 16, 15, 44) (38, 25, 40, 39, 20) (12, 2, 36, 26) (27, 10, 22, 45, 23, 43, 11, 3, 34, 46, 21, 47, 19, 35) "
"OP(6,10,8,14,4,4,4)",0,Solved,"0,1710"," (4t+2)","0,1749","(\infty, 16, 46, \infty, 22, 40) (7, 11, 14, 23, 43, 31, 35, 38, 47, 19) (1, 34, 17, 39, 25, 10, 41, 15) (13, 42, 21, 8, 6, 0, 5, 37, 18, 45, 32, 30, 24, 29) (12, 20, 9, 2) (36, 44, 33, 26) (3, 4, 27, 28) "
"OP(6,10,8,14,3,3,3,3)",0,Solved,"0,1440"," (4t+2)","0,1477","(\infty, 44, 16, \infty, 40, 20) (22, 11, 2, 7, 21, 46, 35, 26, 31, 45) (6, 3, 5, 17, 30, 27, 29, 41) (12, 38, 23, 39, 18, 37, 19, 36, 14, 47, 15, 42, 13, 43) (9, 8, 1) (33, 32, 25) (0, 10, 4) (24, 34, 28) "
"OP(4,10,8,4,4,14,3,3)",0,Solved,"0,0520"," (4t+2)","0,0555","(\infty, 12, \infty, 36) (23, 33, 17, 3, 16, 47, 9, 41, 27, 40) (46, 45, 18, 0, 22, 21, 42, 24) (4, 15, 44, 19) (28, 39, 20, 43) (6, 14, 10, 7, 5, 11, 2, 30, 38, 34, 31, 29, 35, 26) (8, 1, 13) (32, 25, 37) "
"OP(8,10,14,7,7,4)",0,Solved,"0,1620"," (4t+2)","0,1658","(\infty, 35, 6, 7, \infty, 31, 30, 11) (8, 0, 9, 15, 1, 32, 24, 33, 39, 25) (47, 20, 42, 12, 10, 5, 46, 23, 44, 18, 36, 34, 29, 22) (3, 19, 4, 14, 2, 13, 16) (27, 43, 28, 38, 26, 37, 40) (17, 21, 41, 45) "
"OP(6,10,7,7,6,14)",0,Solved,"0,0450"," (4t+2)","0,0491","(\infty, 7, 13, \infty, 37, 31) (9, 20, 39, 19, 45, 33, 44, 15, 43, 21) (8, 0, 18, 2, 6, 16, 17) (32, 24, 42, 26, 30, 40, 41) (10, 5, 3, 34, 29, 27) (1, 4, 11, 38, 23, 46, 12, 25, 28, 35, 14, 47, 22, 36) "
"OP(6,10,7,7,14,3,3)",0,Solved,"0,1880"," (4t+2)","0,1922","(\infty, 35, 9, \infty, 33, 11) (46, 16, 8, 31, 38, 22, 40, 32, 7, 14) (2, 41, 12, 43, 47, 4, 37) (26, 17, 36, 19, 23, 28, 13) (5, 25, 39, 42, 6, 0, 27, 29, 1, 15, 18, 30, 24, 3) (44, 45, 34) (20, 21, 10) "
"OP(4,10,7,7,4,4,14)",0,Solved,"0,0380"," (4t+2)","0,0420","(\infty, 20, \infty, 44) (17, 47, 14, 40, 13, 41, 23, 38, 16, 37) (33, 19, 6, 4, 12, 22, 45) (9, 43, 30, 28, 36, 46, 21) (1, 2, 11, 5) (25, 26, 35, 29) (15, 34, 18, 7, 0, 3, 8, 39, 10, 42, 31, 24, 27, 32) "
"OP(8,10,14,6,6,6)",0,Solved,"0,0740"," (4t+2)","0,0786","(\infty, 35, 0, 1, \infty, 25, 24, 11) (4, 6, 9, 19, 13, 28, 30, 33, 43, 37) (7, 29, 17, 10, 2, 46, 3, 31, 5, 41, 34, 26, 22, 27) (42, 21, 12, 23, 40, 8) (18, 45, 36, 47, 16, 32) (14, 39, 20, 38, 15, 44) "
"OP(8,10,14,6,6,3,3)",0,Solved,"0,0910"," (4t+2)","0,0955","(\infty, 27, 38, 29, \infty, 5, 14, 3) (37, 32, 4, 34, 44, 13, 8, 28, 10, 20) (33, 6, 35, 42, 7, 47, 41, 9, 30, 11, 18, 31, 23, 17) (45, 43, 39, 40, 25, 22) (21, 19, 15, 16, 1, 46) (2, 36, 24) (26, 12, 0) "
"OP(15,10,7,6,5,4,3)",,Infeasible,,Table config is not valid,,
"OP(8,10,14,6,4,4,4)",0,Solved,"0,0480"," (4t+2)","0,0519","(\infty, 13, 42, 11, \infty, 35, 18, 37) (7, 20, 41, 23, 45, 31, 44, 17, 47, 21) (46, 34, 19, 12, 6, 1, 2, 22, 10, 43, 36, 30, 25, 26) (15, 4, 14, 39, 28, 38) (3, 5, 9, 0) (27, 29, 33, 24) (16, 8, 40, 32) "
"OP(8,10,14,6,3,3,3,3)",0,Solved,"0,1750"," (4t+2)","0,1785","(\infty, 16, 41, 22, \infty, 46, 17, 40) (36, 2, 34, 47, 7, 12, 26, 10, 23, 31) (42, 15, 11, 1, 13, 33, 0, 18, 39, 35, 25, 37, 9, 24) (28, 19, 45, 4, 43, 21) (14, 20, 3) (38, 44, 27) (6, 5, 8) (30, 29, 32) "
"OP(15,10,7,5,5,5,3)",,Infeasible,,Table config is not valid,,
"OP(8,10,14,5,5,4,4)",0,Solved,"0,0410"," (4t+2)","0,0452","(\infty, 37, 21, 7, \infty, 31, 45, 13) (44, 16, 41, 11, 42, 20, 40, 17, 35, 18) (47, 32, 19, 12, 6, 1, 2, 23, 8, 43, 36, 30, 25, 26) (15, 4, 14, 22, 34) (39, 28, 38, 46, 10) (9, 0, 3, 5) (33, 24, 27, 29) "
"OP(15,10,7,5,4,3,3,3)",,Infeasible,,Table config is not valid,,
"OP(8,10,14,4,4,4,3,3)",0,Solved,"0,3000"," (4t+2)","0,3036","(\infty, 18, 41, 20, \infty, 44, 17, 42) (2, 16, 9, 1, 37, 26, 40, 33, 25, 13) (5, 8, 7, 35, 22, 12, 3, 29, 32, 31, 11, 46, 36, 27) (15, 45, 14, 47) (39, 21, 38, 23) (0, 19, 24, 43) (4, 6, 10) (28, 30, 34) "
"OP(8,10,14,3,3,3,3,3,3)",0,Solved,"0,1600"," (4t+2)","0,1638","(\infty, 39, 9, 37, \infty, 13, 33, 15) (47, 6, 14, 46, 32, 23, 30, 38, 22, 8) (31, 20, 41, 5, 43, 1, 26, 7, 44, 17, 29, 19, 25, 2) (18, 35, 40) (42, 11, 16) (0, 3, 4) (24, 27, 28) (21, 36, 34) (45, 12, 10) "
"OP(4,10,6,6,6,4,14)",0,Solved,"0,1100"," (4t+2)","0,1144","(\infty, 43, \infty, 19) (46, 2, 13, 7, 0, 22, 26, 37, 31, 24) (38, 23, 42, 15, 5, 10) (14, 47, 18, 39, 29, 34) (17, 4, 40, 41, 28, 16) (9, 1, 33, 25) (6, 8, 11, 45, 20, 3, 12, 30, 32, 35, 21, 44, 27, 36) "
"OP(4,10,6,6,5,5,14)",0,Solved,"0,0470"," (4t+2)","0,0513","(\infty, 22, \infty, 46) (0, 17, 15, 5, 21, 24, 41, 39, 29, 45) (13, 43, 20, 42, 8, 4) (37, 19, 44, 18, 32, 28) (7, 6, 35, 14, 2) (31, 30, 11, 38, 26) (40, 12, 23, 10, 3, 9, 1, 16, 36, 47, 34, 27, 33, 25) "
"OP(6,10,6,6,14,4,4)",0,Solved,"0,0480"," (4t+2)","0,0521","(\infty, 17, 45, \infty, 21, 41) (12, 44, 18, 47, 22, 36, 20, 42, 23, 46) (15, 4, 16, 34, 19, 32) (39, 28, 40, 10, 43, 8) (1, 2, 7, 13, 6, 14, 35, 25, 26, 31, 37, 30, 38, 11) (9, 0, 3, 5) (33, 24, 27, 29) "
"OP(4,10,6,6,4,14,3,3)",0,Solved,"0,0790"," (4t+2)","0,0830","(\infty, 22, \infty, 46) (43, 18, 45, 11, 1, 19, 42, 21, 35, 25) (6, 3, 16, 20, 5, 14) (30, 27, 40, 44, 29, 38) (13, 15, 37, 39) (4, 23, 12, 0, 7, 2, 8, 28, 47, 36, 24, 31, 26, 32) (10, 9, 41) (34, 33, 17) "
"OP(6,10,6,14,5,5,4)",0,Solved,"0,1700"," (4t+2)","0,1739","(\infty, 13, 23, \infty, 47, 37) (7, 16, 38, 8, 0, 31, 40, 14, 32, 24) (15, 1, 3, 39, 25, 27) (6, 10, 21, 46, 18, 17, 11, 30, 34, 45, 22, 42, 41, 35) (44, 9, 4, 19, 12) (20, 33, 28, 43, 36) (5, 2, 29, 26) "
"OP(4,10,6,5,5,14,3,3)",0,Solved,"0,0730"," (4t+2)","0,0776","(\infty, 35, \infty, 11) (32, 14, 12, 0, 3, 8, 38, 36, 24, 27) (33, 5, 26, 9, 29, 2) (18, 31, 37, 4, 41) (42, 7, 13, 28, 17) (21, 25, 47, 39, 46, 30, 16, 45, 1, 23, 15, 22, 6, 40) (43, 34, 44) (19, 10, 20) "
"OP(6,10,6,14,4,4,3,3)",0,Solved,"0,1630"," (4t+2)","0,1684","(\infty, 0, 14, \infty, 38, 24) (2, 13, 39, 22, 42, 26, 37, 15, 46, 18) (19, 7, 4, 43, 31, 28) (47, 20, 45, 12, 41, 11, 10, 23, 44, 21, 36, 17, 35, 34) (16, 6, 1, 8) (40, 30, 25, 32) (3, 5, 9) (27, 29, 33) "
"OP(4,10,6,4,4,4,4,14)",0,Solved,"0,0620"," (4t+2)","0,0655","(\infty, 10, \infty, 34) (19, 7, 2, 8, 12, 43, 31, 26, 32, 36) (11, 41, 9, 35, 17, 33) (20, 45, 6, 47) (44, 21, 30, 23) (5, 16, 13, 15) (29, 40, 37, 39) (4, 18, 3, 22, 14, 1, 0, 28, 42, 27, 46, 38, 25, 24) "
"OP(4,10,6,4,14,3,3,3,3)",0,Solved,"0,0540"," (4t+2)","0,0587","(\infty, 27, \infty, 3) (35, 36, 29, 8, 16, 11, 12, 5, 32, 40) (44, 42, 46, 20, 18, 22) (34, 45, 10, 21) (43, 9, 37, 6, 24, 47, 28, 19, 33, 13, 30, 0, 23, 4) (1, 7, 39) (25, 31, 15) (38, 26, 41) (14, 2, 17) "
"OP(6,10,14,5,5,5,5)",0,Solved,"0,1170"," (4t+2)","0,1213","(\infty, 16, 46, \infty, 22, 40) (0, 43, 3, 38, 17, 24, 19, 27, 14, 41) (12, 44, 15, 1, 10, 32, 21, 36, 20, 39, 25, 34, 8, 45) (4, 42, 11, 47, 2) (28, 18, 35, 23, 26) (5, 33, 37, 31, 6) (29, 9, 13, 7, 30) "
"OP(6,10,14,5,5,4,3,3)",0,Solved,"0,0400"," (4t+2)","0,0445","(\infty, 2, 4, \infty, 28, 26) (6, 7, 12, 42, 17, 30, 31, 36, 18, 41) (16, 27, 19, 47, 13, 45, 14, 40, 3, 43, 23, 37, 21, 38) (9, 15, 22, 10, 0) (33, 39, 46, 34, 24) (11, 8, 35, 32) (1, 20, 5) (25, 44, 29) "
"OP(4,10,5,5,4,4,4,14)",0,Solved,"0,0660"," (4t+2)","0,0701","(\infty, 41, \infty, 17) (37, 31, 39, 3, 42, 13, 7, 15, 27, 18) (32, 46, 24, 45, 47) (8, 22, 0, 21, 23) (44, 34, 35, 28) (20, 10, 11, 4) (40, 36, 16, 12) (43, 25, 38, 33, 2, 5, 30, 19, 1, 14, 9, 26, 29, 6) "
"OP(4,10,5,5,14,3,3,3,3)",0,Solved,"0,0910"," (4t+2)","0,0951","(\infty, 21, \infty, 45) (12, 24, 1, 5, 16, 36, 0, 25, 29, 40) (2, 7, 14, 20, 4) (26, 31, 38, 44, 28) (27, 19, 37, 22, 41, 15, 6, 3, 43, 13, 46, 17, 39, 30) (18, 35, 8) (42, 11, 32) (23, 10, 9) (47, 34, 33) "
"OP(6,10,14,4,4,4,4,4)",0,Solved,"0,1480"," (4t+2)","0,1521","(\infty, 45, 11, \infty, 35, 21) (13, 2, 6, 12, 47, 37, 26, 30, 36, 23) (3, 8, 1, 4, 5, 7, 15, 27, 32, 25, 28, 29, 31, 39) (14, 44, 19, 40) (38, 20, 43, 16) (18, 34, 17, 46) (42, 10, 41, 22) (9, 0, 33, 24) "
"OP(6,10,14,4,4,3,3,3,3)",0,Solved,"0,0440"," (4t+2)","0,0474","(\infty, 2, 4, \infty, 28, 26) (6, 7, 10, 17, 42, 30, 31, 34, 41, 18) (16, 27, 9, 47, 19, 35, 14, 40, 3, 33, 23, 43, 11, 38) (21, 15, 46, 12) (45, 39, 22, 36) (0, 13, 8) (24, 37, 32) (1, 20, 5) (25, 44, 29) "
"OP(4,10,4,4,4,4,14,3,3)",0,Solved,"0,0470"," (4t+2)","0,0505","(\infty, 13, \infty, 37) (3, 14, 17, 39, 20, 27, 38, 41, 15, 44) (18, 46, 16, 43) (42, 22, 40, 19) (10, 23, 11, 1) (34, 47, 35, 25) (2, 7, 21, 36, 4, 5, 9, 26, 31, 45, 12, 28, 29, 33) (0, 8, 6) (24, 32, 30) "
"OP(4,10,4,14,3,3,3,3,3,3)",0,Solved,"0,2640"," (4t+2)","0,2676","(\infty, 44, \infty, 20) (16, 46, 45, 38, 12, 40, 22, 21, 14, 36) (6, 27, 30, 3) (9, 5, 39, 7, 32, 19, 4, 33, 29, 15, 31, 8, 43, 28) (1, 47, 11) (25, 23, 35) (10, 2, 41) (34, 26, 17) (37, 42, 0) (13, 18, 24) "
"OP(10,14,9,9,8)",0,Solved,"0,0660"," (4t+2)","0,0696","(\infty, 5, 6, 12, 17, \infty, 41, 36, 30, 29) (37, 23, 33, 15, 8, 0, 2, 13, 47, 9, 39, 32, 24, 26) (3, 7, 16, 42, 21, 38, 10, 22, 35) (27, 31, 40, 18, 45, 14, 34, 46, 11) (4, 1, 20, 43, 28, 25, 44, 19) "
"OP(15,9,9,9,5,3)",,Infeasible,,Table config is not valid,,
"OP(10,14,9,9,4,4)",0,Solved,"0,0500"," (4t+2)","0,0547","(\infty, 34, 28, 36, 0, \infty, 24, 12, 4, 10) (23, 6, 9, 5, 35, 8, 40, 47, 30, 33, 29, 11, 32, 16) (15, 20, 46, 37, 26, 7, 45, 25, 38) (39, 44, 22, 13, 2, 31, 21, 1, 14) (17, 3, 18, 19) (41, 27, 42, 43) "
"OP(4,9,9,8,6,14)",0,Solved,"0,0460"," (4t+2)","0,0507","(\infty, 41, \infty, 17) (20, 7, 47, 25, 46, 29, 4, 42, 38) (44, 31, 23, 1, 22, 5, 28, 18, 14) (21, 32, 3, 2, 45, 8, 27, 26) (9, 24, 36, 33, 0, 12) (15, 35, 19, 10, 16, 30, 37, 39, 11, 43, 34, 40, 6, 13) "
"OP(6,9,9,8,14,4)",0,Solved,"0,0620"," (4t+2)","0,0668","(\infty, 4, 8, \infty, 32, 28) (5, 12, 13, 22, 43, 18, 10, 0, 2) (29, 36, 37, 46, 19, 42, 34, 24, 26) (3, 9, 23, 39, 27, 33, 47, 15) (40, 14, 45, 17, 35, 6, 1, 16, 38, 21, 41, 11, 30, 25) (20, 7, 44, 31) "
"OP(4,9,9,8,14,3,3)",0,Solved,"0,0640"," (4t+2)","0,0685","(\infty, 13, \infty, 37) (10, 42, 14, 41, 23, 9, 21, 46, 20) (34, 18, 38, 17, 47, 33, 45, 22, 44) (5, 16, 31, 12, 29, 40, 7, 36) (19, 11, 6, 3, 1, 0, 4, 43, 35, 30, 27, 25, 24, 28) (2, 8, 15) (26, 32, 39) "
"OP(4,9,9,7,7,14)",0,Solved,"0,0450"," (4t+2)","0,0519","(\infty, 12, \infty, 36) (14, 46, 13, 35, 6, 20, 47, 17, 45) (38, 22, 37, 11, 30, 44, 23, 41, 21) (31, 18, 8, 1, 2, 10, 19) (7, 42, 32, 25, 26, 34, 43) (40, 15, 9, 4, 0, 3, 5, 16, 39, 33, 28, 24, 27, 29) "
"OP(8,9,9,14,6,4)",0,Solved,"0,0400"," (4t+2)","0,0439","(\infty, 6, 15, 34, \infty, 10, 39, 30) (36, 23, 11, 38, 22, 40, 20, 42, 19) (12, 47, 35, 14, 46, 16, 44, 18, 43) (8, 1, 2, 4, 7, 13, 21, 32, 25, 26, 28, 31, 37, 45) (9, 5, 0, 33, 29, 24) (3, 17, 27, 41) "
"OP(8,9,9,14,5,5)",0,Solved,"0,0620"," (4t+2)","0,0670","(\infty, \infty, 23, 6, 9, 33, 30, 47) (5, 37, 17, 4, 45, 3, 7, 16, 42) (29, 13, 41, 28, 21, 27, 31, 40, 18) (11, 44, 32, 14, 43, 22, 12, 35, 20, 8, 38, 19, 46, 36) (15, 10, 2, 0, 1) (39, 34, 26, 24, 25) "
"OP(8,9,9,14,4,3,3)",0,Solved,"0,0720"," (4t+2)","0,0761","(\infty, 30, 3, 0, \infty, 24, 27, 6) (8, 16, 15, 34, 22, 44, 12, 37, 19) (32, 40, 39, 10, 46, 20, 36, 13, 43) (5, 1, 7, 17, 45, 11, 42, 29, 25, 31, 41, 21, 35, 18) (14, 23, 38, 47) (4, 2, 9) (28, 26, 33) "
"OP(6,9,9,6,6,14)",0,Solved,"0,0630"," (4t+2)","0,0665","(\infty, 15, 41, \infty, 17, 39) (11, 4, 10, 18, 0, 19, 47, 33, 20) (35, 28, 34, 42, 24, 43, 23, 9, 44) (21, 38, 22, 1, 13, 36) (45, 14, 46, 25, 37, 12) (3, 8, 7, 5, 2, 6, 16, 27, 32, 31, 29, 26, 30, 40) "
"OP(6,9,9,6,14,3,3)",0,Solved,"0,1950"," (4t+2)","0,1983","(\infty, 29, 35, \infty, 11, 5) (14, 1, 9, 4, 13, 10, 41, 15, 30) (38, 25, 33, 28, 37, 34, 17, 39, 6) (26, 19, 31, 2, 43, 7) (21, 20, 40, 42, 12, 22, 8, 45, 44, 16, 18, 36, 46, 32) (24, 3, 47) (0, 27, 23) "
"OP(4,9,9,6,4,4,14)",0,Solved,"0,0470"," (4t+2)","0,0515","(\infty, 22, \infty, 46) (5, 3, 8, 2, 18, 40, 21, 17, 6) (29, 27, 32, 26, 42, 16, 45, 41, 30) (39, 9, 1, 15, 33, 25) (20, 7, 4, 11) (44, 31, 28, 35) (47, 14, 37, 10, 0, 12, 43, 23, 38, 13, 34, 24, 36, 19) "
"OP(4,9,9,5,5,4,14)",0,Solved,"0,0460"," (4t+2)","0,0490","(\infty, 8, \infty, 32) (38, 21, 37, 22, 43, 20, 9, 0, 18) (14, 45, 13, 46, 19, 44, 33, 24, 42) (2, 6, 16, 15, 7) (26, 30, 40, 39, 31) (5, 3, 29, 27) (1, 4, 10, 17, 36, 23, 11, 25, 28, 34, 41, 12, 47, 35) "
"OP(6,9,9,14,4,4,4)",0,Solved,"0,1910"," (4t+2)","0,1952","(\infty, 2, 4, \infty, 28, 26) (7, 8, 22, 42, 17, 36, 21, 38, 20) (31, 32, 46, 18, 41, 12, 45, 14, 44) (1, 5, 10, 16, 23, 39, 13, 25, 29, 34, 40, 47, 15, 37) (9, 19, 11, 0) (33, 43, 35, 24) (27, 6, 3, 30) "
"OP(6,9,9,14,3,3,3,3)",0,Solved,"0,0600"," (4t+2)","0,0636","(\infty, 9, 41, \infty, 17, 33) (10, 15, 23, 2, 8, 20, 0, 13, 6) (34, 39, 47, 26, 32, 44, 24, 37, 30) (1, 12, 3, 5, 22, 45, 7, 25, 36, 27, 29, 46, 21, 31) (14, 11, 40) (38, 35, 16) (18, 4, 19) (42, 28, 43) "
"OP(4,9,9,4,4,14,3,3)",0,Solved,"0,0430"," (4t+2)","0,0471","(\infty, 14, \infty, 38) (6, 0, 3, 5, 9, 17, 34, 4, 18) (30, 24, 27, 29, 33, 41, 10, 28, 42) (12, 40, 19, 45) (36, 16, 43, 21) (22, 11, 2, 1, 8, 13, 23, 46, 35, 26, 25, 32, 37, 47) (20, 39, 7) (44, 15, 31) "
"OP(15,9,8,8,7,3)",,Infeasible,,Table config is not valid,,
"OP(10,14,8,8,6,4)",0,Solved,"0,1650"," (4t+2)","0,1692","(\infty, 1, 46, 2, 3, \infty, 27, 26, 22, 25) (14, 7, 5, 0, 6, 42, 4, 38, 31, 29, 24, 30, 18, 28) (12, 41, 19, 11, 20, 40, 13, 45) (36, 17, 43, 35, 44, 16, 37, 21) (32, 15, 33, 8, 39, 9) (10, 23, 34, 47) "
"OP(10,14,8,8,5,5)",0,Solved,"0,0460"," (4t+2)","0,0502","(\infty, 18, 43, 23, 44, \infty, 20, 47, 19, 42) (3, 5, 13, 14, 4, 0, 11, 27, 29, 37, 38, 28, 24, 35) (9, 6, 1, 7, 41, 32, 15, 2) (33, 30, 25, 31, 17, 8, 39, 26) (36, 10, 22, 40, 21) (12, 34, 46, 16, 45) "
"OP(10,14,8,8,4,3,3)",0,Solved,"0,1830"," (4t+2)","0,1876","(\infty, 7, 16, 23, 11, \infty, 35, 47, 40, 31) (17, 33, 15, 34, 8, 42, 21, 41, 9, 39, 10, 32, 18, 45) (19, 44, 13, 46, 6, 0, 4, 14) (43, 20, 37, 22, 30, 24, 28, 38) (12, 1, 36, 25) (5, 2, 3) (29, 26, 27) "
"OP(10,14,8,7,7,4)",0,Solved,"0,0470"," (4t+2)","0,0508","(\infty, 11, 45, 14, 39, \infty, 15, 38, 21, 35) (36, 20, 10, 22, 43, 23, 42, 12, 44, 34, 46, 19, 47, 18) (13, 8, 1, 2, 37, 32, 25, 26) (3, 5, 9, 17, 28, 6, 0) (27, 29, 33, 41, 4, 30, 24) (16, 7, 40, 31) "
"OP(15,9,8,7,6,5)",,Infeasible,,Table config is not valid,,
"OP(15,9,8,7,5,3,3)",,Infeasible,,Table config is not valid,,
"OP(15,9,8,7,4,4,3)",,Infeasible,,Table config is not valid,,
"OP(10,14,8,6,6,6)",0,Solved,"0,1420"," (4t+2)","0,1463","(\infty, 20, 41, 23, 46, \infty, 22, 47, 17, 44) (13, 42, 32, 16, 7, 6, 3, 37, 18, 8, 40, 31, 30, 27) (2, 9, 21, 43, 26, 33, 45, 19) (1, 5, 10, 4, 12, 14) (25, 29, 34, 28, 36, 38) (11, 0, 15, 35, 24, 39) "
"OP(10,14,8,6,6,3,3)",0,Solved,"0,0530"," (4t+2)","0,0574","(\infty, 9, 8, 19, 39, \infty, 15, 43, 32, 33) (46, 14, 0, 13, 44, 18, 45, 22, 38, 24, 37, 20, 42, 21) (7, 2, 6, 16, 31, 26, 30, 40) (12, 5, 3, 11, 23, 41) (36, 29, 27, 35, 47, 17) (10, 1, 4) (34, 25, 28) "
"OP(15,9,8,6,5,4,3)",,Infeasible,,Table config is not valid,,
"OP(10,14,8,6,4,4,4)",0,Solved,"0,4850"," (4t+2)","0,4897","(\infty, 17, 36, 11, 13, \infty, 37, 35, 12, 41) (20, 38, 21, 7, 19, 39, 23, 44, 14, 45, 31, 43, 15, 47) (4, 3, 46, 2, 28, 27, 22, 26) (0, 6, 9, 24, 30, 33) (8, 18, 10, 1) (32, 42, 34, 25) (16, 5, 40, 29) "
"OP(10,14,8,6,3,3,3,3)",0,Solved,"0,0760"," (4t+2)","0,0794","(\infty, 22, 43, 44, 12, \infty, 36, 20, 19, 46) (45, 16, 34, 14, 4, 13, 47, 21, 40, 10, 38, 28, 37, 23) (0, 15, 2, 7, 24, 39, 26, 31) (18, 6, 17, 42, 30, 41) (1, 8, 5) (25, 32, 29) (3, 9, 11) (27, 33, 35) "
"OP(15,9,8,5,5,5,3)",,Infeasible,,Table config is not valid,,
"OP(10,14,8,5,5,4,4)",0,Solved,"0,0440"," (4t+2)","0,0490","(\infty, 22, 37, 21, 8, \infty, 32, 45, 13, 46) (23, 41, 16, 44, 18, 39, 10, 47, 17, 40, 20, 42, 15, 34) (12, 6, 1, 2, 36, 30, 25, 26) (14, 4, 11, 19, 31) (38, 28, 35, 43, 7) (9, 0, 3, 5) (33, 24, 27, 29) "
"OP(15,9,8,5,4,3,3,3)",,Infeasible,,Table config is not valid,,
"OP(10,14,8,4,4,4,3,3)",0,Solved,"0,1360"," (4t+2)","0,1402","(\infty, 39, 42, 11, 5, \infty, 29, 35, 18, 15) (21, 43, 8, 1, 12, 7, 9, 45, 19, 32, 25, 36, 31, 33) (20, 2, 10, 6, 44, 26, 34, 30) (0, 14, 41, 16) (24, 38, 17, 40) (4, 13, 28, 37) (3, 22, 23) (27, 46, 47) "
"OP(10,14,8,3,3,3,3,3,3)",0,Solved,"0,0350"," (4t+2)","0,0391","(\infty, 3, 11, 10, 41, \infty, 17, 34, 35, 27) (31, 12, 14, 8, 45, 4, 37, 7, 36, 38, 32, 21, 28, 13) (16, 44, 9, 19, 40, 20, 33, 43) (22, 18, 6) (46, 42, 30) (26, 1, 23) (2, 25, 47) (0, 5, 39) (24, 29, 15) "
"OP(15,9,7,7,7,5)",,Infeasible,,Table config is not valid,,
"OP(10,14,7,7,6,6)",0,Solved,"0,0470"," (4t+2)","0,0518","(\infty, 47, 42, 41, 33, \infty, 9, 17, 18, 23) (46, 36, 30, 3, 39, 4, 26, 22, 12, 6, 27, 15, 28, 2) (37, 21, 1, 34, 5, 35, 44) (13, 45, 25, 10, 29, 11, 20) (24, 7, 32, 43, 40, 38) (0, 31, 8, 19, 16, 14) "
"OP(10,14,7,7,6,3,3)",0,Solved,"0,0470"," (4t+2)","0,0534","(\infty, 6, 16, 32, 18, \infty, 42, 8, 40, 30) (12, 47, 14, 44, 13, 41, 15, 36, 23, 38, 20, 37, 17, 39) (11, 7, 1, 2, 9, 28, 19) (35, 31, 25, 26, 33, 4, 43) (10, 21, 46, 34, 45, 22) (0, 5, 3) (24, 29, 27) "
"OP(15,9,7,7,5,4,3)",,Infeasible,,Table config is not valid,,
"OP(10,14,7,7,4,4,4)",0,Solved,"0,1120"," (4t+2)","0,1172","(\infty, 46, 40, 36, 8, \infty, 32, 12, 16, 22) (17, 9, 2, 19, 6, 15, 3, 41, 33, 26, 43, 30, 39, 27) (34, 5, 23, 38, 4, 7, 18) (10, 29, 47, 14, 28, 31, 42) (0, 21, 44, 1) (24, 45, 20, 25) (11, 13, 35, 37) "
"OP(10,14,7,7,3,3,3,3)",0,Solved,"0,1130"," (4t+2)","0,1175","(\infty, 15, 41, 18, 9, \infty, 33, 42, 17, 39) (47, 10, 2, 37, 19, 20, 35, 23, 34, 26, 13, 43, 44, 11) (30, 40, 12, 46, 14, 7, 1) (6, 16, 36, 22, 38, 31, 25) (3, 8, 5) (27, 32, 29) (0, 4, 21) (24, 28, 45) "
"OP(15,9,7,6,6,4,3)",,Infeasible,,Table config is not valid,,
"OP(15,9,7,6,5,5,3)",,Infeasible,,Table config is not valid,,
"OP(15,9,7,6,5,4,4)",,Infeasible,,Table config is not valid,,
"OP(15,9,7,6,4,3,3,3)",,Infeasible,,Table config is not valid,,
"OP(15,9,7,5,5,5,4)",,Infeasible,,Table config is not valid,,
"OP(15,9,7,5,5,3,3,3)",,Infeasible,,Table config is not valid,,
"OP(15,9,7,5,4,4,3,3)",,Infeasible,,Table config is not valid,,
"OP(15,9,7,4,4,4,4,3)",,Infeasible,,Table config is not valid,,
"OP(15,9,7,4,3,3,3,3,3)",,Infeasible,,Table config is not valid,,
"OP(15,9,6,6,6,5,3)",,Infeasible,,Table config is not valid,,
"OP(10,14,6,6,6,4,4)",0,Solved,"0,0450"," (4t+2)","0,0500","(\infty, 10, 46, 6, 8, \infty, 32, 30, 22, 34) (7, 2, 11, 5, 4, 1, 12, 31, 26, 35, 29, 28, 25, 36) (9, 47, 15, 41, 16, 43) (33, 23, 39, 17, 40, 19) (20, 0, 13, 44, 24, 37) (3, 21, 14, 18) (27, 45, 38, 42) "
"OP(10,14,6,6,5,5,4)",0,Solved,"0,1550"," (4t+2)","0,1594","(\infty, 10, 3, 4, 46, \infty, 22, 28, 27, 34) (21, 42, 19, 6, 9, 35, 17, 45, 18, 43, 30, 33, 11, 41) (8, 20, 16, 0, 2, 13) (32, 44, 40, 24, 26, 37) (14, 47, 7, 36, 5) (38, 23, 31, 12, 29) (39, 1, 15, 25) "
"OP(15,9,6,6,5,3,3,3)",,Infeasible,,Table config is not valid,,
"OP(10,14,6,6,4,4,3,3)",0,Solved,"0,0430"," (4t+2)","0,0470","(\infty, 5, 13, 23, 43, \infty, 19, 47, 37, 29) (41, 18, 36, 15, 6, 0, 2, 17, 42, 12, 39, 30, 24, 26) (3, 7, 14, 40, 9, 8) (27, 31, 38, 16, 33, 32) (10, 21, 35, 22) (34, 45, 11, 46) (1, 20, 4) (25, 44, 28) "
"OP(10,14,6,5,5,5,5)",0,Solved,"0,0850"," (4t+2)","0,0891","(\infty, 13, 40, 9, 35, \infty, 11, 33, 16, 37) (22, 12, 3, 2, 0, 6, 14, 46, 36, 27, 26, 24, 30, 38) (45, 15, 44, 21, 39, 20) (5, 10, 17, 4, 1) (29, 34, 41, 28, 25) (47, 32, 18, 7, 19) (23, 8, 42, 31, 43) "
"OP(10,14,6,5,5,4,3,3)",0,Solved,"0,0790"," (4t+2)","0,0841","(\infty, \infty, 23, 34, 44, 31, 7, 20, 10, 47) (21, 28, 5, 37, 8, 2, 6, 45, 4, 29, 13, 32, 26, 30) (33, 0, 1, 9, 24, 25) (3, 15, 43, 12, 46) (27, 39, 19, 36, 22) (18, 16, 42, 40) (17, 38, 35) (41, 14, 11) "
"OP(15,9,6,5,4,4,4,3)",,Infeasible,,Table config is not valid,,
"OP(15,9,6,5,3,3,3,3,3)",,Infeasible,,Table config is not valid,,
"OP(10,14,6,4,4,4,4,4)",0,Solved,"0,1860"," (4t+2)","0,1895","(\infty, 4, 45, 3, 18, \infty, 42, 27, 21, 28) (43, 22, 47, 11, 39, 0, 2, 19, 46, 23, 35, 15, 24, 26) (29, 10, 6, 5, 34, 30) (13, 16, 38, 8) (37, 40, 14, 32) (1, 36, 44, 33) (25, 12, 20, 9) (41, 7, 17, 31) "
"OP(10,14,6,4,4,3,3,3,3)",0,Solved,"0,1910"," (4t+2)","0,1951","(\infty, 42, 15, 37, 14, \infty, 38, 13, 39, 18) (8, 43, 23, 7, 4, 16, 46, 32, 19, 47, 31, 28, 40, 22) (3, 5, 20, 27, 29, 44) (9, 1, 6, 10) (33, 25, 30, 34) (12, 21, 2) (36, 45, 26) (11, 17, 0) (35, 41, 24) "
"OP(10,14,5,5,5,5,3,3)",0,Solved,"0,0470"," (4t+2)","0,0512","(\infty, 5, 2, 0, 1, \infty, 25, 24, 26, 29) (20, 40, 23, 46, 14, 41, 11, 44, 16, 47, 22, 38, 17, 35) (34, 15, 4, 13, 21) (10, 39, 28, 37, 45) (9, 3, 7, 12, 19) (33, 27, 31, 36, 43) (18, 32, 6) (42, 8, 30) "
"OP(15,9,5,5,5,4,4,3)",,Infeasible,,Table config is not valid,,
"OP(10,14,5,5,4,4,4,4)",0,Solved,"0,0400"," (4t+2)","0,0445","(\infty, 21, 41, 15, 47, \infty, 23, 39, 17, 45) (4, 14, 22, 37, 16, 35, 10, 28, 38, 46, 13, 40, 11, 34) (12, 6, 1, 2, 19) (36, 30, 25, 26, 43) (7, 18, 32, 20) (31, 42, 8, 44) (9, 0, 3, 5) (33, 24, 27, 29) "
"OP(10,14,5,5,4,3,3,3,3)",0,Solved,"0,1640"," (4t+2)","0,1675","(\infty, 31, 18, 1, 29, \infty, 5, 25, 42, 7) (9, 15, 23, 44, 10, 6, 3, 33, 39, 47, 20, 34, 30, 27) (22, 38, 43, 17, 32) (46, 14, 19, 41, 8) (12, 37, 36, 13) (0, 11, 2) (24, 35, 26) (4, 45, 16) (28, 21, 40) "
"OP(15,9,5,4,4,4,3,3,3)",,Infeasible,,Table config is not valid,,
"OP(15,9,5,3,3,3,3,3,3,3)",,Infeasible,,Table config is not valid,,
"OP(10,14,4,4,4,4,4,3,3)",0,Solved,"0,1750"," (4t+2)","0,1789","(\infty, 11, 12, 44, 15, \infty, 39, 20, 36, 35) (10, 8, 23, 18, 9, 22, 26, 34, 32, 47, 42, 33, 46, 2) (41, 30, 5, 27) (17, 6, 29, 3) (28, 0, 38, 45) (4, 24, 14, 21) (40, 19, 16, 43) (13, 25, 31) (37, 1, 7) "
"OP(10,14,4,4,3,3,3,3,3,3)",0,Solved,"0,1130"," (4t+2)","0,1172","(\infty, 27, 23, 43, 21, \infty, 45, 19, 47, 3) (2, 34, 5, 8, 7, 40, 17, 26, 10, 29, 32, 31, 16, 41) (44, 46, 39, 33) (20, 22, 15, 9) (36, 28, 18) (12, 4, 42) (24, 38, 11) (0, 14, 35) (6, 37, 1) (30, 13, 25) "
"OP(4,8,8,8,8,14)",0,Solved,"0,0330"," (4t+2)","0,0370","(\infty, 1, \infty, 25) (4, 3, 6, 2, 0, 5, 17, 10) (28, 27, 30, 26, 24, 29, 41, 34) (7, 15, 32, 18, 38, 22, 35, 16) (31, 39, 8, 42, 14, 46, 11, 40) (44, 23, 45, 12, 37, 19, 9, 20, 47, 21, 36, 13, 43, 33) "
"OP(8,8,8,8,14,4)",0,Solved,"0,0690"," (4t+2)","0,0735","(\infty, 1, 20, 13, \infty, 37, 44, 25) (27, 41, 42, 11, 36, 21, 10, 22) (3, 17, 18, 35, 12, 45, 34, 46) (6, 2, 0, 8, 30, 26, 24, 32) (19, 47, 31, 4, 14, 5, 40, 43, 23, 7, 28, 38, 29, 16) (15, 33, 39, 9) "
"OP(6,8,8,8,6,14)",0,Solved,"0,0620"," (4t+2)","0,0667","(\infty, 0, 46, \infty, 22, 24) (3, 17, 7, 15, 9, 2, 13, 36) (27, 41, 31, 39, 33, 26, 37, 12) (42, 23, 1, 19, 18, 47, 25, 43) (4, 16, 44, 28, 40, 20) (35, 8, 5, 14, 45, 10, 6, 11, 32, 29, 38, 21, 34, 30) "
"OP(6,8,8,8,14,3,3)",0,Solved,"0,2070"," (4t+2)","0,2099","(\infty, 7, 37, \infty, 13, 31) (15, 42, 20, 4, 6, 19, 8, 11) (39, 18, 44, 28, 30, 43, 32, 35) (2, 12, 45, 3, 26, 36, 21, 27) (10, 38, 9, 1, 40, 47, 0, 34, 14, 33, 25, 16, 23, 24) (5, 22, 17) (29, 46, 41) "
"OP(4,8,8,8,4,4,14)",0,Solved,"0,0430"," (4t+2)","0,0474","(\infty, 20, \infty, 44) (22, 10, 21, 37, 18, 38, 12, 43) (46, 34, 45, 13, 42, 14, 36, 19) (4, 6, 16, 41, 28, 30, 40, 17) (1, 2, 11, 5) (25, 26, 35, 29) (47, 33, 15, 7, 0, 3, 8, 23, 9, 39, 31, 24, 27, 32) "
"OP(6,8,8,7,7,14)",0,Solved,"0,0900"," (4t+2)","0,0931","(\infty, 0, 2, \infty, 26, 24) (3, 6, 5, 9, 15, 4, 16, 8) (27, 30, 29, 33, 39, 28, 40, 32) (7, 14, 23, 36, 18, 34, 17) (31, 38, 47, 12, 42, 10, 41) (37, 11, 45, 25, 44, 19, 46, 13, 35, 21, 1, 20, 43, 22) "
"OP(8,8,8,14,6,6)",0,Solved,"0,0450"," (4t+2)","0,0493","(\infty, 34, 17, 4, \infty, 28, 41, 10) (37, 12, 39, 23, 42, 20, 40, 22) (13, 36, 15, 47, 18, 44, 16, 46) (19, 8, 1, 2, 11, 21, 7, 43, 32, 25, 26, 35, 45, 31) (9, 14, 6, 0, 3, 5) (33, 38, 30, 24, 27, 29) "
"OP(8,8,8,14,6,3,3)",0,Solved,"0,1030"," (4t+2)","0,1076","(\infty, 1, 22, 45, \infty, 21, 46, 25) (0, 7, 11, 5, 14, 19, 36, 20) (24, 31, 35, 29, 38, 43, 12, 44) (47, 13, 3, 18, 40, 4, 41, 23, 37, 27, 42, 16, 28, 17) (39, 10, 2, 15, 34, 26) (6, 9, 8) (30, 33, 32) "
"OP(15,8,8,7,5,4,3)",,Infeasible,,Table config is not valid,,
"OP(8,8,8,14,4,4,4)",0,Solved,"0,0440"," (4t+2)","0,0473","(\infty, 35, 43, 31, \infty, 7, 19, 11) (45, 38, 39, 36, 26, 41, 30, 3) (21, 14, 15, 12, 2, 17, 6, 27) (1, 29, 4, 34, 47, 33, 42, 25, 5, 28, 10, 23, 9, 18) (24, 40, 44, 46) (0, 16, 20, 22) (37, 32, 13, 8) "
"OP(8,8,8,14,3,3,3,3)",0,Solved,"0,1250"," (4t+2)","0,1293","(\infty, 33, 8, 43, \infty, 19, 32, 9) (13, 30, 4, 45, 11, 5, 24, 3) (37, 6, 28, 21, 35, 29, 0, 27) (7, 47, 14, 44, 1, 12, 40, 31, 23, 38, 20, 25, 36, 16) (39, 42, 41) (15, 18, 17) (34, 2, 46) (10, 26, 22) "
"OP(4,8,8,6,6,4,14)",0,Solved,"0,1130"," (4t+2)","0,1179","(\infty, 4, \infty, 28) (42, 5, 6, 8, 13, 7, 0, 9) (18, 29, 30, 32, 37, 31, 24, 33) (15, 11, 1, 14, 22, 34) (39, 35, 25, 38, 46, 10) (23, 2, 47, 26) (27, 45, 19, 36, 20, 40, 17, 3, 21, 43, 12, 44, 16, 41) "
"OP(4,8,8,6,5,5,14)",0,Solved,"0,0440"," (4t+2)","0,0479","(\infty, 1, \infty, 25) (2, 3, 9, 11, 22, 34, 16, 6) (26, 27, 33, 35, 46, 10, 40, 30) (5, 18, 43, 29, 42, 19) (0, 7, 4, 47, 8) (24, 31, 28, 23, 32) (12, 44, 15, 37, 17, 38, 21, 36, 20, 39, 13, 41, 14, 45) "
"OP(6,8,8,6,14,4,4)",0,Solved,"0,0440"," (4t+2)","0,0483","(\infty, 43, 17, \infty, 41, 19) (34, 47, 18, 46, 32, 15, 4, 16) (10, 23, 42, 22, 8, 39, 28, 40) (12, 45, 20, 36, 21, 44) (1, 2, 7, 13, 6, 14, 35, 25, 26, 31, 37, 30, 38, 11) (9, 0, 3, 5) (33, 24, 27, 29) "
"OP(4,8,8,6,4,14,3,3)",0,Solved,"0,0410"," (4t+2)","0,0450","(\infty, 7, \infty, 31) (3, 13, 16, 23, 11, 41, 19, 14) (27, 37, 40, 47, 35, 17, 43, 38) (21, 46, 18, 45, 22, 42) (10, 1, 34, 25) (2, 36, 20, 39, 4, 5, 9, 26, 12, 44, 15, 28, 29, 33) (0, 8, 6) (24, 32, 30) "
"OP(6,8,8,14,5,5,4)",0,Solved,"0,0480"," (4t+2)","0,0517","(\infty, 10, 40, \infty, 16, 34) (4, 6, 9, 14, 22, 41, 7, 0) (28, 30, 33, 38, 46, 17, 31, 24) (2, 3, 13, 19, 32, 15, 42, 26, 27, 37, 43, 8, 39, 18) (21, 47, 35, 12, 1) (45, 23, 11, 36, 25) (20, 5, 44, 29) "
"OP(4,8,8,5,5,14,3,3)",0,Solved,"0,0700"," (4t+2)","0,0736","(\infty, 20, \infty, 44) (45, 19, 47, 22, 6, 0, 8, 15) (21, 43, 23, 46, 30, 24, 32, 39) (11, 16, 33, 12, 1) (35, 40, 9, 36, 25) (2, 14, 10, 7, 5, 4, 17, 26, 38, 34, 31, 29, 28, 41) (3, 37, 18) (27, 13, 42) "
"OP(6,8,8,14,4,4,3,3)",0,Solved,"0,0510"," (4t+2)","0,0557","(\infty, 4, 14, \infty, 38, 28) (39, 22, 40, 12, 47, 21, 37, 10) (15, 46, 16, 36, 23, 45, 13, 34) (19, 11, 7, 1, 2, 9, 18, 43, 35, 31, 25, 26, 33, 42) (32, 20, 6, 17) (8, 44, 30, 41) (0, 5, 3) (24, 29, 27) "
"OP(4,8,8,4,4,4,4,14)",0,Solved,"0,0660"," (4t+2)","0,0706","(\infty, 3, \infty, 27) (4, 6, 43, 20, 34, 17, 5, 1) (28, 30, 19, 44, 10, 41, 29, 25) (16, 26, 21, 8) (40, 2, 45, 32) (38, 23, 42, 22) (14, 47, 18, 46) (36, 35, 13, 7, 0, 9, 39, 12, 11, 37, 31, 24, 33, 15) "
"OP(4,8,8,4,14,3,3,3,3)",0,Solved,"0,2180"," (4t+2)","0,2215","(\infty, 39, \infty, 15) (3, 6, 24, 5, 12, 2, 44, 46) (27, 30, 0, 29, 36, 26, 20, 22) (8, 45, 32, 21) (1, 10, 14, 42, 17, 16, 37, 25, 34, 38, 18, 41, 40, 13) (31, 9, 23) (7, 33, 47) (4, 19, 35) (28, 43, 11) "
"OP(8,8,14,7,7,6)",0,Solved,"0,0590"," (4t+2)","0,0623","(\infty, 37, 20, 41, \infty, 17, 44, 13) (4, 9, 18, 46, 28, 33, 42, 22) (7, 3, 14, 8, 16, 23, 45, 31, 27, 38, 32, 40, 47, 21) (0, 12, 35, 19, 6, 5, 2) (24, 36, 11, 43, 30, 29, 26) (1, 39, 10, 25, 15, 34) "
"OP(8,8,14,7,7,3,3)",0,Solved,"0,0690"," (4t+2)","0,0734","(\infty, 17, 45, 19, \infty, 43, 21, 41) (5, 1, 6, 40, 29, 25, 30, 16) (7, 4, 2, 8, 39, 18, 47, 31, 28, 26, 32, 15, 42, 23) (44, 14, 37, 22, 12, 0, 9) (20, 38, 13, 46, 36, 24, 33) (11, 10, 3) (35, 34, 27) "
"OP(4,8,7,7,6,4,14)",0,Solved,"0,0590"," (4t+2)","0,0637","(\infty, 8, \infty, 32) (4, 1, 5, 43, 28, 25, 29, 19) (34, 18, 9, 22, 40, 17, 45) (10, 42, 33, 46, 16, 41, 21) (0, 2, 3, 24, 26, 27) (14, 7, 38, 31) (47, 13, 39, 20, 12, 6, 11, 23, 37, 15, 44, 36, 30, 35) "
"OP(4,8,7,7,5,5,14)",0,Solved,"0,0440"," (4t+2)","0,0479","(\infty, 21, \infty, 45) (39, 8, 5, 3, 15, 32, 29, 27) (14, 33, 11, 4, 0, 13, 46) (38, 9, 35, 28, 24, 37, 22) (6, 1, 7, 16, 17) (30, 25, 31, 40, 41) (10, 2, 12, 42, 19, 47, 20, 34, 26, 36, 18, 43, 23, 44) "
"OP(6,8,7,7,14,4,4)",0,Solved,"0,0990"," (4t+2)","0,1037","(\infty, 2, 4, \infty, 28, 26) (5, 6, 45, 7, 29, 30, 21, 31) (9, 44, 10, 17, 11, 16, 12) (33, 20, 34, 41, 35, 40, 36) (8, 0, 27, 42, 22, 47, 15, 32, 24, 3, 18, 46, 23, 39) (25, 13, 43, 14) (1, 37, 19, 38) "
"OP(4,8,7,7,4,14,3,3)",0,Solved,"0,0390"," (4t+2)","0,0426","(\infty, \infty, 23, 47) (3, 13, 16, 38, 27, 37, 40, 14) (22, 36, 20, 45, 18, 11, 41) (46, 12, 44, 21, 42, 35, 17) (10, 1, 34, 25) (2, 7, 19, 39, 4, 5, 9, 26, 31, 43, 15, 28, 29, 33) (0, 8, 6) (24, 32, 30) "
"OP(15,8,7,6,6,5,3)",,Infeasible,,Table config is not valid,,
"OP(8,8,14,6,6,4,4)",0,Solved,"0,1000"," (4t+2)","0,1038","(\infty, 44, 14, 42, \infty, 18, 38, 20) (47, 43, 21, 7, 23, 19, 45, 31) (10, 9, 1, 6, 8, 2, 17, 34, 33, 25, 30, 32, 26, 41) (3, 13, 4, 16, 29, 0) (27, 37, 28, 40, 5, 24) (22, 11, 36, 15) (46, 35, 12, 39) "
"OP(8,8,14,6,5,5,4)",0,Solved,"0,0840"," (4t+2)","0,0879","(\infty, 19, 36, 47, \infty, 23, 12, 43) (0, 4, 10, 40, 24, 28, 34, 16) (14, 5, 7, 22, 35, 45, 18, 38, 29, 31, 46, 11, 21, 42) (20, 13, 8, 44, 37, 32) (39, 25, 6, 9, 17) (15, 1, 30, 33, 41) (2, 27, 26, 3) "
"OP(15,8,7,6,5,3,3,3)",,Infeasible,,Table config is not valid,,
"OP(8,8,14,6,4,4,3,3)",0,Solved,"0,2410"," (4t+2)","0,2447","(\infty, 9, 14, 39, \infty, 15, 38, 33) (30, 45, 42, 46, 6, 21, 18, 22) (19, 2, 0, 29, 23, 16, 4, 43, 26, 24, 5, 47, 40, 28) (41, 13, 27, 17, 37, 3) (31, 1, 36, 20) (7, 25, 12, 44) (34, 35, 8) (10, 11, 32) "
"OP(8,8,14,5,5,5,5)",0,Solved,"0,0920"," (4t+2)","0,0963","(\infty, 0, 28, 44, \infty, 20, 4, 24) (41, 29, 34, 35, 17, 5, 10, 11) (18, 27, 1, 14, 39, 46, 31, 42, 3, 25, 38, 15, 22, 7) (32, 40, 6, 33, 36) (8, 16, 30, 9, 12) (45, 47, 37, 43, 26) (21, 23, 13, 19, 2) "
"OP(8,8,14,5,5,4,3,3)",0,Solved,"0,2500"," (4t+2)","0,2550","(\infty, 3, 14, 43, \infty, 19, 38, 27) (7, 11, 9, 41, 31, 35, 33, 17) (8, 1, 15, 18, 0, 12, 47, 32, 25, 39, 42, 24, 36, 23) (37, 6, 45, 2, 10) (13, 30, 21, 26, 34) (5, 4, 29, 28) (22, 44, 16) (46, 20, 40) "
"OP(15,8,7,5,4,4,4,3)",,Infeasible,,Table config is not valid,,
"OP(15,8,7,5,3,3,3,3,3)",,Infeasible,,Table config is not valid,,
"OP(8,8,14,4,4,4,4,4)",0,Solved,"0,0590"," (4t+2)","0,0634","(\infty, 44, 21, 40, \infty, 16, 45, 20) (9, 11, 5, 1, 33, 35, 29, 25) (4, 41, 6, 14, 23, 43, 13, 28, 17, 30, 38, 47, 19, 37) (36, 15, 46, 10) (12, 39, 22, 34) (3, 0, 7, 2) (27, 24, 31, 26) (18, 8, 42, 32) "
"OP(8,8,14,4,4,3,3,3,3)",0,Solved,"0,1880"," (4t+2)","0,1926","(\infty, 31, 10, 33, \infty, 9, 34, 7) (2, 16, 1, 45, 26, 40, 25, 21) (4, 14, 23, 3, 15, 20, 17, 28, 38, 47, 27, 39, 44, 41) (13, 11, 46, 29) (37, 35, 22, 5) (42, 43, 36) (18, 19, 12) (30, 8, 0) (6, 32, 24) "
"OP(4,8,6,6,6,6,14)",0,Solved,"0,0530"," (4t+2)","0,0562","(\infty, 16, \infty, 40) (39, 14, 5, 3, 15, 38, 29, 27) (20, 41, 11, 4, 0, 37) (44, 17, 35, 28, 24, 13) (9, 6, 1, 7, 8, 22) (33, 30, 25, 31, 32, 46) (10, 2, 12, 45, 19, 47, 18, 34, 26, 36, 21, 43, 23, 42) "
"OP(6,8,6,6,6,14,4)",0,Solved,"0,1110"," (4t+2)","0,1152","(\infty, 13, 41, \infty, 17, 37) (8, 20, 36, 3, 32, 44, 12, 27) (23, 22, 1, 5, 10, 16) (47, 46, 25, 29, 34, 40) (11, 45, 0, 35, 21, 24) (33, 15, 6, 14, 31, 42, 19, 9, 39, 30, 38, 7, 18, 43) (4, 2, 28, 26) "
"OP(4,8,6,6,6,14,3,3)",0,Solved,"0,0420"," (4t+2)","0,0474","(\infty, 22, \infty, 46) (19, 11, 23, 12, 43, 35, 47, 36) (17, 38, 20, 39, 13, 45) (41, 14, 44, 15, 37, 21) (10, 3, 0, 34, 27, 24) (5, 4, 2, 6, 1, 7, 16, 29, 28, 26, 30, 25, 31, 40) (33, 18, 8) (9, 42, 32) "
"OP(6,8,6,6,14,5,5)",0,Solved,"0,1390"," (4t+2)","0,1426","(\infty, 44, 14, \infty, 38, 20) (37, 11, 7, 0, 13, 35, 31, 24) (23, 39, 19, 42, 21, 9) (47, 15, 43, 18, 45, 33) (1, 6, 3, 12, 22, 41, 10, 25, 30, 27, 36, 46, 17, 34) (16, 5, 4, 2, 8) (40, 29, 28, 26, 32) "
"OP(6,8,6,6,14,4,3,3)",0,Solved,"0,0470"," (4t+2)","0,0506","(\infty, 28, 12, \infty, 36, 4) (5, 17, 7, 15, 29, 41, 31, 39) (44, 19, 30, 13, 8, 11) (20, 43, 6, 37, 32, 35) (25, 26, 0, 18, 45, 47, 40, 1, 2, 24, 42, 21, 23, 16) (10, 14, 34, 38) (3, 9, 22) (27, 33, 46) "
"OP(4,8,6,6,4,4,4,14)",0,Solved,"0,2000"," (4t+2)","0,2035","(\infty, 14, \infty, 38) (34, 1, 15, 6, 10, 25, 39, 30) (0, 8, 11, 21, 43, 7) (24, 32, 35, 45, 19, 31) (33, 4, 5, 3) (9, 28, 29, 27) (23, 12, 47, 36) (18, 2, 22, 16, 41, 20, 37, 42, 26, 46, 40, 17, 44, 13) "
"OP(4,8,6,6,14,3,3,3,3)",0,Solved,"0,0390"," (4t+2)","0,0436","(\infty, 14, \infty, 38) (4, 13, 23, 44, 28, 37, 47, 20) (45, 12, 43, 15, 40, 10) (21, 36, 19, 39, 16, 34) (11, 7, 1, 2, 9, 17, 46, 35, 31, 25, 26, 33, 41, 22) (32, 6, 18) (8, 30, 42) (0, 5, 3) (24, 29, 27) "
"OP(6,8,6,14,5,5,3,3)",0,Solved,"0,2550"," (4t+2)","0,2596","(\infty, 12, 46, \infty, 22, 36) (47, 45, 17, 7, 23, 21, 41, 31) (3, 8, 39, 27, 32, 15) (18, 0, 11, 19, 40, 14, 13, 42, 24, 35, 43, 16, 38, 37) (9, 2, 6, 29, 44) (33, 26, 30, 5, 20) (4, 1, 10) (28, 25, 34) "
"OP(4,8,6,5,5,4,4,14)",0,Solved,"0,0570"," (4t+2)","0,0609","(\infty, 4, \infty, 28) (5, 6, 2, 15, 29, 30, 26, 39) (13, 23, 21, 37, 47, 45) (3, 8, 14, 31, 10) (27, 32, 38, 7, 34) (0, 11, 41, 12) (24, 35, 17, 36) (44, 16, 1, 9, 18, 43, 46, 20, 40, 25, 33, 42, 19, 22) "
"OP(6,8,6,14,4,4,4,4)",0,Solved,"0,0590"," (4t+2)","0,0633","(\infty, 45, 19, \infty, 43, 21) (1, 7, 2, 9, 25, 31, 26, 33) (17, 42, 22, 41, 18, 46) (11, 20, 47, 34, 16, 6, 4, 35, 44, 23, 10, 40, 30, 28) (5, 13, 12, 8) (29, 37, 36, 32) (0, 14, 3, 15) (24, 38, 27, 39) "
"OP(6,8,6,14,4,3,3,3,3)",0,Solved,"0,2890"," (4t+2)","0,2952","(\infty, 11, 17, \infty, 41, 35) (12, 4, 6, 10, 36, 28, 30, 34) (5, 44, 15, 29, 20, 39) (42, 9, 40, 43, 7, 14, 46, 18, 33, 16, 19, 31, 38, 22) (0, 1, 24, 25) (8, 21, 3) (32, 45, 27) (13, 2, 23) (37, 26, 47) "
"OP(4,8,6,4,4,4,14,3,3)",0,Solved,"0,0560"," (4t+2)","0,0597","(\infty, 46, \infty, 22) (45, 34, 39, 33, 21, 10, 15, 9) (26, 0, 32, 2, 24, 8) (30, 3, 42, 40) (6, 27, 18, 16) (35, 36, 11, 12) (29, 37, 44, 41, 7, 38, 25, 5, 13, 20, 17, 31, 14, 1) (43, 47, 28) (19, 23, 4) "
"OP(4,8,6,14,3,3,3,3,3,3)",0,Solved,"0,1020"," (4t+2)","0,1064","(\infty, 20, \infty, 44) (6, 11, 15, 8, 30, 35, 39, 32) (5, 13, 0, 29, 37, 24) (7, 23, 46, 1, 2, 33, 45, 31, 47, 22, 25, 26, 9, 21) (17, 27, 38) (41, 3, 14) (43, 4, 10) (19, 28, 34) (42, 40, 12) (18, 16, 36) "
"OP(4,8,5,5,5,5,4,14)",0,Solved,"0,0450"," (4t+2)","0,0494","(\infty, 1, \infty, 25) (23, 3, 9, 2, 47, 27, 33, 26) (0, 14, 15, 4, 8) (24, 38, 39, 28, 32) (16, 6, 11, 34, 7) (40, 30, 35, 10, 31) (21, 19, 45, 43) (17, 5, 18, 36, 20, 37, 22, 41, 29, 42, 12, 44, 13, 46) "
"OP(6,8,14,5,5,4,4,4)",0,Solved,"0,1770"," (4t+2)","0,1805","(\infty, 35, 3, \infty, 27, 11) (32, 29, 2, 38, 8, 5, 26, 14) (4, 33, 24, 46, 36, 41, 42, 28, 9, 0, 22, 12, 17, 18) (25, 45, 47, 34, 40) (1, 21, 23, 10, 16) (39, 31, 6, 43) (15, 7, 30, 19) (37, 44, 13, 20) "
"OP(6,8,14,5,5,3,3,3,3)",0,Solved,"0,0610"," (4t+2)","0,0656","(\infty, 21, 43, \infty, 19, 45) (39, 35, 12, 47, 15, 11, 36, 23) (1, 44, 5, 17, 9, 42, 8, 25, 20, 29, 41, 33, 18, 32) (0, 2, 13, 16, 6) (24, 26, 37, 40, 30) (38, 10, 31) (14, 34, 7) (27, 28, 46) (3, 4, 22) "
"OP(4,8,5,5,4,4,14,3,3)",0,Solved,"0,0410"," (4t+2)","0,0453","(\infty, 18, \infty, 42) (3, 14, 39, 20, 27, 38, 15, 44) (46, 19, 41, 13, 16) (22, 43, 17, 37, 40) (10, 23, 11, 1) (34, 47, 35, 25) (2, 7, 21, 36, 4, 5, 9, 26, 31, 45, 12, 28, 29, 33) (0, 8, 6) (24, 32, 30) "
"OP(6,8,14,4,4,4,4,3,3)",0,Solved,"0,0440"," (4t+2)","0,0481","(\infty, 2, 4, \infty, 28, 26) (6, 7, 10, 18, 30, 31, 34, 42) (33, 16, 27, 17, 47, 19, 35, 9, 40, 3, 41, 23, 43, 11) (45, 22, 15, 36) (21, 46, 39, 12) (13, 0, 14, 8) (37, 24, 38, 32) (1, 20, 5) (25, 44, 29) "
"OP(6,8,14,4,3,3,3,3,3,3)",0,Solved,"0,2050"," (4t+2)","0,2095","(\infty, 1, 5, \infty, 29, 25) (0, 13, 41, 23, 24, 37, 17, 47) (18, 45, 20, 35, 19, 8, 16, 42, 21, 44, 11, 43, 32, 40) (14, 4, 38, 28) (3, 6, 12) (27, 30, 36) (2, 7, 9) (26, 31, 33) (10, 22, 39) (34, 46, 15) "
"OP(4,8,4,4,4,4,4,4,14)",0,Solved,"0,0660"," (4t+2)","0,0699","(\infty, 4, \infty, 28) (5, 6, 2, 15, 29, 30, 26, 39) (8, 19, 10, 3) (32, 43, 34, 27) (7, 17, 35, 38) (31, 41, 11, 14) (0, 12, 18, 16) (24, 36, 42, 40) (47, 20, 1, 9, 37, 22, 45, 23, 44, 25, 33, 13, 46, 21) "
"OP(4,8,4,4,4,14,3,3,3,3)",0,Solved,"0,1510"," (4t+2)","0,1557","(\infty, 17, \infty, 41) (0, 4, 11, 14, 24, 28, 35, 38) (39, 12, 45, 19) (15, 36, 21, 43) (1, 20, 25, 44) (6, 5, 7, 13, 2, 10, 42, 30, 29, 31, 37, 26, 34, 18) (16, 3, 33) (40, 27, 9) (47, 22, 8) (23, 46, 32) "
"OP(4,8,14,3,3,3,3,3,3,3,3)",0,Solved,"0,1010"," (4t+2)","0,1052","(\infty, 4, \infty, 28) (38, 41, 23, 42, 14, 17, 47, 18) (1, 32, 36, 0, 2, 7, 39, 25, 8, 12, 24, 26, 31, 15) (44, 29, 21) (20, 5, 45) (11, 46, 37) (35, 22, 13) (9, 3, 10) (33, 27, 34) (6, 16, 43) (30, 40, 19) "
"OP(8,14,7,7,7,7)",0,Solved,"0,0490"," (4t+2)","0,0523","(\infty, 16, 34, 18, \infty, 42, 10, 40) (7, 19, 39, 20, 47, 14, 45, 31, 43, 15, 44, 23, 38, 21) (22, 13, 8, 1, 2, 12, 35) (46, 37, 32, 25, 26, 36, 11) (9, 17, 28, 6, 0, 3, 5) (33, 41, 4, 30, 24, 27, 29) "
"OP(4,7,7,7,7,4,14)",0,Solved,"0,0920"," (4t+2)","0,0957","(\infty, 0, \infty, 24) (2, 3, 7, 5, 8, 13, 19) (26, 27, 31, 29, 32, 37, 43) (4, 11, 20, 6, 42, 22, 12) (28, 35, 44, 30, 18, 46, 36) (10, 21, 34, 45) (33, 15, 47, 25, 40, 17, 38, 9, 39, 23, 1, 16, 41, 14) "
"OP(15,7,7,7,6,5,3)",,Infeasible,,Table config is not valid,,
"OP(8,14,7,7,6,4,4)",0,Solved,"0,0640"," (4t+2)","0,0680","(\infty, 44, 7, 4, \infty, 28, 31, 20) (14, 47, 11, 13, 0, 8, 22, 38, 23, 35, 37, 24, 32, 46) (3, 41, 16, 42, 15, 10, 9) (27, 17, 40, 18, 39, 34, 33) (21, 2, 6, 45, 26, 30) (12, 5, 25, 43) (36, 29, 1, 19) "
"OP(8,14,7,7,5,5,4)",0,Solved,"0,0510"," (4t+2)","0,0552","(\infty, 13, 47, 21, \infty, 45, 23, 37) (41, 22, 14, 9, 6, 4, 0, 17, 46, 38, 33, 30, 28, 24) (2, 3, 10, 16, 32, 42, 15) (26, 27, 34, 40, 8, 18, 39) (19, 7, 35, 12, 1) (43, 31, 11, 36, 25) (20, 5, 44, 29) "
"OP(15,7,7,7,5,3,3,3)",,Infeasible,,Table config is not valid,,
"OP(8,14,7,7,4,4,3,3)",0,Solved,"0,1750"," (4t+2)","0,1807","(\infty, 32, 4, 18, \infty, 42, 28, 8) (36, 9, 22, 37, 29, 47, 35, 12, 33, 46, 13, 5, 23, 11) (2, 40, 3, 1, 17, 0, 44) (26, 16, 27, 25, 41, 24, 20) (7, 10, 15, 6) (31, 34, 39, 30) (14, 43, 21) (38, 19, 45) "
"OP(4,7,7,6,6,6,14)",0,Solved,"0,0410"," (4t+2)","0,0448","(\infty, 22, \infty, 46) (3, 17, 36, 44, 23, 43, 18) (27, 41, 12, 20, 47, 19, 42) (11, 16, 32, 14, 10, 1) (35, 40, 8, 38, 34, 25) (2, 13, 39, 26, 37, 15) (21, 4, 5, 7, 0, 6, 9, 45, 28, 29, 31, 24, 30, 33) "
"OP(6,7,7,6,6,14,4)",0,Solved,"0,1320"," (4t+2)","0,1367","(\infty, 17, 7, \infty, 31, 41) (40, 39, 22, 43, 9, 2, 10) (16, 15, 46, 19, 33, 26, 34) (20, 18, 12, 3, 6, 1) (44, 42, 36, 27, 30, 25) (21, 5, 38, 13, 0, 11, 23, 45, 29, 14, 37, 24, 35, 47) (4, 8, 28, 32) "
"OP(4,7,7,6,6,14,3,3)",0,Solved,"0,0410"," (4t+2)","0,0448","(\infty, 12, \infty, 36) (3, 15, 41, 20, 7, 21, 14) (27, 39, 17, 44, 31, 45, 38) (10, 13, 46, 16, 11, 1) (34, 37, 22, 40, 35, 25) (2, 18, 43, 23, 4, 5, 9, 26, 42, 19, 47, 28, 29, 33) (0, 8, 6) (24, 32, 30) "
"OP(6,7,7,6,14,5,5)",0,Solved,"0,0510"," (4t+2)","0,0553","(\infty, 46, 20, \infty, 44, 22) (5, 7, 3, 11, 14, 23, 4) (29, 31, 27, 35, 38, 47, 28) (0, 6, 19, 24, 30, 43) (12, 1, 8, 18, 34, 17, 2, 36, 25, 32, 42, 10, 41, 26) (37, 16, 39, 21, 9) (13, 40, 15, 45, 33) "
"OP(6,7,7,6,14,4,3,3)",0,Solved,"0,0930"," (4t+2)","0,0965","(\infty, 10, 4, \infty, 28, 34) (13, 44, 11, 1, 2, 6, 22) (37, 20, 35, 25, 26, 30, 46) (14, 7, 9, 38, 31, 33) (15, 45, 18, 40, 17, 5, 19, 39, 21, 42, 16, 41, 29, 43) (23, 12, 47, 36) (0, 8, 3) (24, 32, 27) "
"OP(4,7,7,6,4,4,4,14)",0,Solved,"0,0980"," (4t+2)","0,1017","(\infty, 39, \infty, 15) (28, 7, 11, 12, 47, 1, 6) (4, 31, 35, 36, 23, 25, 30) (46, 5, 41, 22, 29, 17) (14, 8, 42, 45) (38, 32, 18, 21) (9, 0, 33, 24) (43, 20, 40, 10, 2, 13, 3, 19, 44, 16, 34, 26, 37, 27) "
"OP(4,7,7,6,14,3,3,3,3)",0,Solved,"0,1900"," (4t+2)","0,1940","(\infty, 10, \infty, 34) (6, 16, 23, 45, 14, 44, 15) (30, 40, 47, 21, 38, 20, 39) (13, 2, 4, 37, 26, 28) (11, 43, 18, 17, 5, 1, 7, 35, 19, 42, 41, 29, 25, 31) (3, 8, 0) (27, 32, 24) (46, 33, 12) (22, 9, 36) "
"OP(6,7,7,14,5,5,3,3)",0,Solved,"0,0620"," (4t+2)","0,0656","(\infty, 38, 32, \infty, 8, 14) (4, 11, 43, 41, 6, 1, 40) (28, 35, 19, 17, 30, 25, 16) (47, 37, 3, 31, 42, 45, 22, 23, 13, 27, 7, 18, 21, 46) (33, 15, 36, 10, 2) (9, 39, 12, 34, 26) (44, 0, 29) (20, 24, 5) "
"OP(4,7,7,5,5,4,4,14)",0,Solved,"0,0450"," (4t+2)","0,0486","(\infty, \infty, 23, 47) (42, 13, 5, 3, 9, 34, 16) (18, 37, 29, 27, 33, 10, 40) (4, 0, 20, 19, 7) (28, 24, 44, 43, 31) (1, 6, 17, 8) (25, 30, 41, 32) (12, 2, 15, 46, 14, 35, 21, 36, 26, 39, 22, 38, 11, 45) "
"OP(6,7,7,14,4,4,4,4)",0,Solved,"0,0650"," (4t+2)","0,0682","(\infty, 7, 1, \infty, 25, 31) (10, 22, 38, 21, 6, 19, 39) (34, 46, 14, 45, 30, 43, 15) (9, 5, 0, 8, 11, 18, 44, 33, 29, 24, 32, 35, 42, 20) (4, 3, 12, 2) (28, 27, 36, 26) (47, 17, 40, 13) (23, 41, 16, 37) "
"OP(6,7,7,14,4,3,3,3,3)",0,Solved,"0,1670"," (4t+2)","0,1714","(\infty, 43, 39, \infty, 15, 19) (25, 14, 6, 18, 9, 35, 32) (1, 38, 30, 42, 33, 11, 8) (47, 12, 13, 44, 16, 22, 7, 23, 36, 37, 20, 40, 46, 31) (3, 41, 27, 17) (5, 10, 28) (29, 34, 4) (0, 2, 21) (24, 26, 45) "
"OP(4,7,7,4,4,4,14,3,3)",0,Solved,"0,0430"," (4t+2)","0,0465","(\infty, 7, \infty, 31) (3, 13, 16, 23, 35, 19, 14) (27, 37, 40, 47, 11, 43, 38) (17, 45, 20, 46) (41, 21, 44, 22) (10, 1, 34, 25) (2, 15, 36, 18, 4, 5, 9, 26, 39, 12, 42, 28, 29, 33) (0, 8, 6) (24, 32, 30) "
"OP(4,7,7,14,3,3,3,3,3,3)",0,Solved,"0,0910"," (4t+2)","0,0951","(\infty, 25, \infty, 1) (23, 46, 10, 4, 13, 6, 40) (47, 22, 34, 28, 37, 30, 16) (36, 14, 33, 20, 5, 42, 2, 12, 38, 9, 44, 29, 18, 26) (8, 7, 11) (32, 31, 35) (19, 24, 3) (43, 0, 27) (45, 17, 15) (21, 41, 39) "
"OP(8,14,6,6,6,6,4)",0,Solved,"0,0680"," (4t+2)","0,0727","(\infty, 4, 29, 36, \infty, 12, 5, 28) (18, 3, 39, 21, 41, 1, 43, 42, 27, 15, 45, 17, 25, 19) (40, 13, 8, 10, 47, 31) (16, 37, 32, 34, 23, 7) (2, 46, 24, 11, 14, 33) (26, 22, 0, 35, 38, 9) (44, 30, 20, 6) "
"OP(8,14,6,6,6,5,5)",0,Solved,"0,0840"," (4t+2)","0,0886","(\infty, 3, 12, 31, \infty, 7, 36, 27) (16, 5, 0, 21, 4, 17, 15, 40, 29, 24, 45, 28, 41, 39) (6, 38, 18, 8, 1, 9) (30, 14, 42, 32, 25, 33) (2, 44, 22, 26, 20, 46) (11, 10, 43, 13, 47) (35, 34, 19, 37, 23) "
"OP(8,14,6,6,6,4,3,3)",0,Solved,"0,0740"," (4t+2)","0,0785","(\infty, 43, 11, 45, \infty, 21, 35, 19) (40, 20, 41, 23, 12, 6, 1, 16, 44, 17, 47, 36, 30, 25) (13, 5, 14, 15, 32, 42) (37, 29, 38, 39, 8, 18) (10, 22, 9, 34, 46, 33) (4, 2, 28, 26) (3, 7, 0) (27, 31, 24) "
"OP(8,14,6,6,5,5,3,3)",0,Solved,"0,4170"," (4t+2)","0,4218","(\infty, 17, 2, 3, \infty, 27, 26, 41) (46, 18, 6, 44, 23, 45, 15, 22, 42, 30, 20, 47, 21, 39) (7, 1, 32, 16, 12, 9) (31, 25, 8, 40, 36, 33) (34, 5, 13, 0, 11) (10, 29, 37, 24, 35) (19, 14, 28) (43, 38, 4) "
"OP(15,7,6,6,5,4,4,3)",,Infeasible,,Table config is not valid,,
"OP(8,14,6,6,4,4,4,4)",0,Solved,"0,0530"," (4t+2)","0,0573","(\infty, 15, 47, 17, \infty, 41, 23, 39) (21, 6, 7, 5, 8, 46, 18, 45, 30, 31, 29, 32, 22, 42) (10, 1, 9, 4, 11, 36) (34, 25, 33, 28, 35, 12) (13, 44, 0, 19) (37, 20, 24, 43) (16, 2, 14, 3) (40, 26, 38, 27) "
"OP(8,14,6,6,4,3,3,3,3)",0,Solved,"0,0610"," (4t+2)","0,0652","(\infty, 7, 0, 19, \infty, 43, 24, 31) (29, 4, 37, 47, 11, 45, 6, 5, 28, 13, 23, 35, 21, 30) (8, 38, 27, 33, 17, 34) (32, 14, 3, 9, 41, 10) (36, 40, 12, 16) (25, 20, 22) (1, 44, 46) (39, 26, 18) (15, 2, 42) "
"OP(15,7,6,5,5,5,4,3)",,Infeasible,,Table config is not valid,,
"OP(8,14,6,5,5,4,4,4)",0,Solved,"0,3130"," (4t+2)","0,3165","(\infty, 46, 37, 14, \infty, 38, 13, 22) (33, 36, 41, 35, 34, 0, 26, 9, 12, 17, 11, 10, 24, 2) (1, 31, 44, 25, 7, 20) (32, 47, 40, 42, 4) (8, 23, 16, 18, 28) (30, 3, 15, 19) (6, 27, 39, 43) (29, 21, 5, 45) "
"OP(8,14,6,5,5,3,3,3,3)",0,Solved,"0,0680"," (4t+2)","0,0711","(\infty, 15, 19, 33, \infty, 9, 43, 39) (42, 3, 44, 17, 1, 38, 35, 18, 27, 20, 41, 25, 14, 11) (23, 45, 32, 47, 21, 8) (5, 13, 36, 46, 0) (29, 37, 12, 22, 24) (10, 16, 28) (34, 40, 4) (7, 26, 6) (31, 2, 30) "
"OP(15,7,6,5,4,4,3,3,3)",,Infeasible,,Table config is not valid,,
"OP(8,14,6,4,4,4,4,3,3)",0,Solved,"0,1420"," (4t+2)","0,1464","(\infty, 27, 44, 15, \infty, 39, 20, 3) (12, 13, 35, 5, 38, 33, 42, 36, 37, 11, 29, 14, 9, 18) (6, 34, 46, 30, 10, 22) (1, 8, 43, 45) (25, 32, 19, 21) (2, 40, 0, 23) (26, 16, 24, 47) (41, 4, 7) (17, 28, 31) "
"OP(8,14,6,4,3,3,3,3,3,3)",0,Solved,"0,0870"," (4t+2)","0,0905","(\infty, 25, 44, 13, \infty, 37, 20, 1) (3, 41, 19, 7, 47, 0, 2, 27, 17, 43, 31, 23, 24, 26) (4, 10, 21, 28, 34, 45) (12, 33, 36, 9) (6, 39, 11) (30, 15, 35) (22, 40, 8) (46, 16, 32) (5, 18, 14) (29, 42, 38) "
"OP(15,7,5,5,5,5,5,3)",,Infeasible,,Table config is not valid,,
"OP(8,14,5,5,5,5,4,4)",0,Solved,"0,0520"," (4t+2)","0,0552","(\infty, 39, 20, 43, \infty, 19, 44, 15) (23, 40, 18, 3, 1, 6, 17, 47, 16, 42, 27, 25, 30, 41) (34, 46, 14, 0, 13) (10, 22, 38, 24, 37) (31, 11, 4, 12, 21) (7, 35, 28, 36, 45) (5, 2, 8, 9) (29, 26, 32, 33) "
"OP(15,7,5,5,5,4,3,3,3)",,Infeasible,,Table config is not valid,,
"OP(8,14,5,5,4,4,4,3,3)",0,Solved,"0,1060"," (4t+2)","0,1101","(\infty, 21, 38, 19, \infty, 43, 14, 45) (18, 7, 40, 15, 5, 41, 35, 42, 31, 16, 39, 29, 17, 11) (3, 37, 9, 44, 12) (27, 13, 33, 20, 36) (6, 46, 0, 1) (30, 22, 24, 25) (2, 23, 26, 47) (28, 32, 10) (4, 8, 34) "
"OP(8,14,5,5,3,3,3,3,3,3)",0,Solved,"0,1550"," (4t+2)","0,1596","(\infty, 12, 8, 0, \infty, 24, 32, 36) (2, 16, 13, 44, 15, 9, 42, 26, 40, 37, 20, 39, 33, 18) (11, 1, 47, 17, 6) (35, 25, 23, 41, 30) (3, 4, 29) (27, 28, 5) (31, 22, 43) (7, 46, 19) (21, 34, 14) (45, 10, 38) "
"OP(15,7,5,4,4,4,4,4,3)",,Infeasible,,Table config is not valid,,
"OP(15,7,5,4,4,3,3,3,3,3)",,Infeasible,,Table config is not valid,,
"OP(8,14,4,4,4,4,4,4,4)",0,Solved,"0,0530"," (4t+2)","0,0573","(\infty, 7, 23, 43, \infty, 19, 47, 31) (41, 22, 14, 9, 6, 4, 0, 17, 46, 38, 33, 30, 28, 24) (2, 3, 10, 16) (26, 27, 34, 40) (8, 18, 39, 21) (32, 42, 15, 45) (12, 35, 13, 1) (36, 11, 37, 25) (20, 5, 44, 29) "
"OP(8,14,4,4,4,4,3,3,3,3)",0,Solved,"0,0880"," (4t+2)","0,0924","(\infty, 41, 43, 21, \infty, 45, 19, 17) (27, 46, 11, 29, 8, 39, 28, 3, 22, 35, 5, 32, 15, 4) (44, 36, 40, 37) (20, 12, 16, 13) (47, 14, 24, 33) (23, 38, 0, 9) (18, 6, 34) (42, 30, 10) (1, 2, 7) (25, 26, 31) "
"OP(8,14,4,3,3,3,3,3,3,3,3)",0,Solved,"0,6470"," (4t+2)","0,6511","(\infty, 6, 45, 14, \infty, 38, 21, 30) (47, 22, 9, 4, 41, 3, 1, 23, 46, 33, 28, 17, 27, 25) (2, 5, 26, 29) (12, 13, 42) (36, 37, 18) (43, 11, 7) (19, 35, 31) (44, 10, 16) (20, 34, 40) (0, 8, 15) (24, 32, 39) "
"OP(6,6,6,6,6,6,14)",0,Solved,"0,0450"," (4t+2)","0,0492","(\infty, 7, 19, \infty, 43, 31) (8, 21, 12, 23, 44, 22) (32, 45, 36, 47, 20, 46) (0, 18, 2, 6, 16, 15) (24, 42, 26, 30, 40, 39) (10, 5, 3, 34, 29, 27) (1, 4, 11, 17, 37, 14, 33, 25, 28, 35, 41, 13, 38, 9) "
"OP(6,6,6,6,6,14,3,3)",0,Solved,"0,0470"," (4t+2)","0,0510","(\infty, 6, 12, \infty, 36, 30) (10, 15, 41, 8, 44, 13) (34, 39, 17, 32, 20, 37) (1, 0, 18, 2, 23, 3) (25, 24, 42, 26, 47, 27) (4, 43, 14, 22, 9, 16, 5, 28, 19, 38, 46, 33, 40, 29) (11, 7, 21) (35, 31, 45) "
"OP(4,6,6,6,6,4,4,14)",0,Solved,"0,0490"," (4t+2)","0,0533","(\infty, 1, \infty, 25) (4, 3, 6, 2, 0, 9) (28, 27, 30, 26, 24, 33) (46, 36, 19, 8, 16, 34) (22, 12, 43, 32, 40, 10) (31, 18, 11, 5) (7, 42, 35, 29) (47, 13, 45, 17, 44, 15, 38, 23, 37, 21, 41, 20, 39, 14) "
"OP(4,6,6,6,5,5,4,14)",0,Solved,"0,0460"," (4t+2)","0,0500","(\infty, 1, \infty, 25) (2, 3, 9, 5, 14, 12) (26, 27, 33, 29, 38, 36) (6, 18, 44, 30, 42, 20) (10, 7, 0, 8, 21) (34, 31, 24, 32, 45) (47, 4, 23, 28) (11, 41, 13, 46, 15, 40, 19, 35, 17, 37, 22, 39, 16, 43) "
"OP(6,6,6,6,14,4,4,4)",0,Solved,"0,3380"," (4t+2)","0,3427","(\infty, 3, 45, \infty, 21, 27) (42, 41, 5, 33, 37, 32) (18, 17, 29, 9, 13, 8) (43, 24, 1, 19, 0, 25) (44, 10, 31, 40, 38, 46, 35, 20, 34, 7, 16, 14, 22, 11) (26, 39, 36, 4) (2, 15, 12, 28) (47, 30, 23, 6) "
"OP(6,6,6,6,14,3,3,3,3)",0,Solved,"0,0560"," (4t+2)","0,0600","(\infty, 4, 24, \infty, 0, 28) (9, 42, 8, 39, 40, 30) (33, 18, 32, 15, 16, 6) (37, 44, 26, 13, 20, 2) (34, 5, 21, 43, 41, 47, 35, 10, 29, 45, 19, 17, 23, 11) (27, 31, 36) (3, 7, 12) (38, 1, 46) (14, 25, 22) "
"OP(4,6,6,6,4,4,14,3,3)",0,Solved,"0,0600"," (4t+2)","0,0637","(\infty, 15, \infty, 39) (3, 2, 7, 21, 38, 5) (27, 26, 31, 45, 14, 29) (18, 43, 23, 42, 19, 47) (6, 9, 16, 32) (30, 33, 40, 8) (22, 13, 1, 12, 20, 41, 11, 46, 37, 25, 36, 44, 17, 35) (4, 10, 0) (28, 34, 24) "
"OP(4,6,6,5,5,5,5,14)",0,Solved,"0,0650"," (4t+2)","0,0692","(\infty, 4, \infty, 28) (5, 6, 2, 16, 19, 7) (29, 30, 26, 40, 43, 31) (8, 3, 10, 23, 14) (32, 27, 34, 47, 38) (11, 0, 18, 44, 21) (35, 24, 42, 20, 45) (36, 17, 1, 9, 37, 22, 39, 12, 41, 25, 33, 13, 46, 15) "
"OP(6,6,6,14,5,5,4,4)",0,Solved,"0,0440"," (4t+2)","0,0500","(\infty, 42, 16, \infty, 40, 18) (7, 21, 44, 13, 41, 23) (31, 45, 20, 37, 17, 47) (11, 32, 19, 12, 6, 1, 2, 35, 8, 43, 36, 30, 25, 26) (15, 4, 14, 22, 34) (39, 28, 38, 46, 10) (9, 0, 3, 5) (33, 24, 27, 29) "
"OP(4,6,6,5,5,4,14,3,3)",0,Solved,"0,0420"," (4t+2)","0,0477","(\infty, 2, \infty, 26) (3, 4, 6, 9, 1, 7) (27, 28, 30, 33, 25, 31) (8, 15, 34, 45, 17) (32, 39, 10, 21, 41) (12, 22, 36, 46) (11, 43, 20, 37, 16, 38, 23, 35, 19, 44, 13, 40, 14, 47) (18, 0, 5) (42, 24, 29) "
"OP(6,6,6,14,4,4,4,3,3)",0,Solved,"0,1240"," (4t+2)","0,1285","(\infty, 39, 1, \infty, 25, 15) (12, 5, 7, 24, 40, 20) (36, 29, 31, 0, 16, 44) (28, 9, 10, 14, 27, 13, 46, 4, 33, 34, 38, 3, 37, 22) (26, 17, 47, 21) (2, 41, 23, 45) (8, 11, 32, 35) (6, 18, 43) (30, 42, 19) "
"OP(6,6,6,14,3,3,3,3,3,3)",0,Solved,"0,0780"," (4t+2)","0,0834","(\infty, 43, 17, \infty, 41, 19) (12, 45, 11, 42, 22, 47) (36, 21, 35, 18, 46, 23) (7, 1, 10, 3, 15, 20, 2, 31, 25, 34, 27, 39, 44, 26) (0, 16, 37) (24, 40, 13) (14, 4, 6) (38, 28, 30) (9, 5, 8) (33, 29, 32) "
"OP(4,6,6,4,4,4,4,4,14)",0,Solved,"0,0660"," (4t+2)","0,0701","(\infty, 28, \infty, 4) (34, 41, 12, 30, 5, 19) (10, 17, 36, 6, 29, 43) (27, 7, 45, 40) (3, 31, 21, 16) (42, 46, 37, 15) (18, 22, 13, 39) (24, 8, 0, 32) (35, 23, 25, 26, 9, 20, 14, 11, 47, 1, 2, 33, 44, 38) "
"OP(4,6,6,4,4,14,3,3,3,3)",0,Solved,"0,1310"," (4t+2)","0,1353","(\infty, 46, \infty, 22) (44, 35, 1, 8, 41, 28) (20, 11, 25, 32, 17, 4) (0, 2, 3, 40) (24, 26, 27, 16) (38, 21, 9, 30, 7, 37, 42, 14, 45, 33, 6, 31, 13, 18) (47, 43, 5) (23, 19, 29) (10, 39, 36) (34, 15, 12) "
"OP(6,6,14,5,5,5,5,4)",0,Solved,"0,1700"," (4t+2)","0,1748","(\infty, 16, 22, \infty, 46, 40) (0, 1, 17, 24, 25, 41) (5, 7, 36, 32, 15, 20, 2, 29, 31, 12, 8, 39, 44, 26) (3, 23, 14, 37, 11) (27, 47, 38, 13, 35) (4, 19, 9, 6, 18) (28, 43, 33, 30, 42) (34, 21, 10, 45) "
"OP(4,6,5,5,5,5,14,3,3)",0,Solved,"0,0490"," (4t+2)","0,0524","(\infty, 4, \infty, 28) (5, 12, 17, 29, 36, 41) (8, 16, 33, 42, 19) (32, 40, 9, 18, 43) (0, 2, 3, 6, 10) (24, 26, 27, 30, 34) (21, 47, 13, 46, 14, 35, 15, 45, 23, 37, 22, 38, 11, 39) (1, 20, 7) (25, 44, 31) "
"OP(6,6,14,5,5,4,4,3,3)",0,Solved,"0,0480"," (4t+2)","0,0520","(\infty, 6, 16, \infty, 40, 30) (4, 12, 37, 28, 36, 13) (19, 8, 20, 41, 22, 39, 9, 43, 32, 44, 17, 46, 15, 33) (7, 1, 2, 18, 11) (31, 25, 26, 42, 35) (38, 23, 45, 10) (14, 47, 21, 34) (0, 5, 3) (24, 29, 27) "
"OP(4,6,5,5,4,4,4,4,14)",0,Solved,"0,0590"," (4t+2)","0,0639","(\infty, 3, \infty, 27) (4, 5, 7, 28, 29, 31) (9, 15, 6, 17, 1) (33, 39, 30, 41, 25) (11, 26, 13, 8) (35, 2, 37, 32) (16, 23, 45, 20) (40, 47, 21, 44) (36, 18, 46, 10, 0, 14, 43, 12, 42, 22, 34, 24, 38, 19) "
"OP(4,6,5,5,4,14,3,3,3,3)",0,Solved,"0,0470"," (4t+2)","0,0510","(\infty, 12, \infty, 36) (19, 9, 30, 43, 33, 6) (17, 42, 39, 11, 0) (41, 18, 15, 35, 24) (8, 23, 32, 47) (3, 4, 45, 16, 10, 44, 1, 27, 28, 21, 40, 34, 20, 25) (5, 7, 37) (29, 31, 13) (26, 14, 22) (2, 38, 46) "
"OP(6,6,14,4,4,4,4,4,4)",0,Solved,"0,1020"," (4t+2)","0,1077","(\infty, 35, 5, \infty, 29, 11) (10, 9, 15, 34, 33, 39) (18, 43, 4, 21, 17, 14, 6, 42, 19, 28, 45, 41, 38, 30) (1, 23, 2, 12) (25, 47, 26, 36) (40, 27, 13, 8) (16, 3, 37, 32) (31, 24, 44, 46) (7, 0, 20, 22) "
"OP(6,6,14,4,4,4,3,3,3,3)",0,Solved,"0,3650"," (4t+2)","0,3686","(\infty, 41, 9, \infty, 33, 17) (7, 42, 21, 31, 18, 45) (8, 22, 3, 2, 19, 4, 44, 32, 46, 27, 26, 43, 28, 20) (38, 35, 29, 34) (14, 11, 5, 10) (39, 37, 15, 13) (6, 47, 24) (30, 23, 0) (12, 40, 1) (36, 16, 25) "
"OP(6,6,14,3,3,3,3,3,3,3,3)",0,Solved,"0,2170"," (4t+2)","0,2220","(\infty, 17, 9, \infty, 33, 41) (0, 12, 6, 24, 36, 30) (3, 23, 46, 20, 37, 34, 29, 27, 47, 22, 44, 13, 10, 5) (32, 43, 28) (8, 19, 4) (39, 1, 40) (15, 25, 16) (18, 31, 2) (42, 7, 26) (21, 14, 35) (45, 38, 11) "
"OP(4,6,4,4,4,4,4,14,3,3)",0,Solved,"0,0370"," (4t+2)","0,0403","(\infty, 44, \infty, 20) (16, 17, 12, 40, 41, 36) (23, 32, 46, 5) (47, 8, 22, 29) (38, 19, 27, 0) (14, 43, 3, 24) (11, 9, 35, 33) (18, 31, 15, 30, 34, 28, 45, 42, 7, 39, 6, 10, 4, 21) (1, 37, 26) (25, 13, 2) "
"OP(4,6,4,4,14,3,3,3,3,3,3)",0,Solved,"0,0410"," (4t+2)","0,0455","(\infty, 3, \infty, 27) (38, 21, 6, 14, 45, 30) (41, 36, 7, 18) (17, 12, 31, 42) (8, 11, 10, 23, 29, 20, 0, 32, 35, 34, 47, 5, 44, 24) (22, 4, 26) (46, 28, 2) (43, 9, 16) (19, 33, 40) (25, 13, 15) (1, 37, 39) "
"OP(6,14,5,5,5,5,5,5)",0,Solved,"0,0770"," (4t+2)","0,0805","(\infty, 0, 2, \infty, 26, 24) (3, 6, 5, 9, 4, 10, 17, 27, 30, 29, 33, 28, 34, 41) (7, 15, 32, 43, 16) (31, 39, 8, 19, 40) (11, 23, 38, 13, 45) (35, 47, 14, 37, 21) (12, 25, 44, 22, 42) (36, 1, 20, 46, 18) "
"OP(6,14,5,5,5,5,4,3,3)",0,Solved,"0,0460"," (4t+2)","0,0501","(\infty, 7, 35, \infty, 11, 31) (3, 28, 34, 38, 47, 36, 43, 27, 4, 10, 14, 23, 12, 19) (37, 32, 2, 33, 45) (13, 8, 26, 9, 21) (40, 5, 24, 46, 25) (16, 29, 0, 22, 1) (44, 30, 20, 6) (42, 39, 41) (18, 15, 17) "
"OP(4,5,5,5,5,4,4,4,14)",0,Solved,"0,0900"," (4t+2)","0,0938","(\infty, 0, \infty, 24) (2, 3, 7, 5, 8) (26, 27, 31, 29, 32) (4, 9, 16, 30, 12) (28, 33, 40, 6, 36) (10, 19, 39, 20) (34, 43, 15, 44) (11, 22, 35, 46) (38, 17, 42, 25, 37, 21, 47, 14, 41, 18, 1, 13, 45, 23) "
"OP(4,5,5,5,5,14,3,3,3,3)",0,Solved,"0,0490"," (4t+2)","0,0528","(\infty, 2, \infty, 26) (4, 5, 7, 10, 17) (28, 29, 31, 34, 41) (22, 16, 27, 18, 43) (46, 40, 3, 42, 19) (21, 38, 23, 33, 15, 35, 13, 45, 14, 47, 9, 39, 11, 37) (0, 12, 8) (24, 36, 32) (1, 20, 6) (25, 44, 30) "
"OP(6,14,5,5,4,4,4,4,4)",0,Solved,"0,1140"," (4t+2)","0,1182","(\infty, 38, 26, \infty, 2, 14) (4, 35, 40, 34, 43, 39, 5, 28, 11, 16, 10, 19, 15, 29) (27, 45, 44, 31, 42) (3, 21, 20, 7, 18) (33, 6, 46, 36) (9, 30, 22, 12) (0, 41, 13, 32) (24, 17, 37, 8) (25, 47, 1, 23) "
"OP(6,14,5,5,4,4,3,3,3,3)",0,Solved,"0,1180"," (4t+2)","0,1350","(\infty, 1, 37, \infty, 13, 25) (29, 40, 0, 43, 34, 47, 21, 5, 16, 24, 19, 10, 23, 45) (17, 31, 38, 42, 44) (41, 7, 14, 18, 20) (30, 15, 12, 11) (6, 39, 36, 35) (32, 22, 4) (8, 46, 28) (9, 26, 3) (33, 2, 27) "
"OP(4,5,5,4,4,4,4,14,3,3)",0,Solved,"0,0550"," (4t+2)","0,0594","(\infty, 3, \infty, 27) (4, 5, 7, 13, 17) (28, 29, 31, 37, 41) (30, 10, 1, 22) (6, 34, 25, 46) (26, 11, 8, 15) (2, 35, 32, 39) (23, 40, 18, 36, 20, 45, 9, 47, 16, 42, 12, 44, 21, 33) (0, 14, 19) (24, 38, 43) "
"OP(4,5,5,4,14,3,3,3,3,3,3)",0,Solved,"0,0780"," (4t+2)","0,0816","(\infty, 18, \infty, 42) (19, 47, 14, 35, 45) (43, 23, 38, 11, 21) (36, 17, 12, 41) (16, 29, 15, 9, 0, 31, 8, 40, 5, 39, 33, 24, 7, 32) (46, 6, 10) (22, 30, 34) (13, 20, 2) (37, 44, 26) (3, 4, 1) (27, 28, 25) "
"OP(6,14,4,4,4,4,4,4,3,3)",0,Solved,"0,0970"," (4t+2)","0,1005","(\infty, 21, 13, \infty, 37, 45) (40, 31, 30, 36, 3, 34, 29, 16, 7, 6, 12, 27, 10, 5) (32, 44, 23, 4) (8, 20, 47, 28) (2, 9, 43, 18) (26, 33, 19, 42) (38, 0, 46, 1) (14, 24, 22, 25) (15, 41, 11) (39, 17, 35) "
"OP(6,14,4,4,4,3,3,3,3,3,3)",0,Solved,"0,1090"," (4t+2)","0,1141","(\infty, 16, 42, \infty, 18, 40) (13, 17, 36, 6, 20, 47, 31, 37, 41, 12, 30, 44, 23, 7) (11, 3, 0, 1) (35, 27, 24, 25) (14, 5, 38, 29) (22, 10, 45) (46, 34, 21) (9, 4, 2) (33, 28, 26) (32, 15, 43) (8, 39, 19) "
"OP(6,14,3,3,3,3,3,3,3,3,3,3)",0,Solved,"0,0990"," (4t+2)","0,1039","(\infty, 4, 36, \infty, 12, 28) (6, 10, 1, 3, 2, 22, 43, 30, 34, 25, 27, 26, 46, 19) (45, 8, 11) (21, 32, 35) (17, 5, 0) (41, 29, 24) (13, 31, 23) (37, 7, 47) (44, 15, 38) (20, 39, 14) (42, 9, 16) (18, 33, 40) "
"OP(4,4,4,4,4,4,4,4,4,14)",0,Solved,"0,0490"," (4t+2)","0,0537","(\infty, 1, \infty, 25) (8, 3, 5, 2) (32, 27, 29, 26) (0, 10, 11, 4) (24, 34, 35, 28) (6, 36, 23, 14) (30, 12, 47, 38) (18, 33, 19, 7) (42, 9, 43, 31) (41, 13, 45, 16, 39, 22, 44, 17, 37, 21, 40, 15, 46, 20) "
"OP(4,4,4,4,4,4,14,3,3,3,3)",0,Solved,"0,1370"," (4t+2)","0,1415","(\infty, 45, \infty, 21) (4, 2, 6, 15) (28, 26, 30, 39) (5, 19, 36, 20) (29, 43, 12, 44) (9, 10, 33, 34) (13, 23, 11, 41, 22, 42, 16, 37, 47, 35, 17, 46, 18, 40) (1, 7, 14) (25, 31, 38) (3, 0, 8) (27, 24, 32) "
"OP(4,4,4,14,3,3,3,3,3,3,3,3)",0,Solved,"0,1390"," (4t+2)","0,1486","(\infty, 15, \infty, 39) (37, 47, 22, 43) (13, 23, 46, 19) (0, 31, 34, 8, 28, 36, 38, 24, 7, 10, 32, 4, 12, 14) (5, 9, 44) (29, 33, 20) (30, 35, 42) (6, 11, 18) (21, 3, 40) (45, 27, 16) (26, 41, 25) (2, 17, 1) "
"OP(14,14,14,8)",0,Solved,"0,0670"," (4t+2)","0,0707","(\infty, 20, 0, 21, 40, 23, 10, \infty, 34, 47, 16, 45, 24, 44) (1, 3, 37, 22, 38, 12, 4, 11, 15, 33, 43, 18, 7, 6) (25, 27, 13, 46, 14, 36, 28, 35, 39, 9, 19, 42, 31, 30) (17, 8, 2, 5, 41, 32, 26, 29) "
"OP(4,14,4)",0,Solved,"0,0370"," (4t+2)","0,0408","(\infty, 1, \infty, 25) (4, 3, 6, 2, 0, 5, 11, 28, 27, 30, 26, 24, 29, 35) (19, 9, 43, 33) "
"OP(14,14,14,4,4)",0,Solved,"0,0620"," (4t+2)","0,0659","(\infty, 3, 4, 6, 9, 21, 43, \infty, 19, 45, 33, 30, 28, 27) (35, 15, 1, 22, 26, 13, 8, 14, 23, 40, 17, 36, 20, 5) (11, 39, 25, 46, 2, 37, 32, 38, 47, 16, 41, 12, 44, 29) (7, 0, 10, 18) (31, 24, 34, 42) "
"OP(10,14)",0,Solved,"0,0550"," (4t+2)","0,0594","(\infty, 18, 47, 20, 40, \infty, 16, 44, 23, 42) (3, 5, 19, 11, 4, 0, 15, 27, 29, 43, 35, 28, 24, 39) "
"OP(4,14,6)",0,Solved,"0,0460"," (4t+2)","0,0510","(\infty, 15, \infty, 39) (20, 9, 1, 10, 22, 47, 18, 44, 33, 25, 34, 46, 23, 42) (14, 21, 11, 38, 45, 35) "
"OP(6,14,4)",0,Solved,"0,0650"," (4t+2)","0,0696","(\infty, 22, 10, \infty, 34, 46) (38, 15, 12, 4, 5, 7, 3, 14, 39, 36, 28, 29, 31, 27) (41, 23, 17, 47) "
"OP(4,14,3,3)",0,Solved,"0,0850"," (4t+2)","0,0889","(\infty, 8, \infty, 32) (22, 38, 20, 39, 12, 47, 21, 46, 14, 44, 15, 36, 23, 45) (9, 19, 31) (33, 43, 7) "
"OP(14,14,12,10)",0,Solved,"0,0480"," (4t+2)","0,0520","(\infty, 20, 47, 17, 40, 18, 4, \infty, 28, 42, 16, 41, 23, 44) (6, 7, 3, 8, 5, 38, 22, 30, 31, 27, 32, 29, 14, 46) (2, 9, 11, 0, 10, 39, 26, 33, 35, 24, 34, 15) (21, 1, 13, 19, 36, 45, 25, 37, 43, 12) "
"OP(4,12,6)",0,Solved,"0,0410"," (4t+2)","0,0458","(\infty, 18, \infty, 42) (47, 13, 5, 3, 9, 10, 23, 37, 29, 27, 33, 34) (7, 4, 0, 31, 28, 24) "
"OP(14,14,12,6,4)",0,Solved,"0,0730"," (4t+2)","0,0770","(\infty, 0, 17, 4, 29, 9, 42, \infty, 18, 33, 5, 28, 41, 24) (40, 6, 2, 44, 15, 22, 21, 16, 30, 26, 20, 39, 46, 45) (19, 8, 38, 12, 3, 11, 43, 32, 14, 36, 27, 35) (23, 25, 37, 47, 1, 13) (34, 7, 10, 31) "
"OP(14,14,12,5,5)",0,Solved,"0,0720"," (4t+2)","0,0764","(\infty, 35, 42, 25, 4, 37, 5, \infty, 29, 13, 28, 1, 18, 11) (6, 36, 45, 44, 9, 38, 2, 30, 12, 21, 20, 33, 14, 26) (32, 46, 24, 34, 39, 31, 8, 22, 0, 10, 15, 7) (3, 47, 41, 43, 40) (27, 23, 17, 19, 16) "
"OP(14,14,12,4,3,3)",0,Solved,"0,1970"," (4t+2)","0,2016","(\infty, 3, 13, 8, 2, 9, 5, \infty, 29, 33, 26, 32, 37, 27) (7, 4, 12, 42, 15, 6, 17, 31, 28, 36, 18, 39, 30, 41) (47, 11, 43, 20, 21, 40, 23, 35, 19, 44, 45, 16) (22, 0, 46, 24) (14, 34, 1) (38, 10, 25) "
"OP(14,14,11,11)",0,Solved,"0,0460"," (4t+2)","0,0497","(\infty, 47, 12, 27, 9, 10, 19, \infty, 43, 34, 33, 3, 36, 23) (2, 13, 20, 45, 7, 4, 30, 26, 37, 44, 21, 31, 28, 6) (5, 0, 8, 14, 35, 16, 18, 46, 15, 1, 17) (29, 24, 32, 38, 11, 40, 42, 22, 39, 25, 41) "
"OP(4,10,8)",0,Solved,"0,0420"," (4t+2)","0,0461","(\infty, 15, \infty, 39) (46, 13, 5, 3, 9, 22, 37, 29, 27, 33) (23, 7, 4, 0, 47, 31, 28, 24) "
"OP(8,10,4)",0,Solved,"0,0780"," (4t+2)","0,0815","(\infty, 2, 39, 38, \infty, 14, 15, 26) (21, 44, 34, 8, 36, 45, 20, 10, 32, 12) (9, 13, 33, 37) "
"OP(6,10,6)",0,Solved,"0,0510"," (4t+2)","0,0557","(\infty, 2, 4, \infty, 28, 26) (5, 6, 11, 14, 42, 29, 30, 35, 38, 18) (16, 27, 10, 40, 3, 34) "
"OP(6,10,3,3)",0,Solved,"0,0480"," (4t+2)","0,0530","(\infty, 5, 13, \infty, 37, 29) (8, 19, 39, 17, 47, 32, 43, 15, 41, 23) (7, 4, 0) (31, 28, 24) "
"OP(4,10,4,4)",0,Solved,"0,0820"," (4t+2)","0,0858","(\infty, 30, \infty, 6) (3, 0, 8, 21, 41, 27, 24, 32, 45, 17) (35, 16, 42, 12) (11, 40, 18, 36) "
"OP(4,9,9)",0,Solved,"0,0410"," (4t+2)","0,0448","(\infty, \infty, 23, 47) (34, 7, 20, 38, 12, 46, 15, 43, 18) (10, 31, 44, 14, 36, 22, 39, 19, 42) "
"OP(14,14,10,8,4)",0,Solved,"0,0440"," (4t+2)","0,0484","(\infty, 6, 17, 34, 47, 18, 8, \infty, 32, 42, 23, 10, 41, 30) (46, 20, 43, 15, 45, 11, 38, 22, 44, 19, 39, 21, 35, 14) (1, 2, 4, 7, 13, 25, 26, 28, 31, 37) (16, 9, 5, 0, 40, 33, 29, 24) (3, 12, 27, 36) "
"OP(6,10,6)",0,Solved,"0,0510"," (4t+2)","0,0545","(\infty, 2, 4, \infty, 28, 26) (5, 6, 11, 14, 42, 29, 30, 35, 38, 18) (16, 27, 10, 40, 3, 34) "
"OP(14,14,10,6,6)",0,Solved,"0,0450"," (4t+2)","0,0489","(\infty, 15, 4, 16, 31, 13, 47, \infty, 23, 37, 7, 40, 28, 39) (21, 41, 22, 43, 20, 36, 10, 45, 17, 46, 19, 44, 12, 34) (1, 2, 11, 18, 8, 25, 26, 35, 42, 32) (9, 14, 6, 0, 3, 5) (33, 38, 30, 24, 27, 29) "
"OP(14,14,10,6,3,3)",0,Solved,"0,1880"," (4t+2)","0,1919","(\infty, 17, 20, 36, 3, 16, 23, \infty, 47, 40, 27, 12, 44, 41) (5, 13, 11, 1, 22, 39, 30, 29, 37, 35, 25, 46, 15, 6) (38, 43, 31, 9, 34, 14, 19, 7, 33, 10) (42, 0, 4, 18, 24, 28) (2, 21, 32) (26, 45, 8) "
"OP(4,10,4,4)",0,Solved,"0,0750"," (4t+2)","0,0792","(\infty, 30, \infty, 6) (3, 0, 8, 21, 41, 27, 24, 32, 45, 17) (35, 16, 42, 12) (11, 40, 18, 36) "
"OP(14,14,10,4,4,4)",0,Solved,"0,2360"," (4t+2)","0,2398","(\infty, 27, 47, 16, 39, 36, 17, \infty, 41, 12, 15, 40, 23, 3) (31, 10, 42, 5, 45, 11, 46, 7, 34, 18, 29, 21, 35, 22) (0, 44, 14, 4, 9, 24, 20, 38, 28, 33) (43, 2, 1, 37) (19, 26, 25, 13) (30, 32, 6, 8) "
"OP(14,14,10,3,3,3,3)",0,Solved,"0,0610"," (4t+2)","0,0652","(\infty, 31, 24, 29, 17, 35, 45, \infty, 21, 11, 41, 5, 0, 7) (42, 20, 43, 23, 32, 16, 10, 18, 44, 19, 47, 8, 40, 34) (12, 25, 14, 28, 9, 36, 1, 38, 4, 33) (13, 46, 15) (37, 22, 39) (6, 3, 2) (30, 27, 26) "
"OP(14,14,9,9,4)",0,Solved,"0,0470"," (4t+2)","0,0507","(\infty, 9, 22, 7, 21, 38, 15, \infty, 39, 14, 45, 31, 46, 33) (16, 6, 5, 1, 4, 10, 19, 40, 30, 29, 25, 28, 34, 43) (20, 8, 3, 11, 18, 37, 17, 47, 36) (44, 32, 27, 35, 42, 13, 41, 23, 12) (0, 2, 24, 26) "
"OP(6,8,8)",0,Solved,"0,0830"," (4t+2)","0,0883","(\infty, 0, 2, \infty, 26, 24) (3, 6, 5, 9, 15, 4, 16, 8) (27, 30, 29, 33, 39, 28, 40, 32) "
"OP(8,8,6)",0,Solved,"0,0810"," (4t+2)","0,0866","(\infty, 19, 42, 9, \infty, 33, 18, 43) (8, 20, 40, 11, 32, 44, 16, 35) (7, 2, 3, 31, 26, 27) "
"OP(8,8,3,3)",0,Solved,"0,0610"," (4t+2)","0,0655","(\infty, 37, 32, 5, \infty, 29, 8, 13) (47, 38, 35, 36, 23, 14, 11, 12) (34, 9, 40) (10, 33, 16) "
"OP(4,8,6,4)",0,Solved,"0,0470"," (4t+2)","0,0516","(\infty, 2, \infty, 26) (3, 4, 6, 10, 27, 28, 30, 34) (1, 9, 12, 25, 33, 36) (5, 15, 29, 39) "
"OP(4,8,5,5)",0,Solved,"0,0400"," (4t+2)","0,0441","(\infty, 21, \infty, 45) (20, 41, 19, 7, 44, 17, 43, 31) (2, 0, 18, 11, 3) (26, 24, 42, 35, 27) "
"OP(6,8,4,4)",0,Solved,"0,1800"," (4t+2)","0,1840","(\infty, 35, 1, \infty, 25, 11) (44, 2, 45, 46, 20, 26, 21, 22) (28, 0, 30, 41) (4, 24, 6, 17) "
"OP(4,8,4,3,3)",0,Solved,"0,0440"," (4t+2)","0,0477","(\infty, 10, \infty, 34) (11, 20, 41, 15, 35, 44, 17, 39) (12, 23, 36, 47) (7, 0, 18) (31, 24, 42) "
"OP(14,14,8,8,6)",0,Solved,"0,0500"," (4t+2)","0,0537","(\infty, 12, 40, 11, 13, 8, 18, \infty, 42, 32, 37, 35, 16, 36) (1, 15, 2, 5, 14, 22, 47, 25, 39, 26, 29, 38, 46, 23) (6, 43, 10, 41, 20, 4, 0, 7) (30, 19, 34, 17, 44, 28, 24, 31) (21, 3, 9, 45, 27, 33) "
"OP(14,14,8,8,3,3)",0,Solved,"0,0440"," (4t+2)","0,0484","(\infty, 4, 14, 30, 47, 20, 40, \infty, 16, 44, 23, 6, 38, 28) (41, 12, 37, 22, 10, 21, 39, 17, 36, 13, 46, 34, 45, 15) (1, 2, 9, 18, 32, 19, 11, 7) (25, 26, 33, 42, 8, 43, 35, 31) (0, 5, 3) (24, 29, 27) "
"OP(14,14,8,7,7)",0,Solved,"0,0440"," (4t+2)","0,0487","(\infty, 33, 43, 12, 14, 47, 17, \infty, 41, 23, 38, 36, 19, 9) (28, 34, 27, 15, 35, 0, 1, 4, 10, 3, 39, 11, 24, 25) (42, 20, 31, 22, 18, 44, 7, 46) (26, 5, 30, 16, 32, 37, 45) (2, 29, 6, 40, 8, 13, 21) "
"OP(4,7,7,4)",0,Solved,"0,0780"," (4t+2)","0,0818","(\infty, 0, \infty, 24) (2, 3, 7, 5, 8, 13, 19) (26, 27, 31, 29, 32, 37, 43) (4, 12, 28, 36) "
"OP(4,8,5,5)",0,Solved,"0,0390"," (4t+2)","0,0436","(\infty, 21, \infty, 45) (20, 41, 19, 7, 44, 17, 43, 31) (2, 0, 18, 11, 3) (26, 24, 42, 35, 27) "
"OP(14,14,8,6,4,4)",0,Solved,"0,0410"," (4t+2)","0,0464","(\infty, 22, 39, 21, 43, 14, 42, \infty, 18, 38, 19, 45, 15, 46) (16, 6, 17, 44, 10, 23, 8, 40, 30, 41, 20, 34, 47, 32) (1, 2, 7, 13, 25, 26, 31, 37) (4, 11, 36, 28, 35, 12) (9, 0, 3, 5) (33, 24, 27, 29) "
"OP(14,14,8,5,5,4)",0,Solved,"0,0810"," (4t+2)","0,0842","(\infty, 35, 0, 1, 6, 14, 3, \infty, 27, 38, 30, 25, 24, 11) (19, 13, 34, 15, 33, 17, 5, 43, 37, 10, 39, 9, 41, 29) (46, 2, 4, 7, 22, 26, 28, 31) (12, 21, 44, 18, 32) (36, 45, 20, 42, 8) (16, 23, 40, 47) "
"OP(4,8,4,3,3)",0,Solved,"0,0460"," (4t+2)","0,0503","(\infty, 10, \infty, 34) (11, 20, 41, 15, 35, 44, 17, 39) (12, 23, 36, 47) (7, 0, 18) (31, 24, 42) "
"OP(14,14,8,4,4,3,3)",0,Solved,"0,0750"," (4t+2)","0,0796","(\infty, 9, 35, 15, 46, 16, 41, \infty, 17, 40, 22, 39, 11, 33) (2, 3, 0, 6, 13, 21, 42, 26, 27, 24, 30, 37, 45, 18) (1, 5, 7, 12, 25, 29, 31, 36) (34, 20, 8, 19) (10, 44, 32, 43) (23, 4, 14) (47, 28, 38) "
"OP(4,7,7,4)",0,Solved,"0,0830"," (4t+2)","0,0869","(\infty, 0, \infty, 24) (2, 3, 7, 5, 8, 13, 19) (26, 27, 31, 29, 32, 37, 43) (4, 12, 28, 36) "
"OP(14,14,7,7,4,4)",0,Solved,"0,0610"," (4t+2)","0,0646","(\infty, 19, 41, 14, 45, 10, 9, \infty, 33, 34, 21, 38, 17, 43) (15, 44, 16, 4, 12, 37, 23, 39, 20, 40, 28, 36, 13, 47) (8, 1, 5, 3, 6, 0, 18) (32, 25, 29, 27, 30, 24, 42) (7, 22, 11, 2) (31, 46, 35, 26) "
"OP(4,6,6,6)",0,Solved,"0,0570"," (4t+2)","0,0604","(\infty, 4, \infty, 28) (5, 6, 2, 15, 13, 19) (29, 30, 26, 39, 37, 43) (8, 3, 10, 32, 27, 34) "
"OP(6,6,6,4)",0,Solved,"0,0740"," (4t+2)","0,0792","(\infty, 47, 13, \infty, 37, 23) (43, 15, 42, 7, 40, 17) (19, 39, 18, 31, 16, 41) (22, 3, 46, 27) "
"OP(4,6,6,3,3)",0,Solved,"0,0470"," (4t+2)","0,0513","(\infty, 2, \infty, 26) (4, 5, 7, 10, 17, 42) (28, 29, 31, 34, 41, 18) (16, 27, 14) (40, 3, 38) "
"OP(6,6,5,5)",0,Solved,"0,1250"," (4t+2)","0,1298","(\infty, 16, 44, \infty, 20, 40) (15, 1, 22, 39, 25, 46) (17, 9, 2, 4, 0) (41, 33, 26, 28, 24) "
"OP(6,6,4,3,3)",0,Solved,"0,3340"," (4t+2)","0,3395","(\infty, 19, 27, \infty, 3, 43) (9, 11, 0, 33, 35, 24) (45, 13, 21, 37) (42, 17, 5) (18, 41, 29) "
"OP(4,6,4,4,4)",0,Solved,"0,0530"," (4t+2)","0,0568","(\infty, 15, \infty, 39) (42, 16, 4, 18, 40, 28) (44, 12, 41, 13) (20, 36, 17, 37) (2, 5, 26, 29) "
"OP(4,6,3,3,3,3)",0,Solved,"0,0520"," (4t+2)","0,0561","(\infty, 24, \infty, 0) (25, 20, 39, 1, 44, 15) (45, 4, 5) (21, 28, 29) (7, 10, 22) (31, 34, 46) "
"OP(14,14,6,6,6,4)",0,Solved,"0,1170"," (4t+2)","0,1206","(\infty, 46, 40, 45, 1, 34, 0, \infty, 24, 10, 25, 21, 16, 22) (43, 13, 3, 32, 29, 6, 17, 19, 37, 27, 8, 5, 30, 41) (47, 35, 36, 44, 18, 38) (23, 11, 12, 20, 42, 14) (4, 39, 7, 28, 15, 31) (2, 33, 26, 9) "
"OP(14,14,6,6,5,5)",0,Solved,"0,0520"," (4t+2)","0,0560","(\infty, 2, 4, 5, 17, 12, 38, \infty, 14, 36, 41, 29, 28, 26) (46, 16, 27, 7, 42, 21, 37, 22, 40, 3, 31, 18, 45, 13) (6, 23, 15, 19, 9, 0) (30, 47, 39, 43, 33, 24) (11, 8, 1, 20, 34) (35, 32, 25, 44, 10) "
"OP(14,14,6,6,4,3,3)",0,Solved,"0,2650"," (4t+2)","0,2690","(\infty, 10, 8, 23, 39, 9, 28, \infty, 4, 33, 15, 47, 32, 34) (13, 18, 5, 41, 7, 46, 6, 37, 42, 29, 17, 31, 22, 30) (0, 25, 3, 14, 35, 45) (24, 1, 27, 38, 11, 21) (12, 40, 36, 16) (2, 43, 44) (26, 19, 20) "
"OP(14,14,6,5,5,3,3)",0,Solved,"0,0590"," (4t+2)","0,0620","(\infty, 3, 4, 6, 9, 15, 45, \infty, 21, 39, 33, 30, 28, 27) (18, 10, 1, 16, 26, 13, 8, 42, 34, 25, 40, 2, 37, 32) (43, 23, 44, 19, 47, 20) (5, 36, 14, 46, 17) (29, 12, 38, 22, 41) (0, 7, 11) (24, 31, 35) "
"OP(4,5,5,4,4)",0,Solved,"0,0490"," (4t+2)","0,0542","(\infty, 2, \infty, 26) (4, 5, 7, 10, 18) (28, 29, 31, 34, 42) (47, 16, 27, 14) (23, 40, 3, 38) "
"OP(14,14,6,4,4,4,4)",0,Solved,"0,0970"," (4t+2)","0,1013","(\infty, 33, 36, 2, 37, 16, 11, \infty, 35, 40, 13, 26, 12, 9) (30, 29, 21, 31, 1, 20, 42, 6, 5, 45, 7, 25, 44, 18) (19, 4, 32, 43, 28, 8) (34, 3, 47, 41) (10, 27, 23, 17) (14, 46, 0, 39) (38, 22, 24, 15) "
"OP(14,14,6,4,3,3,3,3)",0,Solved,"0,3000"," (4t+2)","0,3040","(\infty, 14, 39, 35, 42, 31, 34, \infty, 10, 7, 18, 11, 15, 38) (17, 2, 16, 3, 8, 28, 9, 41, 26, 40, 27, 32, 4, 33) (19, 46, 44, 43, 22, 20) (30, 24, 6, 0) (23, 13, 1) (47, 37, 25) (5, 36, 45) (29, 12, 21) "
"OP(4,4,4,5,5)",0,Solved,"0,0410"," (4t+2)","0,0442","(\infty, 22, \infty, 46) (5, 17, 9, 3) (29, 41, 33, 27) (47, 18, 7, 4, 0) (23, 42, 31, 28, 24) "
"OP(14,14,5,5,4,4,4)",0,Solved,"0,0730"," (4t+2)","0,0775","(\infty, 5, 0, 38, 23, 44, 13, \infty, 37, 20, 47, 14, 24, 29) (12, 42, 19, 15, 6, 4, 1, 36, 18, 43, 39, 30, 28, 25) (22, 11, 45, 17, 10) (46, 35, 21, 41, 34) (31, 2, 3, 9) (7, 26, 27, 33) (8, 16, 32, 40) "
"OP(14,14,5,5,3,3,3,3)",0,Solved,"0,0520"," (4t+2)","0,0564","(\infty, 22, 5, 14, 11, 0, 2, \infty, 26, 24, 35, 38, 29, 46) (10, 44, 17, 1, 9, 19, 4, 34, 20, 41, 25, 33, 43, 28) (21, 47, 12, 40, 15) (45, 23, 36, 16, 39) (8, 3, 7) (32, 27, 31) (6, 13, 42) (30, 37, 18) "
"OP(4,4,4,4,3,3)",0,Solved,"0,1040"," (4t+2)","0,1074","(\infty, 19, \infty, 43) (8, 0, 1, 3) (32, 24, 25, 27) (39, 2, 15, 26) (4, 7, 11) (28, 31, 35) "
"OP(14,14,4,4,4,4,3,3)",0,Solved,"0,0440"," (4t+2)","0,0492","(\infty, 17, 45, 16, 46, 14, 39, \infty, 15, 38, 22, 40, 21, 41) (18, 8, 20, 37, 10, 23, 9, 42, 32, 44, 13, 34, 47, 33) (1, 2, 11, 7) (25, 26, 35, 31) (19, 30, 4, 12) (43, 6, 28, 36) (0, 5, 3) (24, 29, 27) "
"OP(14,14,4,3,3,3,3,3,3)",0,Solved,"0,1090"," (4t+2)","0,1129","(\infty, 38, 23, 13, 6, 34, 12, \infty, 36, 10, 30, 37, 47, 14) (40, 8, 44, 19, 46, 15, 45, 16, 32, 20, 43, 22, 39, 21) (18, 7, 42, 31) (2, 4, 1) (26, 28, 25) (0, 9, 5) (24, 33, 29) (3, 17, 11) (27, 41, 35) "
"OP(14,13,13,10)",0,Solved,"0,0420"," (4t+2)","0,0461","(\infty, 6, 16, 47, 10, 45, 18, \infty, 42, 21, 34, 23, 40, 30) (12, 7, 4, 0, 2, 3, 9, 17, 32, 46, 14, 39, 19) (36, 31, 28, 24, 26, 27, 33, 41, 8, 22, 38, 15, 43) (35, 13, 1, 20, 29, 11, 37, 25, 44, 5) "
"OP(4,13,13,6,14)",0,Solved,"0,0390"," (4t+2)","0,0426","(\infty, 37, \infty, 13) (1, 44, 38, 42, 29, 46, 26, 45, 35, 32, 41, 7, 23) (25, 20, 14, 18, 5, 22, 2, 21, 11, 8, 17, 31, 47) (4, 40, 39, 28, 16, 15) (24, 9, 34, 36, 43, 3, 30, 0, 33, 10, 12, 19, 27, 6) "
"OP(14,13,13,6,4)",0,Solved,"0,0650"," (4t+2)","0,0693","(\infty, 6, 22, 8, 45, 15, 42, \infty, 18, 39, 21, 32, 46, 30) (12, 7, 4, 0, 2, 3, 9, 17, 40, 23, 10, 38, 19) (36, 31, 28, 24, 26, 27, 33, 41, 16, 47, 34, 14, 43) (35, 13, 1, 11, 37, 25) (20, 5, 44, 29) "
"OP(14,13,13,5,5)",0,Solved,"0,0430"," (4t+2)","0,0489","(\infty, \infty, 23, 41, 20, 43, 11, 37, 13, 35, 19, 44, 17, 47) (16, 21, 2, 9, 6, 0, 10, 14, 1, 12, 4, 5, 7) (40, 45, 26, 33, 30, 24, 34, 38, 25, 36, 28, 29, 31) (32, 46, 18, 3, 15) (8, 22, 42, 27, 39) "
"OP(14,13,13,4,3,3)",0,Solved,"0,0470"," (4t+2)","0,0522","(\infty, 4, 14, 30, 13, 40, 22, \infty, 46, 16, 37, 6, 38, 28) (21, 41, 15, 34, 19, 11, 7, 1, 2, 9, 18, 32, 44) (45, 17, 39, 10, 43, 35, 31, 25, 26, 33, 42, 8, 20) (12, 23, 36, 47) (0, 5, 3) (24, 29, 27) "
"OP(12,12)",0,Solved,"0,0630"," (4t+2)","0,0667","(\infty, 39, 35, 10, 19, 9, \infty, 33, 43, 34, 11, 15) (20, 12, 41, 27, 25, 26, 44, 36, 17, 3, 1, 2) "
"OP(4,12,8)",0,Solved,"0,0450"," (4t+2)","0,0509","(\infty, 6, \infty, 30) (41, 16, 44, 15, 10, 2, 17, 40, 20, 39, 34, 26) (35, 19, 1, 23, 11, 43, 25, 47) "
"OP(8,12,4)",0,Solved,"0,0510"," (4t+2)","0,0558","(\infty, 1, 4, 11, \infty, 35, 28, 25) (3, 2, 0, 5, 9, 15, 27, 26, 24, 29, 33, 39) (6, 14, 30, 38) "
"OP(6,12,6)",0,Solved,"0,0460"," (4t+2)","0,0491","(\infty, 42, 14, \infty, 38, 18) (13, 5, 3, 6, 11, 22, 37, 29, 27, 30, 35, 46) (4, 0, 16, 28, 24, 40) "
"OP(6,12,3,3)",0,Solved,"0,1140"," (4t+2)","0,1183","(\infty, 11, 5, \infty, 29, 35) (37, 7, 42, 15, 41, 25, 13, 31, 18, 39, 17, 1) (46, 26, 9) (22, 2, 33) "
"OP(4,12,4,4)",0,Solved,"0,0450"," (4t+2)","0,0485","(\infty, 1, \infty, 25) (2, 3, 9, 5, 13, 11, 26, 27, 33, 29, 37, 35) (6, 19, 36, 22) (30, 43, 12, 46) "
"OP(14,13,11,9,3)",,Infeasible,,Table config is not valid,,
"OP(12,8,4)",0,Solved,"0,2170"," (4t+2)","0,2206","(\infty, 14, 33, 0, 45, 8, \infty, 32, 21, 24, 9, 38) (40, 20, 7, 17, 16, 44, 31, 41) (13, 1, 37, 25) "
"OP(14,13,11,7,5)",,Infeasible,,Table config is not valid,,
"OP(12,6,6)",0,Solved,"0,1100"," (4t+2)","0,1136","(\infty, 19, 8, 0, 1, 3, \infty, 27, 25, 24, 32, 43) (39, 4, 7, 2, 9, 5) (15, 28, 31, 26, 33, 29) "
"OP(12,6,3,3)",0,Solved,"0,0600"," (4t+2)","0,0637","(\infty, 3, 4, 6, 9, 17, \infty, 41, 33, 30, 28, 27) (20, 43, 15, 44, 19, 39) (1, 16, 26) (25, 40, 2) "
"OP(14,13,11,5,4,3)",,Infeasible,,Table config is not valid,,
"OP(12,4,4,4)",0,Solved,"0,0510"," (4t+2)","0,0554","(\infty, 4, 7, 11, 6, 18, \infty, 42, 30, 35, 31, 28) (43, 33, 16, 27) (19, 9, 40, 3) (41, 21, 17, 45) "
"OP(12,3,3,3,3)",0,Solved,"0,0470"," (4t+2)","0,0517","(\infty, 4, 14, 30, 17, 44, \infty, 20, 41, 6, 38, 28) (13, 39, 21) (37, 15, 45) (46, 34, 19) (22, 10, 43) "
"OP(4,10,10)",0,Solved,"0,0470"," (4t+2)","0,0520","(\infty, 20, \infty, 44) (6, 15, 23, 10, 43, 21, 7, 0, 18, 2) (30, 39, 47, 34, 19, 45, 31, 24, 42, 26) "
"OP(10,10,4)",0,Solved,"0,2010"," (4t+2)","0,2051","(\infty, 20, 9, 2, 4, \infty, 28, 26, 33, 44) (36, 10, 19, 35, 47, 12, 34, 43, 11, 23) (46, 15, 22, 39) "
"OP(6,10,8)",0,Solved,"0,0400"," (4t+2)","0,0435","(\infty, 2, 4, \infty, 28, 26) (5, 6, 11, 14, 42, 29, 30, 35, 38, 18) (16, 27, 17, 34, 40, 3, 41, 10) "
"OP(8,10,6)",0,Solved,"0,1560"," (4t+2)","0,1608","(\infty, 16, 38, 10, \infty, 34, 14, 40) (43, 1, 37, 12, 22, 19, 25, 13, 36, 46) (2, 3, 35, 26, 27, 11) "
"OP(8,10,3,3)",0,Solved,"0,0450"," (4t+2)","0,0491","(\infty, 43, 17, 45, \infty, 21, 41, 19) (15, 5, 16, 35, 12, 39, 29, 40, 11, 36) (6, 1, 9) (30, 25, 33) "
"OP(4,10,6,4)",0,Solved,"0,0780"," (4t+2)","0,0819","(\infty, 35, \infty, 11) (0, 1, 4, 15, 44, 24, 25, 28, 39, 20) (21, 13, 23, 45, 37, 47) (8, 17, 32, 41) "
"OP(4,10,5,5)",0,Solved,"0,0450"," (4t+2)","0,0489","(\infty, 13, \infty, 37) (38, 0, 15, 8, 22, 14, 24, 39, 32, 46) (28, 10, 1, 30, 17) (4, 34, 25, 6, 41) "
"OP(6,10,4,4)",0,Solved,"0,0460"," (4t+2)","0,0504","(\infty, 38, 10, \infty, 34, 14) (13, 5, 3, 9, 22, 37, 29, 27, 33, 46) (7, 4, 0, 17) (31, 28, 24, 41) "
"OP(4,10,4,3,3)",0,Solved,"0,1110"," (4t+2)","0,1150","(\infty, 18, \infty, 42) (2, 29, 6, 7, 46, 26, 5, 30, 31, 22) (3, 35, 27, 11) (28, 41, 15) (4, 17, 39) "
"OP(6,9,9)",0,Solved,"0,1190"," (4t+2)","0,1230","(\infty, 4, 42, \infty, 18, 28) (5, 6, 8, 13, 7, 0, 9, 12, 16) (29, 30, 32, 37, 31, 24, 33, 36, 40) "
"OP(10,8,6)",0,Solved,"0,0640"," (4t+2)","0,0676","(\infty, 3, 4, 6, 9, \infty, 33, 30, 28, 27) (46, 21, 41, 5, 22, 45, 17, 29) (1, 15, 26, 25, 39, 2) "
"OP(10,8,3,3)",0,Solved,"0,0610"," (4t+2)","0,0652","(\infty, 3, 4, 6, 9, \infty, 33, 30, 28, 27) (5, 22, 34, 15, 29, 46, 10, 39) (1, 16, 26) (25, 40, 2) "
"OP(10,7,7)",0,Solved,"0,0690"," (4t+2)","0,0767","(\infty, 5, 13, 39, 19, \infty, 43, 15, 37, 29) (38, 22, 12, 7, 4, 0, 2) (14, 46, 36, 31, 28, 24, 26) "
"OP(14,13,9,7,4,3)",,Infeasible,,Table config is not valid,,
"OP(14,13,9,6,5,3)",,Infeasible,,Table config is not valid,,
"OP(10,6,4,4)",0,Solved,"0,0420"," (4t+2)","0,0455","(\infty, 35, 8, 21, 43, \infty, 19, 45, 32, 11) (31, 47, 18, 7, 23, 42) (38, 20, 37, 22) (14, 44, 13, 46) "
"OP(10,5,5,4)",0,Solved,"0,0870"," (4t+2)","0,0919","(\infty, 36, 21, 43, 18, \infty, 42, 19, 45, 12) (2, 3, 0, 4, 6) (26, 27, 24, 28, 30) (22, 34, 46, 10) "
"OP(14,13,9,5,3,3,3)",,Infeasible,,Table config is not valid,,
"OP(10,4,4,3,3)",0,Solved,"0,0430"," (4t+2)","0,0469","(\infty, 3, 33, 34, 37, \infty, 13, 10, 9, 27) (30, 44, 36, 47) (6, 20, 12, 23) (26, 38, 5) (2, 14, 29) "
"OP(8,8,8)",0,Solved,"0,0480"," (4t+2)","0,0514","(\infty, 46, 8, 36, \infty, 12, 32, 22) (47, 21, 35, 16, 4, 19, 37, 20) (23, 45, 11, 40, 28, 43, 13, 44) "
"OP(4,8,8,4)",0,Solved,"0,0480"," (4t+2)","0,0518","(\infty, 22, \infty, 46) (9, 5, 6, 3, 12, 44, 14, 4) (33, 29, 30, 27, 36, 20, 38, 28) (0, 11, 24, 35) "
"OP(14,13,8,7,5,3)",,Infeasible,,Table config is not valid,,
"OP(8,8,4,4)",0,Solved,"0,2110"," (4t+2)","0,2152","(\infty, 42, 12, 4, \infty, 28, 36, 18) (7, 3, 5, 19, 31, 27, 29, 43) (6, 0, 10, 32) (30, 24, 34, 8) "
"OP(4,8,6,6)",0,Solved,"0,0770"," (4t+2)","0,0818","(\infty, 30, \infty, 6) (3, 0, 11, 37, 27, 24, 35, 13) (40, 17, 38, 20, 12, 21) (16, 41, 14, 44, 36, 45) "
"OP(6,8,6,4)",0,Solved,"0,2190"," (4t+2)","0,2239","(\infty, 0, 2, \infty, 26, 24) (1, 4, 3, 7, 25, 28, 27, 31) (5, 10, 16, 29, 34, 40) (6, 13, 30, 37) "
"OP(4,8,6,3,3)",0,Solved,"0,1150"," (4t+2)","0,1193","(\infty, 20, \infty, 44) (36, 29, 0, 40, 12, 5, 24, 16) (1, 4, 42, 25, 28, 18) (10, 22, 33) (34, 46, 9) "
"OP(6,8,5,5)",0,Solved,"0,0670"," (4t+2)","0,0717","(\infty, 39, 13, \infty, 37, 15) (23, 5, 21, 6, 47, 29, 45, 30) (3, 9, 1, 20, 41) (27, 33, 25, 44, 17) "
"OP(6,8,4,3,3)",0,Solved,"0,1550"," (4t+2)","0,1595","(\infty, 45, 19, \infty, 43, 21) (12, 2, 13, 22, 36, 26, 37, 46) (17, 32, 41, 8) (20, 47, 16) (44, 23, 40) "
"OP(4,8,4,4,4)",0,Solved,"0,0460"," (4t+2)","0,0494","(\infty, 1, \infty, 25) (2, 3, 0, 4, 26, 27, 24, 28) (23, 5, 7, 14) (47, 29, 31, 38) (19, 6, 43, 30) "
"OP(4,8,3,3,3,3)",0,Solved,"0,1810"," (4t+2)","0,1848","(\infty, 41, \infty, 17) (43, 29, 6, 12, 19, 5, 30, 36) (13, 40, 21) (37, 16, 45) (8, 4, 34) (32, 28, 10) "
"OP(4,7,7,6)",0,Solved,"0,0400"," (4t+2)","0,0436","(\infty, 5, \infty, 29) (6, 12, 11, 22, 34, 21, 13) (30, 36, 35, 46, 10, 45, 37) (0, 18, 2, 24, 42, 26) "
"OP(6,7,7,4)",0,Solved,"0,0810"," (4t+2)","0,0850","(\infty, 30, 46, \infty, 22, 6) (34, 8, 20, 2, 35, 28, 47) (10, 32, 44, 26, 11, 4, 23) (1, 40, 25, 16) "
"OP(4,7,7,3,3)",0,Solved,"0,0430"," (4t+2)","0,0475","(\infty, 38, \infty, 14) (42, 40, 13, 28, 8, 22, 0) (18, 16, 37, 4, 32, 46, 24) (10, 7, 30) (34, 31, 6) "
"OP(8,6,6,4)",0,Solved,"0,0580"," (4t+2)","0,0624","(\infty, 35, 42, 43, \infty, 19, 18, 11) (2, 27, 44, 33, 6, 24) (26, 3, 20, 9, 30, 0) (37, 28, 13, 4) "
"OP(8,6,5,5)",0,Solved,"0,0450"," (4t+2)","0,0489","(\infty, 37, 22, 41, \infty, 17, 46, 13) (5, 3, 6, 29, 27, 30) (11, 20, 4, 0, 18) (35, 44, 28, 24, 42) "
"OP(8,6,4,3,3)",0,Solved,"0,0990"," (4t+2)","0,1035","(\infty, \infty, 23, 45, 7, 31, 21, 47) (8, 3, 17, 32, 27, 41) (14, 5, 38, 29) (9, 42, 0) (33, 18, 24) "
"OP(8,5,5,3,3)",0,Solved,"0,1420"," (4t+2)","0,1455","(\infty, 19, 8, 41, \infty, 17, 32, 43) (44, 14, 23, 13, 5) (20, 38, 47, 37, 29) (21, 2, 9) (45, 26, 33) "
"OP(14,13,7,5,4,4,3)",,Infeasible,,Table config is not valid,,
"OP(8,4,4,4,4)",0,Solved,"0,0440"," (4t+2)","0,0475","(\infty, \infty, 23, 38, 11, 35, 14, 47) (17, 31, 44, 21) (41, 7, 20, 45) (43, 13, 42, 22) (19, 37, 18, 46) "
"OP(8,4,3,3,3,3)",0,Solved,"0,2400"," (4t+2)","0,2439","(\infty, 6, 3, 10, \infty, 34, 27, 30) (22, 37, 46, 13) (15, 5, 14) (39, 29, 38) (41, 18, 23) (17, 42, 47) "
"OP(6,6,6,6)",0,Solved,"0,0450"," (4t+2)","0,0488","(\infty, 14, 44, \infty, 20, 38) (13, 5, 3, 6, 11, 42) (37, 29, 27, 30, 35, 18) (4, 0, 15, 28, 24, 39) "
"OP(6,6,6,3,3)",0,Solved,"0,0750"," (4t+2)","0,0789","(\infty, 40, 18, \infty, 42, 16) (3, 28, 10, 2, 9, 13) (27, 4, 34, 26, 33, 37) (46, 1, 14) (22, 25, 38) "
"OP(4,6,6,4,4)",0,Solved,"0,0440"," (4t+2)","0,0478","(\infty, 20, \infty, 44) (46, 13, 5, 3, 9, 23) (22, 37, 29, 27, 33, 47) (7, 4, 0, 16) (31, 28, 24, 40) "
"OP(4,6,5,5,4)",0,Solved,"0,0960"," (4t+2)","0,1006","(\infty, 22, \infty, 46) (14, 2, 7, 38, 26, 31) (44, 16, 12, 1, 15) (20, 40, 36, 25, 39) (5, 4, 29, 28) "
"OP(6,6,4,4,4)",0,Solved,"0,1480"," (4t+2)","0,1514","(\infty, 19, 47, \infty, 23, 43) (15, 0, 1, 39, 24, 25) (6, 18, 9, 4) (30, 42, 33, 28) (7, 44, 31, 20) "
"OP(6,6,3,3,3,3)",0,Solved,"0,0540"," (4t+2)","0,0582","(\infty, 14, 8, \infty, 32, 38) (3, 18, 6, 27, 42, 30) (7, 5, 40) (31, 29, 16) (20, 1, 15) (44, 25, 39) "
"OP(4,6,4,4,3,3)",0,Solved,"0,1040"," (4t+2)","0,1079","(\infty, 11, \infty, 35) (18, 15, 43, 42, 39, 19) (9, 40, 25, 4) (33, 16, 1, 28) (37, 7, 17) (13, 31, 41) "
"OP(4,5,5,5,5)",0,Solved,"0,0450"," (4t+2)","0,0492","(\infty, 1, \infty, 25) (8, 3, 6, 2, 0) (32, 27, 30, 26, 24) (31, 4, 5, 11, 18) (7, 28, 29, 35, 42) "
"OP(6,5,5,4,4)",0,Solved,"0,0670"," (4t+2)","0,0718","(\infty, 41, 29, \infty, 5, 17) (40, 39, 25, 43, 37) (16, 15, 1, 19, 13) (27, 42, 45, 24) (3, 18, 21, 0) "
"OP(4,5,5,4,3,3)",0,Solved,"0,0660"," (4t+2)","0,0708","(\infty, 22, \infty, 46) (39, 18, 44, 9, 21) (15, 42, 20, 33, 45) (12, 2, 36, 26) (6, 17, 37) (30, 41, 13) "
"OP(6,4,4,4,3,3)",0,Solved,"0,1610"," (4t+2)","0,1644","(\infty, 44, 2, \infty, 26, 20) (3, 4, 7, 24) (27, 28, 31, 0) (5, 9, 29, 33) (11, 16, 23) (35, 40, 47) "
"OP(6,3,3,3,3,3,3)",0,Solved,"0,0740"," (4t+2)","0,0780","(\infty, 37, 11, \infty, 35, 13) (41, 23, 12) (17, 47, 36) (4, 1, 3) (28, 25, 27) (7, 16, 30) (31, 40, 6) "
"OP(4,4,4,4,4,4)",0,Solved,"0,0410"," (4t+2)","0,0447","(\infty, 5, \infty, 29) (6, 12, 41, 13) (30, 36, 17, 37) (10, 44, 11, 0) (34, 20, 35, 24) (18, 2, 42, 26) "
"OP(4,4,4,3,3,3,3)",0,Solved,"0,0490"," (4t+2)","0,0530","(\infty, 2, \infty, 26) (4, 5, 7, 10) (28, 29, 31, 34) (42, 33, 16) (18, 9, 40) (27, 14, 47) (3, 38, 23) "
"OP(14,12,12,12)",0,Solved,"0,0510"," (4t+2)","0,0564","(\infty, 16, 35, 17, 9, 2, 4, \infty, 28, 26, 33, 41, 11, 40) (22, 10, 0, 3, 8, 19, 36, 14, 42, 15, 47, 13) (46, 34, 24, 27, 32, 43, 12, 38, 18, 39, 23, 37) (45, 20, 7, 1, 5, 6, 21, 44, 31, 25, 29, 30) "
"OP(4,12,12,8,14)",0,Solved,"0,0420"," (4t+2)","0,0466","(\infty, 22, \infty, 46) (13, 44, 12, 47, 19, 31, 16, 6, 17, 35, 21, 42) (37, 20, 36, 23, 43, 7, 40, 30, 41, 11, 45, 18) (1, 2, 10, 32, 25, 26, 34, 8) (38, 15, 9, 4, 0, 3, 5, 14, 39, 33, 28, 24, 27, 29) "
"OP(14,12,12,8,4)",0,Solved,"0,0460"," (4t+2)","0,0508","(\infty, 6, 16, 32, 18, 47, 22, \infty, 46, 23, 42, 8, 40, 30) (12, 7, 4, 0, 2, 3, 9, 17, 34, 21, 39, 19) (36, 31, 28, 24, 26, 27, 33, 41, 10, 45, 15, 43) (14, 35, 13, 1, 38, 11, 37, 25) (20, 5, 44, 29) "
"OP(6,12,12,6,14)",0,Solved,"0,0440"," (4t+2)","0,0481","(\infty, 21, 3, \infty, 27, 45) (11, 16, 32, 44, 17, 36, 19, 47, 22, 14, 10, 1) (35, 40, 8, 20, 41, 12, 43, 23, 46, 38, 34, 25) (2, 13, 39, 26, 37, 15) (18, 4, 5, 7, 0, 6, 9, 42, 28, 29, 31, 24, 30, 33) "
"OP(14,12,12,6,6)",0,Solved,"0,0510"," (4t+2)","0,0550","(\infty, \infty, 23, 38, 13, 5, 3, 9, 33, 27, 29, 37, 14, 47) (20, 7, 4, 0, 34, 18, 6, 1, 8, 19, 41, 21) (44, 31, 28, 24, 10, 42, 30, 25, 32, 43, 17, 45) (2, 11, 40, 22, 39, 12) (26, 35, 16, 46, 15, 36) "
"OP(14,12,12,6,3,3)",0,Solved,"0,0650"," (4t+2)","0,0686","(\infty, 3, 4, 6, 9, 21, 5, \infty, 29, 45, 33, 30, 28, 27) (44, 15, 1, 16, 26, 13, 8, 14, 23, 41, 10, 36) (20, 39, 25, 40, 2, 37, 32, 38, 47, 17, 34, 12) (18, 43, 22, 42, 19, 46) (0, 7, 11) (24, 31, 35) "
"OP(4,12,12,4,4,14)",0,Solved,"0,0510"," (4t+2)","0,0545","(\infty, 1, \infty, 25) (2, 8, 9, 16, 29, 4, 38, 22, 12, 7, 3, 0) (26, 32, 33, 40, 5, 28, 14, 46, 36, 31, 27, 24) (19, 10, 47, 11) (43, 34, 23, 35) (6, 37, 18, 44, 17, 45, 15, 30, 13, 42, 20, 41, 21, 39) "
"OP(14,12,12,4,4,4)",0,Solved,"0,0480"," (4t+2)","0,0523","(\infty, 6, 16, 39, 21, 32, 46, \infty, 22, 8, 45, 15, 40, 30) (12, 7, 4, 0, 2, 3, 9, 17, 34, 18, 47, 19) (36, 31, 28, 24, 26, 27, 33, 41, 10, 42, 23, 43) (13, 35, 14, 1) (37, 11, 38, 25) (20, 5, 44, 29) "
"OP(14,12,12,3,3,3,3)",0,Solved,"0,0530"," (4t+2)","0,0580","(\infty, 3, 8, 20, 18, 46, 23, \infty, 47, 22, 42, 44, 32, 27) (19, 45, 11, 4, 7, 1, 36, 17, 6, 2, 10, 37) (43, 21, 35, 28, 31, 25, 12, 41, 30, 26, 34, 13) (5, 15, 14) (29, 39, 38) (0, 16, 33) (24, 40, 9) "
"OP(4,11,11,10,14)",0,Solved,"0,0440"," (4t+2)","0,0479","(\infty, \infty, 23, 47) (7, 17, 32, 45, 20, 37, 9, 0, 18, 2, 6) (31, 41, 8, 21, 44, 13, 33, 24, 42, 26, 30) (16, 22, 10, 5, 3, 40, 46, 34, 29, 27) (1, 4, 11, 19, 38, 12, 39, 25, 28, 35, 43, 14, 36, 15) "
"OP(10,11,11,14,4)",0,Solved,"0,0580"," (4t+2)","0,0622","(\infty, 6, 16, 45, 10, \infty, 34, 21, 40, 30) (8, 19, 12, 7, 4, 0, 2, 3, 9, 17, 38) (32, 43, 36, 31, 28, 24, 26, 27, 33, 41, 14) (39, 23, 46, 18, 35, 13, 1, 15, 47, 22, 42, 11, 37, 25) (20, 5, 44, 29) "
"OP(6,11,11,8,14)",0,Solved,"0,0510"," (4t+2)","0,0566","(\infty, 14, 40, \infty, 16, 38) (0, 11, 20, 7, 6, 2, 9, 42, 21, 46, 10) (24, 35, 44, 31, 30, 26, 33, 18, 45, 22, 34) (8, 3, 1, 4, 32, 27, 25, 28) (17, 36, 19, 13, 5, 39, 23, 41, 12, 43, 37, 29, 15, 47) "
"OP(8,11,11,14,6)",0,Solved,"0,0670"," (4t+2)","0,0715","(\infty, 24, 44, 32, \infty, 8, 20, 0) (36, 33, 4, 34, 25, 35, 46, 40, 38, 45, 41) (12, 9, 28, 10, 1, 11, 22, 16, 14, 21, 17) (31, 6, 39, 47, 26, 43, 42, 7, 30, 15, 23, 2, 19, 18) (5, 37, 3, 29, 13, 27) "
"OP(8,11,11,14,3,3)",0,Solved,"0,0620"," (4t+2)","0,0659","(\infty, 15, 34, 13, \infty, 37, 10, 39) (9, 3, 12, 23, 40, 20, 38, 22, 45, 32, 17) (33, 27, 36, 47, 16, 44, 14, 46, 21, 8, 41) (4, 1, 0, 2, 6, 11, 18, 28, 25, 24, 26, 30, 35, 42) (19, 31, 5) (43, 7, 29) "
"OP(4,11,11,6,4,14)",0,Solved,"0,1870"," (4t+2)","0,1906","(\infty, 2, \infty, 26) (5, 12, 20, 33, 18, 35, 16, 41, 21, 32, 14) (29, 36, 44, 9, 42, 11, 40, 17, 45, 8, 38) (1, 0, 3, 25, 24, 27) (13, 23, 37, 47) (22, 43, 31, 15, 10, 6, 4, 46, 19, 7, 39, 34, 30, 28) "
"OP(4,11,11,5,5,14)",0,Solved,"0,0460"," (4t+2)","0,0503","(\infty, 21, \infty, 45) (7, 17, 32, 13, 44, 23, 9, 0, 18, 2, 6) (31, 41, 8, 37, 20, 47, 33, 24, 42, 26, 30) (16, 22, 10, 5, 3) (40, 46, 34, 29, 27) (1, 4, 11, 19, 39, 14, 36, 25, 28, 35, 43, 15, 38, 12) "
"OP(6,11,11,14,4,4)",0,Solved,"0,0490"," (4t+2)","0,0535","(\infty, 17, 43, \infty, 19, 41) (12, 46, 18, 47, 32, 15, 4, 16, 34, 21, 44) (36, 22, 42, 23, 8, 39, 28, 40, 10, 45, 20) (1, 2, 7, 13, 6, 14, 35, 25, 26, 31, 37, 30, 38, 11) (9, 0, 3, 5) (33, 24, 27, 29) "
"OP(4,11,11,4,14,3,3)",0,Solved,"0,0410"," (4t+2)","0,0448","(\infty, 7, \infty, 31) (3, 13, 16, 23, 35, 21, 44, 12, 41, 19, 14) (27, 37, 40, 47, 11, 45, 20, 36, 17, 43, 38) (10, 1, 34, 25) (2, 15, 42, 22, 4, 5, 9, 26, 39, 18, 46, 28, 29, 33) (0, 8, 6) (24, 32, 30) "
"OP(14,12,10,10,4)",0,Solved,"0,0520"," (4t+2)","0,0571","(\infty, 8, 18, 34, 15, 33, 46, \infty, 22, 9, 39, 10, 42, 32) (13, 7, 4, 0, 2, 3, 37, 31, 28, 24, 26, 27) (6, 14, 21, 41, 19, 40, 23, 35, 12, 1) (30, 38, 45, 17, 43, 16, 47, 11, 36, 25) (20, 5, 44, 29) "
"OP(6,12,9,9,14)",0,Solved,"0,0550"," (4t+2)","0,0594","(\infty, 46, 14, \infty, 38, 22) (35, 17, 37, 6, 20, 47, 11, 41, 13, 30, 44, 23) (45, 12, 31, 18, 8, 1, 2, 10, 19) (21, 36, 7, 42, 32, 25, 26, 34, 43) (40, 15, 9, 4, 0, 3, 5, 16, 39, 33, 28, 24, 27, 29) "
"OP(14,12,10,8,6)",0,Solved,"0,0680"," (4t+2)","0,0731","(\infty, 17, 12, 40, 6, 14, 47, \infty, 23, 38, 30, 16, 36, 41) (9, 3, 5, 21, 10, 11, 33, 27, 29, 45, 34, 35) (19, 42, 32, 2, 46, 43, 18, 8, 26, 22) (4, 39, 0, 7, 28, 15, 24, 31) (1, 20, 37, 25, 44, 13) "
"OP(14,12,10,8,3,3)",0,Solved,"0,2080"," (4t+2)","0,2120","(\infty, 2, 4, 7, 17, 34, 22, \infty, 46, 10, 41, 31, 28, 26) (43, 15, 44, 18, 5, 1, 19, 39, 20, 42, 29, 25) (21, 36, 11, 38, 6, 45, 12, 35, 14, 30) (40, 0, 37, 23, 16, 24, 13, 47) (8, 9, 3) (32, 33, 27) "
"OP(14,12,10,7,7)",0,Solved,"0,0670"," (4t+2)","0,0706","(\infty, 4, 5, 7, 2, 11, 32, \infty, 8, 35, 26, 31, 29, 28) (44, 15, 3, 17, 21, 38, 20, 39, 27, 41, 45, 14) (6, 0, 10, 13, 46, 30, 24, 34, 37, 22) (47, 12, 1, 9, 16, 42, 19) (23, 36, 25, 33, 40, 18, 43) "
"OP(4,12,10,6,4,14)",0,Solved,"0,0580"," (4t+2)","0,0621","(\infty, 18, \infty, 42) (0, 6, 8, 11, 22, 43, 24, 30, 32, 35, 46, 19) (12, 2, 16, 39, 3, 36, 26, 40, 15, 27) (17, 47, 21, 41, 23, 45) (1, 9, 25, 33) (31, 14, 10, 5, 4, 13, 20, 7, 38, 34, 29, 28, 37, 44) "
"OP(4,12,10,5,5,14)",0,Solved,"0,0490"," (4t+2)","0,0531","(\infty, 1, \infty, 25) (4, 3, 6, 2, 0, 5, 28, 27, 30, 26, 24, 29) (23, 34, 18, 9, 19, 47, 10, 42, 33, 43) (15, 32, 20, 13, 7) (39, 8, 44, 37, 31) (11, 41, 14, 40, 21, 36, 22, 35, 17, 38, 16, 45, 12, 46) "
"OP(14,12,10,6,4,4)",0,Solved,"0,0690"," (4t+2)","0,0730","(\infty, 34, 20, 38, 35, 47, 0, \infty, 24, 23, 11, 14, 44, 10) (6, 4, 32, 37, 15, 46, 30, 28, 8, 13, 39, 22) (5, 43, 2, 17, 42, 29, 19, 26, 41, 18) (36, 25, 33, 12, 1, 9) (7, 16, 45, 3) (31, 40, 21, 27) "
"OP(14,12,10,5,5,4)",0,Solved,"0,2980"," (4t+2)","0,3022","(\infty, 24, 35, 25, 44, 23, 14, \infty, 38, 47, 20, 1, 11, 0) (43, 45, 27, 2, 36, 41, 19, 21, 3, 26, 12, 17) (9, 42, 7, 39, 32, 33, 18, 31, 15, 8) (5, 22, 28, 16, 13) (29, 46, 4, 40, 37) (34, 30, 10, 6) "
"OP(4,12,10,4,14,3,3)",0,Solved,"0,1650"," (4t+2)","0,1695","(\infty, 26, \infty, 2) (13, 45, 23, 36, 41, 38, 37, 21, 47, 12, 17, 14) (22, 18, 16, 6, 29, 46, 42, 40, 30, 5) (3, 9, 27, 33) (7, 15, 35, 24, 10, 19, 4, 31, 39, 11, 0, 34, 43, 28) (8, 1, 20) (32, 25, 44) "
"OP(14,12,10,4,4,3,3)",0,Solved,"0,0620"," (4t+2)","0,0669","(\infty, 28, 47, 38, 25, 45, 30, \infty, 6, 21, 1, 14, 23, 4) (34, 33, 43, 41, 0, 27, 10, 9, 19, 17, 24, 3) (35, 5, 31, 39, 36, 11, 29, 7, 15, 12) (44, 40, 46, 32) (20, 16, 22, 8) (42, 37, 26) (18, 13, 2) "
"OP(14,12,9,9,6)",0,Solved,"0,0980"," (4t+2)","0,1026","(\infty, 19, 8, 0, 1, 3, 39, \infty, 15, 27, 25, 24, 32, 43) (2, 5, 9, 4, 10, 17, 26, 29, 33, 28, 34, 41) (7, 22, 38, 21, 42, 23, 36, 11, 37) (31, 46, 14, 45, 18, 47, 12, 35, 13) (30, 44, 16, 6, 20, 40) "
"OP(14,12,9,9,3,3)",0,Solved,"0,0410"," (4t+2)","0,0456","(\infty, 4, 14, 30, 15, 46, 16, \infty, 40, 22, 39, 6, 38, 28) (36, 17, 37, 10, 21, 47, 12, 41, 13, 34, 45, 23) (7, 1, 2, 9, 18, 32, 44, 19, 11) (31, 25, 26, 33, 42, 8, 20, 43, 35) (0, 5, 3) (24, 29, 27) "
"OP(8,12,8,8,14)",0,Solved,"0,0940"," (4t+2)","0,0976","(\infty, 17, 2, 3, \infty, 27, 26, 41) (1, 6, 8, 11, 18, 36, 25, 30, 32, 35, 42, 12) (34, 20, 14, 5, 45, 7, 23, 46) (10, 44, 38, 29, 21, 31, 47, 22) (37, 15, 43, 16, 33, 4, 0, 13, 39, 19, 40, 9, 28, 24) "
"OP(4,12,8,8,4,14)",0,Solved,"0,1110"," (4t+2)","0,1148","(\infty, 22, \infty, 46) (12, 13, 40, 30, 15, 29, 36, 37, 16, 6, 39, 5) (4, 47, 3, 31, 43, 21, 2, 10) (28, 23, 27, 7, 19, 45, 26, 34) (24, 11, 0, 35) (20, 18, 9, 32, 1, 17, 14, 44, 42, 33, 8, 25, 41, 38) "
"OP(14,12,9,7,5,3)",,Infeasible,,Table config is not valid,,
"OP(8,12,8,14,4,4)",0,Solved,"0,1930"," (4t+2)","0,1977","(\infty, 31, 8, 37, \infty, 13, 32, 7) (9, 22, 36, 5, 38, 43, 33, 46, 12, 29, 14, 19) (1, 41, 45, 47, 25, 17, 21, 23) (42, 6, 3, 4, 11, 0, 39, 18, 30, 27, 28, 35, 24, 15) (34, 2, 44, 16) (10, 26, 20, 40) "
"OP(4,12,8,6,6,14)",0,Solved,"0,0440"," (4t+2)","0,0487","(\infty, 22, \infty, 46) (47, 13, 5, 3, 9, 10, 23, 37, 29, 27, 33, 34) (7, 4, 0, 15, 31, 28, 24, 39) (17, 6, 1, 8, 20, 38) (41, 30, 25, 32, 44, 14) (11, 2, 12, 40, 21, 43, 18, 35, 26, 36, 16, 45, 19, 42) "
"OP(6,12,8,6,14,4)",0,Solved,"0,2050"," (4t+2)","0,2097","(\infty, 44, 0, \infty, 24, 20) (7, 36, 8, 29, 4, 46, 31, 12, 32, 5, 28, 22) (38, 6, 41, 2, 14, 30, 17, 26) (15, 45, 34, 39, 21, 10) (40, 43, 42, 1, 27, 35, 33, 16, 19, 18, 25, 3, 11, 9) (37, 47, 13, 23) "
"OP(4,12,8,6,14,3,3)",0,Solved,"0,0640"," (4t+2)","0,0679","(\infty, 30, \infty, 6) (3, 0, 8, 7, 18, 43, 27, 24, 32, 31, 42, 19) (34, 21, 12, 22, 10, 45, 36, 46) (11, 5, 1, 35, 29, 25) (13, 40, 23, 38, 20, 39, 17, 37, 16, 47, 14, 44, 15, 41) (4, 2, 9) (28, 26, 33) "
"OP(6,12,8,14,5,5)",0,Solved,"0,1430"," (4t+2)","0,1472","(\infty, 16, 10, \infty, 34, 40) (32, 37, 46, 29, 9, 12, 8, 13, 22, 5, 33, 36) (7, 21, 11, 43, 31, 45, 35, 19) (4, 17, 47, 6, 14, 3, 2, 28, 41, 23, 30, 38, 27, 26) (20, 18, 39, 24, 1) (44, 42, 15, 0, 25) "
"OP(6,12,8,14,4,3,3)",0,Solved,"0,0460"," (4t+2)","0,0498","(\infty, 9, 15, \infty, 39, 33) (36, 21, 42, 17, 34, 0, 12, 45, 18, 41, 10, 24) (44, 26, 7, 27, 20, 2, 31, 3) (19, 28, 38, 1, 6, 46, 47, 43, 4, 14, 25, 30, 22, 23) (13, 11, 37, 35) (40, 8, 5) (16, 32, 29) "
"OP(4,12,8,4,4,4,14)",0,Solved,"0,1140"," (4t+2)","0,1175","(\infty, 17, \infty, 41) (13, 11, 16, 42, 12, 47, 37, 35, 40, 18, 36, 23) (0, 9, 21, 7, 24, 33, 45, 31) (3, 19, 46, 6) (27, 43, 22, 30) (10, 14, 34, 38) (4, 15, 8, 2, 1, 20, 5, 28, 39, 32, 26, 25, 44, 29) "
"OP(4,12,8,14,3,3,3,3)",0,Solved,"0,0460"," (4t+2)","0,0497","(\infty, 41, \infty, 17) (37, 2, 47, 38, 39, 43, 13, 26, 23, 14, 15, 19) (32, 40, 24, 34, 8, 16, 0, 10) (45, 33, 44, 46, 25, 42, 28, 21, 9, 20, 22, 1, 18, 4) (3, 36, 31) (27, 12, 7) (29, 35, 6) (5, 11, 30) "
"OP(14,12,8,8,8)",0,Solved,"0,0580"," (4t+2)","0,0619","(\infty, 5, 13, 19, 6, 15, 33, \infty, 9, 39, 30, 43, 37, 29) (12, 7, 4, 0, 2, 3, 36, 31, 28, 24, 26, 27) (14, 46, 10, 47, 16, 41, 21, 35) (38, 22, 34, 23, 40, 17, 45, 11) (8, 1, 20, 42, 32, 25, 44, 18) "
"OP(4,12,8,8,4,14)",0,Solved,"0,1130"," (4t+2)","0,1184","(\infty, 22, \infty, 46) (12, 13, 40, 30, 15, 29, 36, 37, 16, 6, 39, 5) (4, 47, 3, 31, 43, 21, 2, 10) (28, 23, 27, 7, 19, 45, 26, 34) (24, 11, 0, 35) (20, 18, 9, 32, 1, 17, 14, 44, 42, 33, 8, 25, 41, 38) "
"OP(14,12,8,8,4,4)",0,Solved,"0,0630"," (4t+2)","0,0681","(\infty, 33, 20, 8, 5, 6, 1, \infty, 25, 30, 29, 32, 44, 9) (4, 10, 19, 17, 2, 12, 28, 34, 43, 41, 26, 36) (47, 21, 40, 22, 39, 18, 38, 13) (23, 45, 16, 46, 15, 42, 14, 37) (7, 0, 11, 3) (31, 24, 35, 27) "
"OP(4,12,7,7,6,14)",0,Solved,"0,0470"," (4t+2)","0,0507","(\infty, 1, \infty, 25) (4, 3, 6, 2, 0, 5, 28, 27, 30, 26, 24, 29) (35, 17, 8, 16, 33, 18, 45) (11, 41, 32, 40, 9, 42, 21) (20, 13, 7, 44, 37, 31) (47, 15, 43, 14, 36, 22, 10, 23, 39, 19, 38, 12, 46, 34) "
"OP(6,12,7,7,14,4)",0,Solved,"0,0570"," (4t+2)","0,0615","(\infty, 7, 15, \infty, 39, 31) (9, 19, 38, 18, 34, 16, 33, 43, 14, 42, 10, 40) (4, 0, 2, 3, 6, 12, 17) (28, 24, 26, 27, 30, 36, 41) (13, 47, 21, 46, 35, 8, 1, 37, 23, 45, 22, 11, 32, 25) (20, 5, 44, 29) "
"OP(4,12,7,7,14,3,3)",0,Solved,"0,0460"," (4t+2)","0,0531","(\infty, 20, \infty, 44) (3, 14, 21, 36, 16, 41, 27, 38, 45, 12, 40, 17) (10, 23, 39, 18, 37, 11, 1) (34, 47, 15, 42, 13, 35, 25) (2, 7, 19, 22, 4, 5, 9, 26, 31, 43, 46, 28, 29, 33) (0, 8, 6) (24, 32, 30) "
"OP(14,12,8,6,6,4)",0,Solved,"0,0780"," (4t+2)","0,0823","(\infty, 1, 6, 14, 7, 4, 13, \infty, 37, 28, 31, 38, 30, 25) (12, 44, 16, 5, 9, 22, 36, 20, 40, 29, 33, 46) (3, 15, 17, 0, 27, 39, 41, 24) (21, 11, 10, 43, 18, 47) (45, 35, 34, 19, 42, 23) (8, 2, 32, 26) "
"OP(14,12,8,6,5,5)",0,Solved,"0,1170"," (4t+2)","0,1229","(\infty, 12, 11, 42, 20, 10, 16, \infty, 40, 34, 44, 18, 35, 36) (28, 30, 41, 8, 13, 45, 4, 6, 17, 32, 37, 21) (46, 1, 5, 14, 22, 25, 29, 38) (0, 27, 47, 24, 3, 23) (39, 26, 7, 43, 9) (15, 2, 31, 19, 33) "
"OP(14,12,8,6,4,3,3)",0,Solved,"0,0800"," (4t+2)","0,0844","(\infty, 43, 18, 46, 9, 11, 1, \infty, 25, 35, 33, 22, 42, 19) (10, 40, 6, 12, 44, 13, 34, 16, 30, 36, 20, 37) (7, 8, 3, 39, 31, 32, 27, 15) (0, 4, 17, 24, 28, 41) (14, 5, 38, 29) (47, 21, 2) (23, 45, 26) "
"OP(14,12,8,5,5,3,3)",0,Solved,"0,1360"," (4t+2)","0,1400","(\infty, 10, 16, 6, 23, 15, 4, \infty, 28, 39, 47, 30, 40, 34) (11, 8, 44, 22, 1, 2, 35, 32, 20, 46, 25, 26) (43, 18, 5, 0, 19, 42, 29, 24) (14, 7, 21, 3, 12) (38, 31, 45, 27, 36) (41, 13, 9) (17, 37, 33) "
"OP(4,12,8,4,4,4,14)",0,Solved,"0,1150"," (4t+2)","0,1189","(\infty, 17, \infty, 41) (13, 11, 16, 42, 12, 47, 37, 35, 40, 18, 36, 23) (0, 9, 21, 7, 24, 33, 45, 31) (3, 19, 46, 6) (27, 43, 22, 30) (10, 14, 34, 38) (4, 15, 8, 2, 1, 20, 5, 28, 39, 32, 26, 25, 44, 29) "
"OP(14,12,8,4,4,4,4)",0,Solved,"0,1540"," (4t+2)","0,1584","(\infty, 42, 11, 3, 5, 14, 46, \infty, 22, 38, 29, 27, 35, 18) (20, 41, 21, 43, 9, 8, 44, 17, 45, 19, 33, 32) (4, 1, 12, 47, 28, 25, 36, 23) (15, 0, 10, 40) (39, 24, 34, 16) (6, 2, 7, 13) (30, 26, 31, 37) "
"OP(14,12,8,4,3,3,3,3)",0,Solved,"0,2750"," (4t+2)","0,2781","(\infty, 21, 1, 47, 7, 42, 3, \infty, 27, 18, 31, 23, 25, 45) (46, 20, 37, 34, 4, 15, 22, 44, 13, 10, 28, 39) (16, 32, 36, 11, 40, 8, 12, 35) (19, 9, 43, 33) (17, 38, 2) (41, 14, 26) (6, 0, 5) (30, 24, 29) "
"OP(4,12,6,7,7,14)",0,Solved,"0,0390"," (4t+2)","0,0427","(\infty, 3, \infty, 27) (14, 8, 7, 20, 23, 5, 38, 32, 31, 44, 47, 29) (15, 4, 12, 39, 28, 36) (10, 17, 45, 16, 2, 0, 22) (34, 41, 21, 40, 26, 24, 46) (6, 1, 11, 43, 18, 9, 13, 30, 25, 35, 19, 42, 33, 37) "
"OP(14,12,7,7,6,4)",0,Solved,"0,0470"," (4t+2)","0,0514","(\infty, 18, 6, 17, 34, 15, 36, \infty, 12, 39, 10, 41, 30, 42) (22, 40, 20, 45, 19, 11, 46, 16, 44, 21, 43, 35) (8, 1, 2, 4, 7, 23, 14) (32, 25, 26, 28, 31, 47, 38) (9, 5, 0, 33, 29, 24) (13, 3, 37, 27) "
"OP(14,12,7,7,5,5)",0,Solved,"0,0500"," (4t+2)","0,0534","(\infty, 35, 7, 34, 32, 38, 3, \infty, 27, 14, 8, 10, 31, 11) (47, 39, 43, 24, 36, 37, 23, 15, 19, 0, 12, 13) (30, 45, 40, 2, 28, 46, 5) (6, 21, 16, 26, 4, 22, 29) (44, 33, 42, 25, 41) (20, 9, 18, 1, 17) "
"OP(14,12,7,7,4,3,3)",0,Solved,"0,1900"," (4t+2)","0,1937","(\infty, 25, 26, 19, 0, 18, 21, \infty, 45, 42, 24, 43, 2, 1) (15, 17, 5, 10, 27, 6, 39, 41, 29, 34, 3, 30) (9, 32, 16, 36, 47, 7, 13) (33, 8, 40, 12, 23, 31, 37) (4, 14, 28, 38) (44, 22, 35) (20, 46, 11) "
"OP(6,12,6,6,6,14)",0,Solved,"0,0430"," (4t+2)","0,0470","(\infty, 18, 46, \infty, 22, 42) (2, 3, 5, 17, 34, 16, 26, 27, 29, 41, 10, 40) (6, 1, 8, 23, 15, 9) (30, 25, 32, 47, 39, 33) (13, 4, 0, 37, 28, 24) (20, 7, 21, 43, 14, 35, 12, 44, 31, 45, 19, 38, 11, 36) "
"OP(6,12,6,6,14,3,3)",0,Solved,"0,1510"," (4t+2)","0,1549","(\infty, 10, 12, \infty, 36, 34) (41, 20, 14, 7, 21, 39, 17, 44, 38, 31, 45, 15) (16, 11, 0, 9, 28, 8) (40, 35, 24, 33, 4, 32) (18, 5, 1, 2, 19, 3, 6, 42, 29, 25, 26, 43, 27, 30) (13, 46, 23) (37, 22, 47) "
"OP(4,12,6,6,4,4,14)",0,Solved,"0,0560"," (4t+2)","0,0607","(\infty, 0, \infty, 24) (36, 9, 2, 5, 3, 11, 12, 33, 26, 29, 27, 35) (8, 20, 34, 47, 15, 4) (32, 44, 10, 23, 39, 28) (6, 1, 7, 16) (30, 25, 31, 40) (46, 13, 43, 21, 38, 18, 41, 22, 37, 19, 45, 14, 42, 17) "
"OP(4,12,6,5,5,4,14)",0,Solved,"0,0470"," (4t+2)","0,0511","(\infty, 1, \infty, 25) (2, 3, 9, 5, 14, 12, 26, 27, 33, 29, 38, 36) (6, 17, 43, 30, 41, 19) (10, 7, 0, 8, 20) (34, 31, 24, 32, 44) (47, 4, 23, 28) (11, 39, 16, 46, 13, 45, 18, 35, 15, 40, 22, 37, 21, 42) "
"OP(6,12,6,14,4,4,4)",0,Solved,"0,1650"," (4t+2)","0,1695","(\infty, 43, 9, \infty, 33, 19) (23, 12, 2, 17, 42, 7, 47, 36, 26, 41, 18, 31) (6, 4, 3, 30, 28, 27) (1, 10, 15, 46, 16, 35, 13, 25, 34, 39, 22, 40, 11, 37) (21, 14, 8, 5) (45, 38, 32, 29) (20, 0, 44, 24) "
"OP(6,12,6,14,3,3,3,3)",0,Solved,"0,1590"," (4t+2)","0,1654","(\infty, 45, 19, \infty, 43, 21) (44, 6, 7, 9, 12, 0, 20, 30, 31, 33, 36, 24) (5, 22, 4, 29, 46, 28) (15, 23, 8, 1, 10, 16, 35, 39, 47, 32, 25, 34, 40, 11) (38, 17, 3) (14, 41, 27) (13, 18, 2) (37, 42, 26) "
"OP(4,12,6,4,4,14,3,3)",0,Solved,"0,0440"," (4t+2)","0,0475","(\infty, 5, \infty, 29) (9, 12, 19, 10, 37, 22, 33, 36, 43, 34, 13, 46) (6, 4, 0, 30, 28, 24) (2, 3, 8, 16) (26, 27, 32, 40) (39, 17, 42, 14, 45, 35, 47, 15, 41, 18, 38, 21, 11, 23) (1, 20, 7) (25, 44, 31) "
"OP(14,12,6,6,6,6)",0,Solved,"0,0620"," (4t+2)","0,0656","(\infty, 10, 18, 7, 33, 6, 40, \infty, 16, 30, 9, 31, 42, 34) (0, 44, 3, 45, 43, 8, 24, 20, 27, 21, 19, 32) (17, 47, 4, 14, 29, 46) (41, 23, 28, 38, 5, 22) (15, 35, 26, 1, 13, 12) (39, 11, 2, 25, 37, 36) "
"OP(14,12,6,6,6,3,3)",0,Solved,"0,1900"," (4t+2)","0,1940","(\infty, 1, 6, 10, 3, 14, 35, \infty, 11, 38, 27, 34, 30, 25) (43, 42, 16, 44, 13, 0, 19, 18, 40, 20, 37, 24) (9, 7, 4, 12, 46, 21) (33, 31, 28, 36, 22, 45) (47, 15, 5, 23, 39, 29) (2, 8, 17) (26, 32, 41) "
"OP(4,12,5,5,6,4,14)",0,Solved,"0,1010"," (4t+2)","0,1047","(\infty, 42, \infty, 18) (2, 17, 46, 21, 35, 39, 26, 41, 22, 45, 11, 15) (44, 37, 47, 38, 32) (20, 13, 23, 14, 8) (43, 12, 1, 19, 36, 25) (16, 0, 40, 24) (27, 30, 10, 9, 4, 31, 5, 3, 6, 34, 33, 28, 7, 29) "
"OP(14,12,6,6,4,4,4)",0,Solved,"0,0780"," (4t+2)","0,0820","(\infty, 16, 0, 20, 43, 10, 22, \infty, 46, 34, 19, 44, 24, 40) (47, 12, 2, 8, 15, 45, 23, 36, 26, 32, 39, 21) (14, 35, 18, 7, 4, 13) (38, 11, 42, 31, 28, 37) (5, 3, 17, 9) (29, 27, 41, 33) (1, 6, 25, 30) "
"OP(14,12,6,6,3,3,3,3)",0,Solved,"0,0580"," (4t+2)","0,0617","(\infty, 47, 29, 7, 28, 9, 43, \infty, 19, 33, 4, 31, 5, 23) (46, 0, 32, 20, 30, 39, 22, 24, 8, 44, 6, 15) (45, 3, 16, 17, 12, 1) (21, 27, 40, 41, 36, 25) (18, 26, 11) (42, 2, 35) (37, 14, 34) (13, 38, 10) "
"OP(4,12,5,5,5,5,14)",0,Solved,"0,0480"," (4t+2)","0,0518","(\infty, 21, \infty, 45) (0, 6, 8, 11, 15, 1, 24, 30, 32, 35, 39, 25) (44, 13, 3, 10, 18) (20, 37, 27, 34, 42) (14, 5, 4, 33, 46) (38, 29, 28, 9, 22) (12, 40, 19, 7, 2, 17, 47, 36, 16, 43, 31, 26, 41, 23) "
"OP(14,12,6,5,5,4,4)",0,Solved,"0,1760"," (4t+2)","0,1808","(\infty, 5, 19, 10, 6, 0, 3, \infty, 27, 24, 30, 34, 43, 29) (11, 4, 2, 1, 12, 20, 35, 28, 26, 25, 36, 44) (16, 46, 23, 40, 22, 47) (7, 39, 13, 32, 42) (31, 15, 37, 8, 18) (9, 14, 41, 21) (33, 38, 17, 45) "
"OP(4,12,5,5,4,14,3,3)",0,Solved,"0,0550"," (4t+2)","0,0594","(\infty, 16, \infty, 40) (19, 47, 44, 21, 42, 11, 43, 23, 20, 45, 18, 35) (0, 36, 1, 15, 9) (24, 12, 25, 39, 33) (8, 13, 32, 37) (41, 34, 26, 22, 4, 6, 7, 17, 10, 2, 46, 28, 30, 31) (29, 14, 3) (5, 38, 27) "
"OP(14,12,6,4,4,4,3,3)",0,Solved,"0,0780"," (4t+2)","0,0814","(\infty, 44, 0, 2, 13, 43, 22, \infty, 46, 19, 37, 26, 24, 20) (40, 7, 39, 14, 23, 45, 16, 31, 15, 38, 47, 21) (5, 8, 36, 29, 32, 12) (10, 41, 6, 18) (34, 17, 30, 42) (11, 1, 35, 25) (3, 4, 9) (27, 28, 33) "
"OP(14,12,6,3,3,3,3,3,3)",0,Solved,"0,0570"," (4t+2)","0,0613","(\infty, 44, 8, 35, 43, 34, 14, \infty, 38, 10, 19, 11, 32, 20) (12, 30, 45, 0, 41, 40, 36, 6, 21, 24, 17, 16) (2, 13, 3, 26, 37, 27) (23, 18, 1) (47, 42, 25) (46, 4, 33) (22, 28, 9) (7, 39, 5) (31, 15, 29) "
"OP(14,12,5,5,5,5,4)",0,Solved,"0,1510"," (4t+2)","0,1553","(\infty, 0, 2, 8, 3, 19, 6, \infty, 30, 43, 27, 32, 26, 24) (7, 16, 17, 36, 10, 46, 31, 40, 41, 12, 34, 22) (23, 9, 37, 14, 44) (47, 33, 13, 38, 20) (1, 45, 5, 15, 4) (25, 21, 29, 39, 28) (11, 18, 35, 42) "
"OP(4,12,4,5,5,14,3,3)",0,Solved,"0,1020"," (4t+2)","0,1066","(\infty, 28, \infty, 4) (26, 44, 34, 33, 1, 37, 2, 20, 10, 9, 25, 13) (45, 43, 21, 19) (5, 32, 46, 27, 30) (29, 8, 22, 3, 6) (38, 7, 40, 0, 39, 35, 42, 14, 31, 16, 24, 15, 11, 18) (36, 41, 47) (12, 17, 23) "
"OP(14,12,5,5,4,4,3,3)",0,Solved,"0,0420"," (4t+2)","0,0463","(\infty, 46, 38, 5, 7, 37, 8, \infty, 32, 13, 31, 29, 14, 22) (17, 28, 16, 23, 10, 15, 41, 4, 40, 47, 34, 39) (1, 21, 20, 36, 11) (25, 45, 44, 12, 35) (9, 30, 26, 43) (33, 6, 2, 19) (42, 0, 3) (18, 24, 27) "
"OP(4,12,4,4,4,4,4,14)",0,Solved,"0,0810"," (4t+2)","0,0853","(\infty, 21, \infty, 45) (6, 15, 2, 7, 13, 5, 30, 39, 26, 31, 37, 29) (46, 17, 1, 16) (22, 41, 25, 40) (12, 0, 11, 14) (36, 24, 35, 38) (10, 3, 34, 27) (42, 20, 47, 19, 9, 8, 4, 18, 44, 23, 43, 33, 32, 28) "
"OP(4,12,4,4,14,3,3,3,3)",0,Solved,"0,0420"," (4t+2)","0,0469","(\infty, 16, \infty, 40) (4, 13, 23, 39, 12, 43, 28, 37, 47, 15, 36, 19) (38, 20, 45, 10) (14, 44, 21, 34) (11, 7, 1, 2, 9, 17, 46, 35, 31, 25, 26, 33, 41, 22) (32, 6, 18) (8, 30, 42) (0, 5, 3) (24, 29, 27) "
"OP(14,12,4,4,4,4,4,4)",0,Solved,"0,0660"," (4t+2)","0,0701","(\infty, 3, 4, 6, 9, 22, 45, \infty, 21, 46, 33, 30, 28, 27) (34, 15, 1, 5, 26, 41, 10, 39, 25, 29, 2, 17) (8, 13, 23, 14) (32, 37, 47, 38) (18, 36, 20, 40) (42, 12, 44, 16) (7, 0, 11, 19) (31, 24, 35, 43) "
"OP(14,12,4,4,4,3,3,3,3)",0,Solved,"0,0780"," (4t+2)","0,0813","(\infty, 46, 4, 0, 35, 3, 36, \infty, 12, 27, 11, 24, 28, 22) (43, 2, 23, 40, 6, 1, 19, 26, 47, 16, 30, 25) (32, 42, 13, 10) (8, 18, 37, 34) (15, 14, 39, 38) (5, 44, 7) (29, 20, 31) (17, 9, 45) (41, 33, 21) "
"OP(14,12,3,3,3,3,3,3,3,3)",0,Solved,"0,4850"," (4t+2)","0,4887","(\infty, 38, 33, 13, 15, 32, 42, \infty, 18, 8, 39, 37, 9, 14) (6, 12, 3, 4, 11, 0, 30, 36, 27, 28, 35, 24) (40, 7, 21) (16, 31, 45) (19, 44, 22) (43, 20, 46) (2, 10, 23) (26, 34, 47) (17, 5, 1) (41, 29, 25) "
"OP(4,10,11,11,14)",0,Solved,"0,0430"," (4t+2)","0,0472","(\infty, 13, \infty, 37) (46, 17, 38, 20, 6, 22, 41, 14, 44, 30) (36, 21, 47, 11, 31, 18, 8, 1, 2, 10, 19) (12, 45, 23, 35, 7, 42, 32, 25, 26, 34, 43) (40, 15, 9, 4, 0, 3, 5, 16, 39, 33, 28, 24, 27, 29) "
"OP(14,11,11,10,4)",0,Solved,"0,0750"," (4t+2)","0,0797","(\infty, 6, 22, 40, 21, 32, 42, \infty, 18, 8, 45, 16, 46, 30) (12, 7, 4, 0, 2, 3, 9, 17, 34, 47, 19) (36, 31, 28, 24, 26, 27, 33, 41, 10, 23, 43) (39, 14, 35, 13, 1, 15, 38, 11, 37, 25) (20, 5, 44, 29) "
"OP(6,11,11,8,14)",0,Solved,"0,0540"," (4t+2)","0,0584","(\infty, 14, 40, \infty, 16, 38) (0, 11, 20, 7, 6, 2, 9, 42, 21, 46, 10) (24, 35, 44, 31, 30, 26, 33, 18, 45, 22, 34) (8, 3, 1, 4, 32, 27, 25, 28) (17, 36, 19, 13, 5, 39, 23, 41, 12, 43, 37, 29, 15, 47) "
"OP(14,11,11,8,6)",0,Solved,"0,0670"," (4t+2)","0,0708","(\infty, 4, 8, 39, 20, 9, 6, \infty, 30, 33, 44, 15, 32, 28) (18, 46, 0, 14, 1, 16, 41, 23, 2, 7, 19) (42, 22, 24, 38, 25, 40, 17, 47, 26, 31, 43) (13, 5, 11, 21, 37, 29, 35, 45) (10, 3, 12, 34, 27, 36) "
"OP(14,11,11,8,3,3)",0,Solved,"0,2140"," (4t+2)","0,2192","(\infty, 20, 7, 19, 35, 14, 36, \infty, 12, 38, 11, 43, 31, 44) (30, 41, 21, 40, 22, 47, 32, 18, 10, 3, 13) (6, 17, 45, 16, 46, 23, 8, 42, 34, 27, 37) (15, 9, 5, 0, 39, 33, 29, 24) (2, 1, 4) (26, 25, 28) "
"OP(14,11,11,7,7)",0,Solved,"0,0420"," (4t+2)","0,0458","(\infty, 17, 40, 13, 5, 3, 9, \infty, 33, 27, 29, 37, 16, 41) (20, 7, 4, 0, 34, 18, 6, 1, 8, 19, 38) (44, 31, 28, 24, 10, 42, 30, 25, 32, 43, 14) (11, 2, 12, 45, 23, 22, 39) (35, 26, 36, 21, 47, 46, 15) "
"OP(4,11,11,6,4,14)",0,Solved,"0,1810"," (4t+2)","0,1849","(\infty, 2, \infty, 26) (5, 12, 20, 33, 18, 35, 16, 41, 21, 32, 14) (29, 36, 44, 9, 42, 11, 40, 17, 45, 8, 38) (1, 0, 3, 25, 24, 27) (13, 23, 37, 47) (22, 43, 31, 15, 10, 6, 4, 46, 19, 7, 39, 34, 30, 28) "
"OP(4,11,11,5,5,14)",0,Solved,"0,0460"," (4t+2)","0,0501","(\infty, 21, \infty, 45) (7, 17, 32, 13, 44, 23, 9, 0, 18, 2, 6) (31, 41, 8, 37, 20, 47, 33, 24, 42, 26, 30) (16, 22, 10, 5, 3) (40, 46, 34, 29, 27) (1, 4, 11, 19, 39, 14, 36, 25, 28, 35, 43, 15, 38, 12) "
"OP(14,11,11,6,4,4)",0,Solved,"0,0440"," (4t+2)","0,0491","(\infty, \infty, 23, 8, 38, 11, 43, 21, 45, 19, 35, 14, 32, 47) (31, 44, 13, 42, 22, 12, 6, 1, 2, 10, 17) (7, 20, 37, 18, 46, 36, 30, 25, 26, 34, 41) (40, 15, 4, 16, 39, 28) (9, 0, 3, 5) (33, 24, 27, 29) "
"OP(14,11,11,5,5,4)",0,Solved,"0,0990"," (4t+2)","0,1029","(\infty, 19, 8, 0, 1, 3, 39, \infty, 15, 27, 25, 24, 32, 43) (2, 5, 9, 18, 4, 14, 34, 21, 36, 13, 7) (26, 29, 33, 42, 28, 38, 10, 45, 12, 37, 31) (11, 41, 20, 46, 30) (35, 17, 44, 22, 6) (23, 16, 47, 40) "
"OP(4,11,11,4,14,3,3)",0,Solved,"0,0390"," (4t+2)","0,0432","(\infty, 7, \infty, 31) (3, 13, 16, 23, 35, 21, 44, 12, 41, 19, 14) (27, 37, 40, 47, 11, 45, 20, 36, 17, 43, 38) (10, 1, 34, 25) (2, 15, 42, 22, 4, 5, 9, 26, 39, 18, 46, 28, 29, 33) (0, 8, 6) (24, 32, 30) "
"OP(14,11,11,4,4,3,3)",0,Solved,"0,0530"," (4t+2)","0,0577","(\infty, 2, 4, 7, 6, 18, 34, \infty, 10, 42, 30, 31, 28, 26) (33, 16, 27, 36, 11, 41, 21, 43, 22, 15, 23) (9, 40, 3, 12, 35, 17, 45, 19, 46, 39, 47) (13, 0, 14, 8) (37, 24, 38, 32) (1, 20, 5) (25, 44, 29) "
"OP(6,10,10,10,14)",0,Solved,"0,0470"," (4t+2)","0,0518","(\infty, 42, 6, \infty, 30, 18) (31, 12, 14, 3, 19, 23, 9, 2, 5, 40) (7, 36, 38, 27, 43, 47, 33, 26, 29, 16) (37, 4, 44, 34, 8, 13, 28, 20, 10, 32) (11, 17, 0, 25, 46, 45, 15, 35, 41, 24, 1, 22, 21, 39) "
"OP(10,10,10,14,6)",0,Solved,"0,0450"," (4t+2)","0,0500","(\infty, 0, 18, 43, 16, \infty, 40, 19, 42, 24) (20, 10, 1, 7, 5, 8, 12, 47, 15, 3) (44, 34, 25, 31, 29, 32, 36, 23, 39, 27) (6, 14, 13, 41, 22, 11, 45, 30, 38, 37, 17, 46, 35, 21) (4, 9, 2, 28, 33, 26) "
"OP(10,10,10,14,3,3)",0,Solved,"0,1120"," (4t+2)","0,1157","(\infty, 37, 31, 36, 17, \infty, 41, 12, 7, 13) (9, 47, 22, 19, 20, 27, 25, 11, 15, 0) (33, 23, 46, 43, 44, 3, 1, 35, 39, 24) (8, 30, 38, 10, 40, 28, 45, 32, 6, 14, 34, 16, 4, 21) (26, 5, 42) (2, 29, 18) "
"OP(8,10,10,8,14)",0,Solved,"0,1510"," (4t+2)","0,1553","(\infty, 10, 23, 0, \infty, 24, 47, 34) (3, 14, 43, 1, 6, 13, 41, 8, 22, 4) (27, 38, 19, 25, 30, 37, 17, 32, 46, 28) (18, 40, 9, 21, 42, 16, 33, 45) (11, 15, 7, 5, 2, 12, 44, 35, 39, 31, 29, 26, 36, 20) "
"OP(4,10,10,8,4,14)",0,Solved,"0,0380"," (4t+2)","0,0424","(\infty, 1, \infty, 25) (4, 3, 6, 2, 0, 5, 13, 31, 17, 10) (28, 27, 30, 26, 24, 29, 37, 7, 41, 34) (23, 35, 18, 8, 47, 11, 42, 32) (20, 9, 44, 33) (40, 15, 43, 22, 38, 12, 45, 16, 39, 19, 46, 14, 36, 21) "
"OP(14,11,10,7,5,3)",,Infeasible,,Table config is not valid,,
"OP(8,10,10,14,4,4)",0,Solved,"0,0680"," (4t+2)","0,0719","(\infty, 30, 3, 0, \infty, 24, 27, 6) (9, 42, 17, 37, 11, 23, 12, 19, 14, 5) (33, 18, 41, 13, 35, 47, 36, 43, 38, 29) (1, 7, 8, 21, 40, 22, 39, 25, 31, 32, 45, 16, 46, 15) (20, 4, 2, 10) (44, 28, 26, 34) "
"OP(4,10,10,6,6,14)",0,Solved,"0,0460"," (4t+2)","0,0497","(\infty, 1, \infty, 25) (4, 3, 6, 2, 0, 5, 13, 31, 17, 10) (28, 27, 30, 26, 24, 29, 37, 7, 41, 34) (47, 38, 18, 8, 19, 35) (23, 14, 42, 32, 43, 11) (20, 46, 15, 40, 21, 36, 9, 44, 22, 39, 16, 45, 12, 33) "
"OP(6,10,10,6,14,4)",0,Solved,"0,2330"," (4t+2)","0,2365","(\infty, 3, 5, \infty, 29, 27) (16, 9, 6, 14, 32, 23, 7, 1, 0, 4) (40, 33, 30, 38, 8, 47, 31, 25, 24, 28) (20, 35, 10, 44, 11, 34) (19, 36, 46, 17, 37, 42, 21, 43, 12, 22, 41, 13, 18, 45) (15, 2, 39, 26) "
"OP(4,10,10,6,14,3,3)",0,Solved,"0,0390"," (4t+2)","0,0430","(\infty, 7, \infty, 31) (3, 13, 47, 40, 17, 36, 18, 45, 19, 14) (27, 37, 23, 16, 41, 12, 42, 21, 43, 38) (22, 10, 1, 46, 34, 25) (2, 15, 35, 20, 4, 5, 9, 26, 39, 11, 44, 28, 29, 33) (0, 8, 6) (24, 32, 30) "
"OP(6,10,10,14,5,5)",0,Solved,"0,1440"," (4t+2)","0,1478","(\infty, 12, 14, \infty, 38, 36) (40, 9, 1, 30, 41, 8, 5, 0, 42, 10) (16, 33, 25, 6, 17, 32, 29, 24, 18, 34) (47, 46, 37, 2, 28, 3, 44, 23, 22, 13, 26, 4, 27, 20) (39, 11, 45, 7, 43) (15, 35, 21, 31, 19) "
"OP(6,10,10,14,4,3,3)",0,Solved,"0,0450"," (4t+2)","0,0486","(\infty, 8, 28, \infty, 4, 32) (42, 26, 44, 10, 14, 9, 6, 27, 16, 7) (18, 2, 20, 34, 38, 33, 30, 3, 40, 31) (0, 29, 19, 17, 11, 47, 25, 24, 5, 43, 41, 35, 23, 1) (39, 22, 15, 46) (37, 45, 12) (13, 21, 36) "
"OP(4,10,10,4,4,4,14)",0,Solved,"0,0840"," (4t+2)","0,0880","(\infty, 11, \infty, 35) (21, 7, 4, 2, 1, 8, 12, 22, 10, 43) (45, 31, 28, 26, 25, 32, 36, 46, 34, 19) (14, 5, 0, 6) (38, 29, 24, 30) (3, 16, 27, 40) (23, 39, 9, 37, 20, 41, 18, 47, 15, 33, 13, 44, 17, 42) "
"OP(4,10,10,14,3,3,3,3)",0,Solved,"0,0580"," (4t+2)","0,0617","(\infty, 20, \infty, 44) (1, 8, 17, 39, 11, 38, 0, 6, 9, 13) (25, 32, 41, 15, 35, 14, 24, 30, 33, 37) (22, 47, 18, 7, 5, 4, 12, 46, 23, 42, 31, 29, 28, 36) (3, 16, 21) (27, 40, 45) (2, 19, 34) (26, 43, 10) "
"OP(8,10,9,9,14)",0,Solved,"0,0510"," (4t+2)","0,0550","(\infty, 39, 14, 31, \infty, 7, 38, 15) (23, 12, 2, 45, 5, 47, 36, 26, 21, 29) (44, 30, 27, 8, 28, 16, 17, 33, 11) (20, 6, 3, 32, 4, 40, 41, 9, 35) (37, 10, 19, 1, 42, 46, 0, 13, 34, 43, 25, 18, 22, 24) "
"OP(4,10,9,9,4,14)",0,Solved,"0,0450"," (4t+2)","0,0497","(\infty, 36, \infty, 12) (9, 20, 7, 8, 11, 33, 44, 31, 32, 35) (46, 3, 37, 18, 39, 24, 6, 14, 2) (22, 27, 13, 42, 15, 0, 30, 38, 26) (47, 40, 23, 16) (19, 29, 4, 10, 1, 17, 45, 43, 5, 28, 34, 25, 41, 21) "
"OP(10,10,14,8,8)",0,Solved,"0,0500"," (4t+2)","0,0545","(\infty, 2, 3, 5, 8, \infty, 32, 29, 27, 26) (7, 1, 9, 16, 41, 31, 25, 33, 40, 17) (10, 21, 35, 20, 39, 19, 46, 34, 45, 11, 44, 15, 43, 22) (13, 30, 14, 36, 23, 18, 0, 4) (37, 6, 38, 12, 47, 42, 24, 28) "
"OP(14,11,9,8,5,3)",,Infeasible,,Table config is not valid,,
"OP(10,10,14,8,4,4)",0,Solved,"0,0770"," (4t+2)","0,0821","(\infty, 3, 4, 6, 9, \infty, 33, 30, 28, 27) (5, 21, 46, 15, 1, 29, 45, 22, 39, 25) (44, 26, 13, 8, 14, 23, 35, 20, 2, 37, 32, 38, 47, 11) (17, 36, 40, 19, 41, 12, 16, 43) (7, 0, 10, 18) (31, 24, 34, 42) "
"OP(14,11,9,7,6,3)",,Infeasible,,Table config is not valid,,
"OP(14,11,9,7,5,4)",,Infeasible,,Table config is not valid,,
"OP(14,11,9,7,3,3,3)",,Infeasible,,Table config is not valid,,
"OP(10,10,14,6,6,4)",0,Solved,"0,0900"," (4t+2)","0,0939","(\infty, 34, 19, 5, 16, \infty, 40, 29, 43, 10) (27, 35, 18, 17, 38, 3, 11, 42, 41, 14) (45, 39, 13, 9, 2, 32, 30, 21, 15, 37, 33, 26, 8, 6) (47, 22, 12, 0, 28, 31) (23, 46, 36, 24, 4, 7) (44, 1, 20, 25) "
"OP(10,10,14,6,5,5)",0,Solved,"0,1350"," (4t+2)","0,1394","(\infty, 35, 14, 19, 23, \infty, 47, 43, 38, 11) (29, 30, 42, 39, 45, 5, 6, 18, 15, 21) (27, 37, 46, 32, 10, 28, 26, 3, 13, 22, 8, 34, 4, 2) (44, 24, 31, 20, 0, 7) (36, 1, 16, 33, 17) (12, 25, 40, 9, 41) "
"OP(10,10,14,6,4,3,3)",0,Solved,"0,0490"," (4t+2)","0,0530","(\infty, 14, 43, 39, 18, \infty, 42, 15, 19, 38) (40, 24, 4, 21, 7, 16, 0, 28, 45, 31) (11, 6, 9, 8, 46, 20, 12, 35, 30, 33, 32, 22, 44, 36) (3, 10, 25, 27, 34, 1) (37, 2, 13, 26) (17, 5, 23) (41, 29, 47) "
"OP(10,10,14,5,5,3,3)",0,Solved,"0,0550"," (4t+2)","0,0589","(\infty, 4, 9, 18, 8, \infty, 32, 42, 33, 28) (5, 16, 36, 13, 46, 29, 40, 12, 37, 22) (0, 2, 3, 6, 10, 17, 38, 24, 26, 27, 30, 34, 41, 14) (15, 45, 19, 35, 23) (39, 21, 43, 11, 47) (1, 20, 7) (25, 44, 31) "
"OP(14,11,9,5,4,4,3)",,Infeasible,,Table config is not valid,,
"OP(10,10,14,4,4,4,4)",0,Solved,"0,0480"," (4t+2)","0,0519","(\infty, \infty, 23, 27, 46, 25, 1, 22, 3, 47) (45, 9, 19, 8, 38, 21, 33, 43, 32, 14) (42, 29, 35, 15, 0, 41, 40, 18, 5, 11, 39, 24, 17, 16) (28, 26, 34, 37) (4, 2, 10, 13) (30, 7, 12, 44) (6, 31, 36, 20) "
"OP(10,10,14,4,3,3,3,3)",0,Solved,"0,1430"," (4t+2)","0,1466","(\infty, 15, 29, 46, 9, \infty, 33, 22, 5, 39) (3, 1, 23, 30, 42, 27, 25, 47, 6, 18) (11, 8, 31, 12, 4, 14, 19, 35, 32, 7, 36, 28, 38, 43) (34, 16, 10, 40) (24, 45, 44) (0, 21, 20) (41, 2, 37) (17, 26, 13) "
"OP(4,10,8,8,6,14)",0,Solved,"0,0650"," (4t+2)","0,0685","(\infty, 32, \infty, 8) (26, 41, 31, 5, 37, 2, 17, 7, 29, 13) (43, 35, 1, 24, 36, 6, 33, 4) (19, 11, 25, 0, 12, 30, 9, 28) (34, 38, 27, 10, 14, 3) (46, 45, 39, 44, 47, 40, 42, 22, 21, 15, 20, 23, 16, 18) "
"OP(6,10,8,8,14,4)",0,Solved,"0,0680"," (4t+2)","0,0726","(\infty, 6, 14, \infty, 38, 30) (8, 40, 10, 41, 21, 32, 16, 34, 17, 45) (7, 4, 0, 2, 3, 9, 19, 12) (31, 28, 24, 26, 27, 33, 43, 36) (39, 18, 47, 22, 35, 13, 1, 15, 42, 23, 46, 11, 37, 25) (20, 5, 44, 29) "
"OP(4,10,8,8,14,3,3)",0,Solved,"0,0460"," (4t+2)","0,0511","(\infty, 17, \infty, 41) (3, 14, 21, 42, 13, 27, 38, 45, 18, 37) (10, 36, 23, 39, 16, 44, 11, 1) (34, 12, 47, 15, 40, 20, 35, 25) (2, 7, 19, 22, 4, 5, 9, 26, 31, 43, 46, 28, 29, 33) (0, 8, 6) (24, 32, 30) "
"OP(4,10,8,7,7,14)",0,Solved,"0,0380"," (4t+2)","0,0439","(\infty, 1, \infty, 25) (2, 3, 9, 5, 13, 26, 27, 33, 29, 37) (6, 17, 15, 45, 30, 41, 39, 21) (22, 10, 0, 7, 4, 47, 8) (46, 34, 24, 31, 28, 23, 32) (11, 38, 19, 44, 12, 40, 18, 35, 14, 43, 20, 36, 16, 42) "
"OP(8,10,8,14,6,4)",0,Solved,"0,3510"," (4t+2)","0,3550","(\infty, 8, 41, 0, \infty, 24, 17, 32) (9, 21, 38, 47, 46, 33, 45, 14, 23, 22) (1, 4, 10, 44, 25, 28, 34, 20) (12, 40, 2, 6, 11, 43, 13, 36, 16, 26, 30, 35, 19, 37) (15, 7, 18, 39, 31, 42) (5, 3, 29, 27) "
"OP(8,10,8,14,5,5)",0,Solved,"0,1790"," (4t+2)","0,1825","(\infty, 47, 7, 11, \infty, 35, 31, 23) (8, 33, 0, 18, 45, 32, 9, 24, 42, 21) (46, 4, 40, 38, 22, 28, 16, 14) (34, 44, 41, 2, 3, 37, 15, 10, 20, 17, 26, 27, 13, 39) (30, 1, 29, 36, 19) (6, 25, 5, 12, 43) "
"OP(8,10,8,14,4,3,3)",0,Solved,"0,1400"," (4t+2)","0,1442","(\infty, 40, 10, 36, \infty, 12, 34, 16) (0, 45, 14, 3, 31, 24, 21, 38, 27, 7) (32, 9, 1, 43, 8, 33, 25, 19) (13, 4, 2, 18, 39, 35, 47, 37, 28, 26, 42, 15, 11, 23) (46, 41, 22, 17) (6, 5, 20) (30, 29, 44) "
"OP(6,10,8,6,6,14)",0,Solved,"0,0470"," (4t+2)","0,0509","(\infty, 46, 16, \infty, 40, 22) (13, 5, 3, 9, 10, 37, 29, 27, 33, 34) (7, 4, 0, 15, 31, 28, 24, 39) (17, 6, 1, 8, 20, 42) (41, 30, 25, 32, 44, 18) (11, 2, 12, 47, 19, 38, 21, 35, 26, 36, 23, 43, 14, 45) "
"OP(6,10,8,6,14,3,3)",0,Solved,"0,2560"," (4t+2)","0,2601","(\infty, 21, 23, \infty, 47, 45) (11, 3, 6, 1, 36, 35, 27, 30, 25, 12) (2, 9, 15, 43, 26, 33, 39, 19) (4, 8, 40, 28, 32, 16) (5, 14, 44, 22, 37, 10, 0, 29, 38, 20, 46, 13, 34, 24) (7, 41, 18) (31, 17, 42) "
"OP(4,10,8,6,4,4,14)",0,Solved,"0,0700"," (4t+2)","0,0745","(\infty, 5, \infty, 29) (13, 4, 11, 23, 20, 37, 28, 35, 47, 44) (9, 39, 7, 27, 33, 15, 31, 3) (1, 6, 10, 25, 30, 34) (0, 22, 12, 14) (24, 46, 36, 38) (8, 21, 2, 42, 17, 16, 43, 32, 45, 26, 18, 41, 40, 19) "
"OP(4,10,8,5,5,4,14)",0,Solved,"0,1280"," (4t+2)","0,1320","(\infty, 4, \infty, 28) (42, 5, 8, 17, 13, 18, 29, 32, 41, 37) (6, 0, 7, 9, 30, 24, 31, 33) (14, 1, 16, 15, 44) (38, 25, 40, 39, 20) (12, 2, 36, 26) (27, 10, 22, 45, 23, 43, 11, 3, 34, 46, 21, 47, 19, 35) "
"OP(6,10,8,14,4,4,4)",0,Solved,"0,1680"," (4t+2)","0,1719","(\infty, 16, 46, \infty, 22, 40) (7, 11, 14, 23, 43, 31, 35, 38, 47, 19) (1, 34, 17, 39, 25, 10, 41, 15) (13, 42, 21, 8, 6, 0, 5, 37, 18, 45, 32, 30, 24, 29) (12, 20, 9, 2) (36, 44, 33, 26) (3, 4, 27, 28) "
"OP(6,10,8,14,3,3,3,3)",0,Solved,"0,1470"," (4t+2)","0,1503","(\infty, 44, 16, \infty, 40, 20) (22, 11, 2, 7, 21, 46, 35, 26, 31, 45) (6, 3, 5, 17, 30, 27, 29, 41) (12, 38, 23, 39, 18, 37, 19, 36, 14, 47, 15, 42, 13, 43) (9, 8, 1) (33, 32, 25) (0, 10, 4) (24, 34, 28) "
"OP(4,10,8,4,4,14,3,3)",0,Solved,"0,0510"," (4t+2)","0,0551","(\infty, 12, \infty, 36) (23, 33, 17, 3, 16, 47, 9, 41, 27, 40) (46, 45, 18, 0, 22, 21, 42, 24) (4, 15, 44, 19) (28, 39, 20, 43) (6, 14, 10, 7, 5, 11, 2, 30, 38, 34, 31, 29, 35, 26) (8, 1, 13) (32, 25, 37) "
"OP(8,10,14,7,7,4)",0,Solved,"0,1570"," (4t+2)","0,1604","(\infty, 35, 6, 7, \infty, 31, 30, 11) (8, 0, 9, 15, 1, 32, 24, 33, 39, 25) (47, 20, 42, 12, 10, 5, 46, 23, 44, 18, 36, 34, 29, 22) (3, 19, 4, 14, 2, 13, 16) (27, 43, 28, 38, 26, 37, 40) (17, 21, 41, 45) "
"OP(6,10,7,7,6,14)",0,Solved,"0,0450"," (4t+2)","0,0489","(\infty, 7, 13, \infty, 37, 31) (9, 20, 39, 19, 45, 33, 44, 15, 43, 21) (8, 0, 18, 2, 6, 16, 17) (32, 24, 42, 26, 30, 40, 41) (10, 5, 3, 34, 29, 27) (1, 4, 11, 38, 23, 46, 12, 25, 28, 35, 14, 47, 22, 36) "
"OP(6,10,7,7,14,3,3)",0,Solved,"0,1880"," (4t+2)","0,1924","(\infty, 35, 9, \infty, 33, 11) (46, 16, 8, 31, 38, 22, 40, 32, 7, 14) (2, 41, 12, 43, 47, 4, 37) (26, 17, 36, 19, 23, 28, 13) (5, 25, 39, 42, 6, 0, 27, 29, 1, 15, 18, 30, 24, 3) (44, 45, 34) (20, 21, 10) "
"OP(4,10,7,7,4,4,14)",0,Solved,"0,0380"," (4t+2)","0,0426","(\infty, 20, \infty, 44) (17, 47, 14, 40, 13, 41, 23, 38, 16, 37) (33, 19, 6, 4, 12, 22, 45) (9, 43, 30, 28, 36, 46, 21) (1, 2, 11, 5) (25, 26, 35, 29) (15, 34, 18, 7, 0, 3, 8, 39, 10, 42, 31, 24, 27, 32) "
"OP(8,10,14,6,6,6)",0,Solved,"0,0730"," (4t+2)","0,0775","(\infty, 35, 0, 1, \infty, 25, 24, 11) (4, 6, 9, 19, 13, 28, 30, 33, 43, 37) (7, 29, 17, 10, 2, 46, 3, 31, 5, 41, 34, 26, 22, 27) (42, 21, 12, 23, 40, 8) (18, 45, 36, 47, 16, 32) (14, 39, 20, 38, 15, 44) "
"OP(8,10,14,6,6,3,3)",0,Solved,"0,0880"," (4t+2)","0,0933","(\infty, 27, 38, 29, \infty, 5, 14, 3) (37, 32, 4, 34, 44, 13, 8, 28, 10, 20) (33, 6, 35, 42, 7, 47, 41, 9, 30, 11, 18, 31, 23, 17) (45, 43, 39, 40, 25, 22) (21, 19, 15, 16, 1, 46) (2, 36, 24) (26, 12, 0) "
"OP(14,11,7,6,5,4,3)",,Infeasible,,Table config is not valid,,
"OP(8,10,14,6,4,4,4)",0,Solved,"0,0480"," (4t+2)","0,0518","(\infty, 13, 42, 11, \infty, 35, 18, 37) (7, 20, 41, 23, 45, 31, 44, 17, 47, 21) (46, 34, 19, 12, 6, 1, 2, 22, 10, 43, 36, 30, 25, 26) (15, 4, 14, 39, 28, 38) (3, 5, 9, 0) (27, 29, 33, 24) (16, 8, 40, 32) "
"OP(8,10,14,6,3,3,3,3)",0,Solved,"0,1750"," (4t+2)","0,1784","(\infty, 16, 41, 22, \infty, 46, 17, 40) (36, 2, 34, 47, 7, 12, 26, 10, 23, 31) (42, 15, 11, 1, 13, 33, 0, 18, 39, 35, 25, 37, 9, 24) (28, 19, 45, 4, 43, 21) (14, 20, 3) (38, 44, 27) (6, 5, 8) (30, 29, 32) "
"OP(14,11,7,5,5,5,3)",,Infeasible,,Table config is not valid,,
"OP(8,10,14,5,5,4,4)",0,Solved,"0,0400"," (4t+2)","0,0451","(\infty, 37, 21, 7, \infty, 31, 45, 13) (44, 16, 41, 11, 42, 20, 40, 17, 35, 18) (47, 32, 19, 12, 6, 1, 2, 23, 8, 43, 36, 30, 25, 26) (15, 4, 14, 22, 34) (39, 28, 38, 46, 10) (9, 0, 3, 5) (33, 24, 27, 29) "
"OP(14,11,7,5,4,3,3,3)",,Infeasible,,Table config is not valid,,
"OP(8,10,14,4,4,4,3,3)",0,Solved,"0,3010"," (4t+2)","0,3047","(\infty, 18, 41, 20, \infty, 44, 17, 42) (2, 16, 9, 1, 37, 26, 40, 33, 25, 13) (5, 8, 7, 35, 22, 12, 3, 29, 32, 31, 11, 46, 36, 27) (15, 45, 14, 47) (39, 21, 38, 23) (0, 19, 24, 43) (4, 6, 10) (28, 30, 34) "
"OP(8,10,14,3,3,3,3,3,3)",0,Solved,"0,1580"," (4t+2)","0,1617","(\infty, 39, 9, 37, \infty, 13, 33, 15) (47, 6, 14, 46, 32, 23, 30, 38, 22, 8) (31, 20, 41, 5, 43, 1, 26, 7, 44, 17, 29, 19, 25, 2) (18, 35, 40) (42, 11, 16) (0, 3, 4) (24, 27, 28) (21, 36, 34) (45, 12, 10) "
"OP(4,10,6,6,6,4,14)",0,Solved,"0,1140"," (4t+2)","0,1174","(\infty, 43, \infty, 19) (46, 2, 13, 7, 0, 22, 26, 37, 31, 24) (38, 23, 42, 15, 5, 10) (14, 47, 18, 39, 29, 34) (17, 4, 40, 41, 28, 16) (9, 1, 33, 25) (6, 8, 11, 45, 20, 3, 12, 30, 32, 35, 21, 44, 27, 36) "
"OP(4,10,6,6,5,5,14)",0,Solved,"0,0460"," (4t+2)","0,0504","(\infty, 22, \infty, 46) (0, 17, 15, 5, 21, 24, 41, 39, 29, 45) (13, 43, 20, 42, 8, 4) (37, 19, 44, 18, 32, 28) (7, 6, 35, 14, 2) (31, 30, 11, 38, 26) (40, 12, 23, 10, 3, 9, 1, 16, 36, 47, 34, 27, 33, 25) "
"OP(6,10,6,6,14,4,4)",0,Solved,"0,0460"," (4t+2)","0,0503","(\infty, 17, 45, \infty, 21, 41) (12, 44, 18, 47, 22, 36, 20, 42, 23, 46) (15, 4, 16, 34, 19, 32) (39, 28, 40, 10, 43, 8) (1, 2, 7, 13, 6, 14, 35, 25, 26, 31, 37, 30, 38, 11) (9, 0, 3, 5) (33, 24, 27, 29) "
"OP(4,10,6,6,4,14,3,3)",0,Solved,"0,0740"," (4t+2)","0,0774","(\infty, 22, \infty, 46) (43, 18, 45, 11, 1, 19, 42, 21, 35, 25) (6, 3, 16, 20, 5, 14) (30, 27, 40, 44, 29, 38) (13, 15, 37, 39) (4, 23, 12, 0, 7, 2, 8, 28, 47, 36, 24, 31, 26, 32) (10, 9, 41) (34, 33, 17) "
"OP(6,10,6,14,5,5,4)",0,Solved,"0,1730"," (4t+2)","0,1779","(\infty, 13, 23, \infty, 47, 37) (7, 16, 38, 8, 0, 31, 40, 14, 32, 24) (15, 1, 3, 39, 25, 27) (6, 10, 21, 46, 18, 17, 11, 30, 34, 45, 22, 42, 41, 35) (44, 9, 4, 19, 12) (20, 33, 28, 43, 36) (5, 2, 29, 26) "
"OP(4,10,6,5,5,14,3,3)",0,Solved,"0,0760"," (4t+2)","0,0797","(\infty, 35, \infty, 11) (32, 14, 12, 0, 3, 8, 38, 36, 24, 27) (33, 5, 26, 9, 29, 2) (18, 31, 37, 4, 41) (42, 7, 13, 28, 17) (21, 25, 47, 39, 46, 30, 16, 45, 1, 23, 15, 22, 6, 40) (43, 34, 44) (19, 10, 20) "
"OP(6,10,6,14,4,4,3,3)",0,Solved,"0,1570"," (4t+2)","0,1608","(\infty, 0, 14, \infty, 38, 24) (2, 13, 39, 22, 42, 26, 37, 15, 46, 18) (19, 7, 4, 43, 31, 28) (47, 20, 45, 12, 41, 11, 10, 23, 44, 21, 36, 17, 35, 34) (16, 6, 1, 8) (40, 30, 25, 32) (3, 5, 9) (27, 29, 33) "
"OP(4,10,6,4,4,4,4,14)",0,Solved,"0,0620"," (4t+2)","0,0652","(\infty, 10, \infty, 34) (19, 7, 2, 8, 12, 43, 31, 26, 32, 36) (11, 41, 9, 35, 17, 33) (20, 45, 6, 47) (44, 21, 30, 23) (5, 16, 13, 15) (29, 40, 37, 39) (4, 18, 3, 22, 14, 1, 0, 28, 42, 27, 46, 38, 25, 24) "
"OP(4,10,6,4,14,3,3,3,3)",0,Solved,"0,0570"," (4t+2)","0,0609","(\infty, 27, \infty, 3) (35, 36, 29, 8, 16, 11, 12, 5, 32, 40) (44, 42, 46, 20, 18, 22) (34, 45, 10, 21) (43, 9, 37, 6, 24, 47, 28, 19, 33, 13, 30, 0, 23, 4) (1, 7, 39) (25, 31, 15) (38, 26, 41) (14, 2, 17) "
"OP(6,10,14,5,5,5,5)",0,Solved,"0,1150"," (4t+2)","0,1188","(\infty, 16, 46, \infty, 22, 40) (0, 43, 3, 38, 17, 24, 19, 27, 14, 41) (12, 44, 15, 1, 10, 32, 21, 36, 20, 39, 25, 34, 8, 45) (4, 42, 11, 47, 2) (28, 18, 35, 23, 26) (5, 33, 37, 31, 6) (29, 9, 13, 7, 30) "
"OP(6,10,14,5,5,4,3,3)",0,Solved,"0,0420"," (4t+2)","0,0466","(\infty, 2, 4, \infty, 28, 26) (6, 7, 12, 42, 17, 30, 31, 36, 18, 41) (16, 27, 19, 47, 13, 45, 14, 40, 3, 43, 23, 37, 21, 38) (9, 15, 22, 10, 0) (33, 39, 46, 34, 24) (11, 8, 35, 32) (1, 20, 5) (25, 44, 29) "
"OP(4,10,5,5,4,4,4,14)",0,Solved,"0,0670"," (4t+2)","0,0713","(\infty, 41, \infty, 17) (37, 31, 39, 3, 42, 13, 7, 15, 27, 18) (32, 46, 24, 45, 47) (8, 22, 0, 21, 23) (44, 34, 35, 28) (20, 10, 11, 4) (40, 36, 16, 12) (43, 25, 38, 33, 2, 5, 30, 19, 1, 14, 9, 26, 29, 6) "
"OP(4,10,5,5,14,3,3,3,3)",0,Solved,"0,0890"," (4t+2)","0,0951","(\infty, 21, \infty, 45) (12, 24, 1, 5, 16, 36, 0, 25, 29, 40) (2, 7, 14, 20, 4) (26, 31, 38, 44, 28) (27, 19, 37, 22, 41, 15, 6, 3, 43, 13, 46, 17, 39, 30) (18, 35, 8) (42, 11, 32) (23, 10, 9) (47, 34, 33) "
"OP(6,10,14,4,4,4,4,4)",0,Solved,"0,1520"," (4t+2)","0,1556","(\infty, 45, 11, \infty, 35, 21) (13, 2, 6, 12, 47, 37, 26, 30, 36, 23) (3, 8, 1, 4, 5, 7, 15, 27, 32, 25, 28, 29, 31, 39) (14, 44, 19, 40) (38, 20, 43, 16) (18, 34, 17, 46) (42, 10, 41, 22) (9, 0, 33, 24) "
"OP(6,10,14,4,4,3,3,3,3)",0,Solved,"0,0430"," (4t+2)","0,0473","(\infty, 2, 4, \infty, 28, 26) (6, 7, 10, 17, 42, 30, 31, 34, 41, 18) (16, 27, 9, 47, 19, 35, 14, 40, 3, 33, 23, 43, 11, 38) (21, 15, 46, 12) (45, 39, 22, 36) (0, 13, 8) (24, 37, 32) (1, 20, 5) (25, 44, 29) "
"OP(4,10,4,4,4,4,14,3,3)",0,Solved,"0,0470"," (4t+2)","0,0510","(\infty, 13, \infty, 37) (3, 14, 17, 39, 20, 27, 38, 41, 15, 44) (18, 46, 16, 43) (42, 22, 40, 19) (10, 23, 11, 1) (34, 47, 35, 25) (2, 7, 21, 36, 4, 5, 9, 26, 31, 45, 12, 28, 29, 33) (0, 8, 6) (24, 32, 30) "
"OP(4,10,4,14,3,3,3,3,3,3)",0,Solved,"0,2580"," (4t+2)","0,2617","(\infty, 44, \infty, 20) (16, 46, 45, 38, 12, 40, 22, 21, 14, 36) (6, 27, 30, 3) (9, 5, 39, 7, 32, 19, 4, 33, 29, 15, 31, 8, 43, 28) (1, 47, 11) (25, 23, 35) (10, 2, 41) (34, 26, 17) (37, 42, 0) (13, 18, 24) "
"OP(14,10,10,10,6)",0,Solved,"0,0890"," (4t+2)","0,0935","(\infty, 11, 39, 22, 14, 1, 23, \infty, 47, 25, 38, 46, 15, 35) (31, 6, 9, 18, 36, 37, 5, 0, 4, 19) (7, 30, 33, 42, 12, 13, 29, 24, 28, 43) (40, 21, 10, 8, 2, 16, 45, 34, 32, 26) (44, 17, 27, 20, 41, 3) "
"OP(14,10,10,10,3,3)",0,Solved,"0,1260"," (4t+2)","0,1301","(\infty, 4, 5, 3, 13, 10, 44, \infty, 20, 34, 37, 27, 29, 28) (8, 1, 9, 14, 41, 26, 43, 21, 40, 12) (32, 25, 33, 38, 17, 2, 19, 45, 16, 36) (0, 6, 15, 31, 42, 24, 30, 39, 7, 18) (35, 22, 47) (11, 46, 23) "
"OP(8,9,9,10,14)",0,Solved,"0,1660"," (4t+2)","0,1712","(\infty, 22, 43, 10, \infty, 34, 19, 46) (17, 5, 31, 20, 11, 3, 9, 16, 30) (41, 29, 7, 44, 35, 27, 33, 40, 6) (18, 47, 15, 45, 14, 42, 23, 39, 21, 38) (2, 0, 1, 4, 8, 13, 36, 26, 24, 25, 28, 32, 37, 12) "
"OP(4,9,9,10,4,14)",0,Solved,"0,0460"," (4t+2)","0,0497","(\infty, 1, \infty, 25) (2, 3, 9, 5, 14, 16, 30, 42, 12) (26, 27, 33, 29, 38, 40, 6, 18, 36) (10, 7, 0, 8, 19, 34, 31, 24, 32, 43) (47, 4, 23, 28) (11, 39, 17, 44, 13, 45, 22, 35, 15, 41, 20, 37, 21, 46) "
"OP(14,10,10,8,8)",0,Solved,"0,0520"," (4t+2)","0,0561","(\infty, 7, 36, 19, 4, 39, 21, \infty, 45, 15, 28, 43, 12, 31) (22, 38, 10, 44, 23, 13, 8, 1, 2, 11) (46, 14, 34, 20, 47, 37, 32, 25, 26, 35) (9, 17, 40, 18, 6, 0, 3, 5) (33, 41, 16, 42, 30, 24, 27, 29) "
"OP(4,10,10,8,4,14)",0,Solved,"0,0400"," (4t+2)","0,0451","(\infty, 1, \infty, 25) (4, 3, 6, 2, 0, 5, 13, 31, 17, 10) (28, 27, 30, 26, 24, 29, 37, 7, 41, 34) (23, 35, 18, 8, 47, 11, 42, 32) (20, 9, 44, 33) (40, 15, 43, 22, 38, 12, 45, 16, 39, 19, 46, 14, 36, 21) "
"OP(14,10,10,8,4,4)",0,Solved,"0,0390"," (4t+2)","0,0430","(\infty, 43, 16, 42, 14, 44, 21, \infty, 45, 20, 38, 18, 40, 19) (17, 31, 47, 35, 22, 12, 6, 1, 2, 10) (41, 7, 23, 11, 46, 36, 30, 25, 26, 34) (13, 32, 15, 4, 37, 8, 39, 28) (9, 0, 3, 5) (33, 24, 27, 29) "
"OP(4,10,10,6,6,14)",0,Solved,"0,0470"," (4t+2)","0,0503","(\infty, 1, \infty, 25) (4, 3, 6, 2, 0, 5, 13, 31, 17, 10) (28, 27, 30, 26, 24, 29, 37, 7, 41, 34) (47, 38, 18, 8, 19, 35) (23, 14, 42, 32, 43, 11) (20, 46, 15, 40, 21, 36, 9, 44, 22, 39, 16, 45, 12, 33) "
"OP(6,10,10,6,14,4)",0,Solved,"0,2410"," (4t+2)","0,2456","(\infty, 3, 5, \infty, 29, 27) (16, 9, 6, 14, 32, 23, 7, 1, 0, 4) (40, 33, 30, 38, 8, 47, 31, 25, 24, 28) (20, 35, 10, 44, 11, 34) (19, 36, 46, 17, 37, 42, 21, 43, 12, 22, 41, 13, 18, 45) (15, 2, 39, 26) "
"OP(4,10,10,6,14,3,3)",0,Solved,"0,0420"," (4t+2)","0,0456","(\infty, 7, \infty, 31) (3, 13, 47, 40, 17, 36, 18, 45, 19, 14) (27, 37, 23, 16, 41, 12, 42, 21, 43, 38) (22, 10, 1, 46, 34, 25) (2, 15, 35, 20, 4, 5, 9, 26, 39, 11, 44, 28, 29, 33) (0, 8, 6) (24, 32, 30) "
"OP(14,10,10,6,6,4)",0,Solved,"0,0950"," (4t+2)","0,0991","(\infty, 40, 45, 25, 32, 10, 42, \infty, 18, 34, 8, 1, 21, 16) (27, 39, 30, 29, 44, 31, 12, 43, 33, 35) (3, 15, 6, 5, 20, 7, 36, 19, 9, 11) (41, 37, 26, 47, 24, 38) (17, 13, 2, 23, 0, 14) (46, 4, 22, 28) "
"OP(14,10,10,6,5,5)",0,Solved,"0,1660"," (4t+2)","0,1708","(\infty, 12, 45, 17, 38, 9, 46, \infty, 22, 33, 14, 41, 21, 36) (8, 30, 16, 10, 5, 1, 4, 13, 23, 39) (32, 6, 40, 34, 29, 25, 28, 37, 47, 15) (19, 7, 20, 43, 31, 44) (2, 0, 18, 11, 3) (26, 24, 42, 35, 27) "
"OP(14,10,10,6,4,3,3)",0,Solved,"0,1620"," (4t+2)","0,1660","(\infty, 0, 1, 8, 4, 13, 16, \infty, 40, 37, 28, 32, 25, 24) (7, 18, 33, 5, 23, 46, 19, 6, 44, 15) (31, 42, 9, 29, 47, 22, 43, 30, 20, 39) (3, 17, 11, 27, 41, 35) (34, 12, 10, 36) (2, 14, 45) (26, 38, 21) "
"OP(14,10,10,5,5,3,3)",0,Solved,"0,1390"," (4t+2)","0,1423","(\infty, 45, 4, 2, 11, 22, 37, \infty, 13, 46, 35, 26, 28, 21) (20, 38, 12, 40, 15, 42, 23, 9, 41, 10) (44, 14, 36, 16, 39, 18, 47, 33, 17, 34) (6, 5, 1, 7, 19) (30, 29, 25, 31, 43) (3, 0, 8) (27, 24, 32) "
"OP(4,10,10,4,4,4,14)",0,Solved,"0,0820"," (4t+2)","0,0861","(\infty, 11, \infty, 35) (21, 7, 4, 2, 1, 8, 12, 22, 10, 43) (45, 31, 28, 26, 25, 32, 36, 46, 34, 19) (14, 5, 0, 6) (38, 29, 24, 30) (3, 16, 27, 40) (23, 39, 9, 37, 20, 41, 18, 47, 15, 33, 13, 44, 17, 42) "
"OP(14,10,10,4,4,4,4)",0,Solved,"0,0530"," (4t+2)","0,0577","(\infty, 31, 34, 18, 43, 28, 39, \infty, 15, 4, 19, 42, 10, 7) (14, 22, 0, 36, 41, 6, 44, 5, 35, 8) (38, 46, 24, 12, 17, 30, 20, 29, 11, 32) (40, 9, 13, 47) (16, 33, 37, 23) (27, 25, 45, 26) (3, 1, 21, 2) "
"OP(14,10,10,4,3,3,3,3)",0,Solved,"0,2140"," (4t+2)","0,2173","(\infty, 18, 36, 23, 11, 1, 10, \infty, 34, 25, 35, 47, 12, 42) (16, 37, 21, 44, 22, 39, 19, 4, 5, 9) (40, 13, 45, 20, 46, 15, 43, 28, 29, 33) (2, 7, 26, 31) (17, 14, 3) (41, 38, 27) (8, 0, 6) (32, 24, 30) "
"OP(14,10,9,9,8)",0,Solved,"0,0490"," (4t+2)","0,0529","(\infty, 5, 6, 12, 17, 34, 21, \infty, 45, 10, 41, 36, 30, 29) (37, 15, 8, 0, 2, 13, 39, 32, 24, 26) (3, 7, 16, 43, 9, 42, 22, 47, 35) (27, 31, 40, 19, 33, 18, 46, 23, 11) (4, 1, 20, 38, 28, 25, 44, 14) "
"OP(4,10,9,9,4,14)",0,Solved,"0,0440"," (4t+2)","0,0474","(\infty, 36, \infty, 12) (9, 20, 7, 8, 11, 33, 44, 31, 32, 35) (46, 3, 37, 18, 39, 24, 6, 14, 2) (22, 27, 13, 42, 15, 0, 30, 38, 26) (47, 40, 23, 16) (19, 29, 4, 10, 1, 17, 45, 43, 5, 28, 34, 25, 41, 21) "
"OP(14,10,9,9,4,4)",0,Solved,"0,0620"," (4t+2)","0,0662","(\infty, 5, 6, 41, 10, 22, 37, \infty, 13, 46, 34, 17, 30, 29) (36, 14, 8, 0, 2, 12, 38, 32, 24, 26) (3, 7, 16, 23, 43, 18, 39, 21, 35) (27, 31, 40, 47, 19, 42, 15, 45, 11) (4, 1, 20, 9) (28, 25, 44, 33) "
"OP(4,9,9,8,6,14)",0,Solved,"0,0480"," (4t+2)","0,0513","(\infty, 41, \infty, 17) (20, 7, 47, 25, 46, 29, 4, 42, 38) (44, 31, 23, 1, 22, 5, 28, 18, 14) (21, 32, 3, 2, 45, 8, 27, 26) (9, 24, 36, 33, 0, 12) (15, 35, 19, 10, 16, 30, 37, 39, 11, 43, 34, 40, 6, 13) "
"OP(6,9,9,8,14,4)",0,Solved,"0,0660"," (4t+2)","0,0702","(\infty, 4, 8, \infty, 32, 28) (5, 12, 13, 22, 43, 18, 10, 0, 2) (29, 36, 37, 46, 19, 42, 34, 24, 26) (3, 9, 23, 39, 27, 33, 47, 15) (40, 14, 45, 17, 35, 6, 1, 16, 38, 21, 41, 11, 30, 25) (20, 7, 44, 31) "
"OP(4,9,9,8,14,3,3)",0,Solved,"0,0610"," (4t+2)","0,0647","(\infty, 13, \infty, 37) (10, 42, 14, 41, 23, 9, 21, 46, 20) (34, 18, 38, 17, 47, 33, 45, 22, 44) (5, 16, 31, 12, 29, 40, 7, 36) (19, 11, 6, 3, 1, 0, 4, 43, 35, 30, 27, 25, 24, 28) (2, 8, 15) (26, 32, 39) "
"OP(4,9,9,7,7,14)",0,Solved,"0,0450"," (4t+2)","0,0485","(\infty, 12, \infty, 36) (14, 46, 13, 35, 6, 20, 47, 17, 45) (38, 22, 37, 11, 30, 44, 23, 41, 21) (31, 18, 8, 1, 2, 10, 19) (7, 42, 32, 25, 26, 34, 43) (40, 15, 9, 4, 0, 3, 5, 16, 39, 33, 28, 24, 27, 29) "
"OP(8,9,9,14,6,4)",0,Solved,"0,0400"," (4t+2)","0,0444","(\infty, 6, 15, 34, \infty, 10, 39, 30) (36, 23, 11, 38, 22, 40, 20, 42, 19) (12, 47, 35, 14, 46, 16, 44, 18, 43) (8, 1, 2, 4, 7, 13, 21, 32, 25, 26, 28, 31, 37, 45) (9, 5, 0, 33, 29, 24) (3, 17, 27, 41) "
"OP(8,9,9,14,5,5)",0,Solved,"0,0640"," (4t+2)","0,0683","(\infty, \infty, 23, 6, 9, 33, 30, 47) (5, 37, 17, 4, 45, 3, 7, 16, 42) (29, 13, 41, 28, 21, 27, 31, 40, 18) (11, 44, 32, 14, 43, 22, 12, 35, 20, 8, 38, 19, 46, 36) (15, 10, 2, 0, 1) (39, 34, 26, 24, 25) "
"OP(8,9,9,14,4,3,3)",0,Solved,"0,0770"," (4t+2)","0,0821","(\infty, 30, 3, 0, \infty, 24, 27, 6) (8, 16, 15, 34, 22, 44, 12, 37, 19) (32, 40, 39, 10, 46, 20, 36, 13, 43) (5, 1, 7, 17, 45, 11, 42, 29, 25, 31, 41, 21, 35, 18) (14, 23, 38, 47) (4, 2, 9) (28, 26, 33) "
"OP(6,9,9,6,6,14)",0,Solved,"0,0670"," (4t+2)","0,0719","(\infty, 15, 41, \infty, 17, 39) (11, 4, 10, 18, 0, 19, 47, 33, 20) (35, 28, 34, 42, 24, 43, 23, 9, 44) (21, 38, 22, 1, 13, 36) (45, 14, 46, 25, 37, 12) (3, 8, 7, 5, 2, 6, 16, 27, 32, 31, 29, 26, 30, 40) "
"OP(6,9,9,6,14,3,3)",0,Solved,"0,2030"," (4t+2)","0,2080","(\infty, 29, 35, \infty, 11, 5) (14, 1, 9, 4, 13, 10, 41, 15, 30) (38, 25, 33, 28, 37, 34, 17, 39, 6) (26, 19, 31, 2, 43, 7) (21, 20, 40, 42, 12, 22, 8, 45, 44, 16, 18, 36, 46, 32) (24, 3, 47) (0, 27, 23) "
"OP(4,9,9,6,4,4,14)",0,Solved,"0,0470"," (4t+2)","0,0506","(\infty, 22, \infty, 46) (5, 3, 8, 2, 18, 40, 21, 17, 6) (29, 27, 32, 26, 42, 16, 45, 41, 30) (39, 9, 1, 15, 33, 25) (20, 7, 4, 11) (44, 31, 28, 35) (47, 14, 37, 10, 0, 12, 43, 23, 38, 13, 34, 24, 36, 19) "
"OP(4,9,9,5,5,4,14)",0,Solved,"0,0450"," (4t+2)","0,0489","(\infty, 8, \infty, 32) (38, 21, 37, 22, 43, 20, 9, 0, 18) (14, 45, 13, 46, 19, 44, 33, 24, 42) (2, 6, 16, 15, 7) (26, 30, 40, 39, 31) (5, 3, 29, 27) (1, 4, 10, 17, 36, 23, 11, 25, 28, 34, 41, 12, 47, 35) "
"OP(6,9,9,14,4,4,4)",0,Solved,"0,1930"," (4t+2)","0,1969","(\infty, 2, 4, \infty, 28, 26) (7, 8, 22, 42, 17, 36, 21, 38, 20) (31, 32, 46, 18, 41, 12, 45, 14, 44) (1, 5, 10, 16, 23, 39, 13, 25, 29, 34, 40, 47, 15, 37) (9, 19, 11, 0) (33, 43, 35, 24) (27, 6, 3, 30) "
"OP(6,9,9,14,3,3,3,3)",0,Solved,"0,0620"," (4t+2)","0,0658","(\infty, 9, 41, \infty, 17, 33) (10, 15, 23, 2, 8, 20, 0, 13, 6) (34, 39, 47, 26, 32, 44, 24, 37, 30) (1, 12, 3, 5, 22, 45, 7, 25, 36, 27, 29, 46, 21, 31) (14, 11, 40) (38, 35, 16) (18, 4, 19) (42, 28, 43) "
"OP(4,9,9,4,4,14,3,3)",0,Solved,"0,0420"," (4t+2)","0,0466","(\infty, 14, \infty, 38) (6, 0, 3, 5, 9, 17, 34, 4, 18) (30, 24, 27, 29, 33, 41, 10, 28, 42) (12, 40, 19, 45) (36, 16, 43, 21) (22, 11, 2, 1, 8, 13, 23, 46, 35, 26, 25, 32, 37, 47) (20, 39, 7) (44, 15, 31) "
"OP(4,10,7,7,8,14)",0,Solved,"0,0490"," (4t+2)","0,0529","(\infty, 18, \infty, 42) (45, 10, 5, 3, 6, 21, 34, 29, 27, 30) (44, 12, 4, 0, 14, 39, 17) (20, 36, 28, 24, 38, 15, 41) (1, 7, 8, 37, 25, 31, 32, 13) (9, 2, 11, 22, 40, 23, 43, 33, 26, 35, 46, 16, 47, 19) "
"OP(14,10,8,8,6,4)",0,Solved,"0,0510"," (4t+2)","0,0555","(\infty, 5, 13, 33, 47, 12, 41, \infty, 17, 36, 23, 9, 37, 29) (42, 15, 6, 0, 2, 18, 39, 30, 24, 26) (3, 7, 14, 40, 22, 34, 19, 8) (27, 31, 38, 16, 46, 10, 43, 32) (35, 4, 1, 11, 28, 25) (20, 21, 44, 45) "
"OP(14,10,8,8,5,5)",0,Solved,"0,0520"," (4t+2)","0,0558","(\infty, 35, 20, 13, 8, 4, 1, \infty, 25, 28, 32, 37, 44, 11) (3, 2, 0, 6, 14, 27, 26, 24, 30, 38) (18, 36, 45, 23, 9, 34, 17, 46) (42, 12, 21, 47, 33, 10, 41, 22) (15, 31, 43, 16, 5) (39, 7, 19, 40, 29) "
"OP(14,10,8,8,4,3,3)",0,Solved,"0,0700"," (4t+2)","0,0731","(\infty, 5, 13, 23, 43, 10, 41, \infty, 17, 34, 19, 47, 37, 29) (40, 15, 6, 0, 2, 16, 39, 30, 24, 26) (3, 7, 14, 36, 18, 45, 9, 8) (27, 31, 38, 12, 42, 21, 33, 32) (35, 22, 11, 46) (1, 20, 4) (25, 44, 28) "
"OP(14,10,8,7,7,4)",0,Solved,"0,0540"," (4t+2)","0,0587","(\infty, 11, 45, 15, 38, 18, 47, \infty, 23, 42, 14, 39, 21, 35) (10, 20, 36, 19, 46, 34, 44, 12, 43, 22) (13, 8, 1, 2, 37, 32, 25, 26) (3, 5, 9, 17, 28, 6, 0) (27, 29, 33, 41, 4, 30, 24) (16, 7, 40, 31) "
"OP(6,10,7,7,6,14)",0,Solved,"0,0470"," (4t+2)","0,0518","(\infty, 7, 13, \infty, 37, 31) (9, 20, 39, 19, 45, 33, 44, 15, 43, 21) (8, 0, 18, 2, 6, 16, 17) (32, 24, 42, 26, 30, 40, 41) (10, 5, 3, 34, 29, 27) (1, 4, 11, 38, 23, 46, 12, 25, 28, 35, 14, 47, 22, 36) "
"OP(6,10,7,7,14,3,3)",0,Solved,"0,1950"," (4t+2)","0,1996","(\infty, 35, 9, \infty, 33, 11) (46, 16, 8, 31, 38, 22, 40, 32, 7, 14) (2, 41, 12, 43, 47, 4, 37) (26, 17, 36, 19, 23, 28, 13) (5, 25, 39, 42, 6, 0, 27, 29, 1, 15, 18, 30, 24, 3) (44, 45, 34) (20, 21, 10) "
"OP(4,10,7,7,4,4,14)",0,Solved,"0,0390"," (4t+2)","0,0428","(\infty, 20, \infty, 44) (17, 47, 14, 40, 13, 41, 23, 38, 16, 37) (33, 19, 6, 4, 12, 22, 45) (9, 43, 30, 28, 36, 46, 21) (1, 2, 11, 5) (25, 26, 35, 29) (15, 34, 18, 7, 0, 3, 8, 39, 10, 42, 31, 24, 27, 32) "
"OP(14,10,8,6,6,6)",0,Solved,"0,0520"," (4t+2)","0,0560","(\infty, 5, 6, 19, 45, 14, 37, \infty, 13, 38, 21, 43, 30, 29) (17, 10, 0, 18, 2, 41, 34, 24, 42, 26) (35, 16, 36, 22, 11, 40, 12, 46) (7, 3, 1, 4, 9, 15) (31, 27, 25, 28, 33, 39) (8, 20, 47, 32, 44, 23) "
"OP(14,10,8,6,6,3,3)",0,Solved,"0,0530"," (4t+2)","0,0573","(\infty, 5, 6, 19, 45, 14, 37, \infty, 13, 38, 21, 43, 30, 29) (17, 10, 0, 18, 2, 41, 34, 24, 42, 26) (35, 16, 36, 22, 11, 40, 12, 46) (7, 3, 1, 4, 9, 15) (31, 27, 25, 28, 33, 39) (8, 23, 44) (32, 47, 20) "
"OP(4,10,8,5,5,4,14)",0,Solved,"0,1210"," (4t+2)","0,1257","(\infty, 4, \infty, 28) (42, 5, 8, 17, 13, 18, 29, 32, 41, 37) (6, 0, 7, 9, 30, 24, 31, 33) (14, 1, 16, 15, 44) (38, 25, 40, 39, 20) (12, 2, 36, 26) (27, 10, 22, 45, 23, 43, 11, 3, 34, 46, 21, 47, 19, 35) "
"OP(14,10,8,6,4,4,4)",0,Solved,"0,3320"," (4t+2)","0,3375","(\infty, 10, 7, 22, 45, 28, 8, \infty, 32, 4, 21, 46, 31, 34) (0, 38, 2, 13, 42, 24, 14, 26, 37, 18) (5, 9, 16, 15, 29, 33, 40, 39) (3, 19, 6, 27, 43, 30) (17, 11, 20, 12) (41, 35, 44, 36) (23, 1, 47, 25) "
"OP(14,10,8,6,3,3,3,3)",0,Solved,"0,0870"," (4t+2)","0,0914","(\infty, 44, 10, 40, 4, 6, 12, \infty, 36, 30, 28, 16, 34, 20) (14, 1, 18, 17, 13, 38, 25, 42, 41, 37) (21, 2, 9, 0, 45, 26, 33, 24) (5, 15, 7, 29, 39, 31) (3, 8, 23) (27, 32, 47) (43, 22, 11) (19, 46, 35) "
"OP(4,10,8,4,5,5,14)",0,Solved,"0,0730"," (4t+2)","0,0769","(\infty, 20, \infty, 44) (40, 22, 23, 13, 0, 16, 46, 47, 37, 24) (41, 15, 7, 2, 17, 39, 31, 26) (1, 5, 25, 29) (36, 19, 10, 4, 11) (12, 43, 34, 28, 35) (38, 9, 21, 42, 8, 6, 3, 14, 33, 45, 18, 32, 30, 27) "
"OP(14,10,8,5,5,4,4)",0,Solved,"0,1670"," (4t+2)","0,1717","(\infty, 26, 9, 1, 27, 18, 20, \infty, 44, 42, 3, 25, 33, 2) (8, 36, 23, 16, 22, 32, 12, 47, 40, 46) (30, 7, 41, 5, 6, 31, 17, 29) (11, 0, 4, 19, 38) (35, 24, 28, 43, 14) (34, 37, 21, 39) (10, 13, 45, 15) "
"OP(4,10,8,4,4,14,3,3)",0,Solved,"0,0520"," (4t+2)","0,0555","(\infty, 12, \infty, 36) (23, 33, 17, 3, 16, 47, 9, 41, 27, 40) (46, 45, 18, 0, 22, 21, 42, 24) (4, 15, 44, 19) (28, 39, 20, 43) (6, 14, 10, 7, 5, 11, 2, 30, 38, 34, 31, 29, 35, 26) (8, 1, 13) (32, 25, 37) "
"OP(14,10,8,4,4,4,3,3)",0,Solved,"0,1970"," (4t+2)","0,2008","(\infty, 13, 40, 15, 44, 14, 23, \infty, 47, 38, 20, 39, 16, 37) (45, 33, 17, 11, 6, 21, 9, 41, 35, 30) (19, 8, 22, 12, 43, 32, 46, 36) (10, 3, 31, 18) (34, 27, 7, 42) (0, 2, 24, 26) (4, 5, 1) (28, 29, 25) "
"OP(14,10,8,3,3,3,3,3,3)",0,Solved,"0,3460"," (4t+2)","0,3493","(\infty, 20, 40, 39, 46, 2, 8, \infty, 32, 26, 22, 15, 16, 44) (31, 9, 12, 47, 45, 7, 33, 36, 23, 21) (35, 43, 25, 34, 11, 19, 1, 10) (41, 29, 24) (17, 5, 0) (42, 28, 13) (18, 4, 37) (3, 14, 30) (27, 38, 6) "
"OP(6,10,6,7,7,14)",0,Solved,"0,0840"," (4t+2)","0,0882","(\infty, 15, 13, \infty, 37, 39) (45, 24, 2, 20, 10, 21, 0, 26, 44, 34) (4, 3, 42, 28, 27, 18) (23, 46, 5, 11, 40, 12, 8) (47, 22, 29, 35, 16, 36, 32) (7, 43, 30, 25, 9, 17, 14, 31, 19, 6, 1, 33, 41, 38) "
"OP(14,10,7,7,6,6)",0,Solved,"0,0930"," (4t+2)","0,0978","(\infty, 6, 43, 27, 2, 12, 38, \infty, 14, 36, 26, 3, 19, 30) (16, 45, 39, 31, 4, 40, 21, 15, 7, 28) (33, 47, 42, 46, 44, 35, 5) (9, 23, 18, 22, 20, 11, 29) (41, 34, 37, 24, 25, 8) (17, 10, 13, 0, 1, 32) "
"OP(14,10,7,7,6,3,3)",0,Solved,"0,0680"," (4t+2)","0,0725","(\infty, 11, 22, 7, 2, 0, 25, \infty, 1, 24, 26, 31, 46, 35) (40, 41, 6, 33, 4, 16, 17, 30, 9, 28) (29, 20, 10, 18, 38, 45, 23) (5, 44, 34, 42, 14, 21, 47) (15, 32, 36, 39, 8, 12) (3, 37, 19) (27, 13, 43) "
"OP(4,10,7,7,4,4,14)",0,Solved,"0,0430"," (4t+2)","0,0483","(\infty, 20, \infty, 44) (17, 47, 14, 40, 13, 41, 23, 38, 16, 37) (33, 19, 6, 4, 12, 22, 45) (9, 43, 30, 28, 36, 46, 21) (1, 2, 11, 5) (25, 26, 35, 29) (15, 34, 18, 7, 0, 3, 8, 39, 10, 42, 31, 24, 27, 32) "
"OP(14,10,7,7,4,4,4)",0,Solved,"0,1620"," (4t+2)","0,1670","(\infty, 3, 36, 4, 1, 8, 9, \infty, 33, 32, 25, 28, 12, 27) (6, 2, 7, 5, 42, 30, 26, 31, 29, 18) (19, 13, 21, 46, 11, 20, 39) (43, 37, 45, 22, 35, 44, 15) (14, 40, 23, 41) (38, 16, 47, 17) (10, 0, 34, 24) "
"OP(14,10,7,7,3,3,3,3)",0,Solved,"0,0370"," (4t+2)","0,0415","(\infty, 1, 8, 23, 19, 7, 5, \infty, 29, 31, 43, 47, 32, 25) (14, 3, 11, 34, 16, 38, 27, 35, 10, 40) (12, 2, 15, 42, 13, 41, 46) (36, 26, 39, 18, 37, 17, 22) (9, 0, 6) (33, 24, 30) (21, 4, 20) (45, 28, 44) "
"OP(4,10,6,6,6,4,14)",0,Solved,"0,1260"," (4t+2)","0,1298","(\infty, 43, \infty, 19) (46, 2, 13, 7, 0, 22, 26, 37, 31, 24) (38, 23, 42, 15, 5, 10) (14, 47, 18, 39, 29, 34) (17, 4, 40, 41, 28, 16) (9, 1, 33, 25) (6, 8, 11, 45, 20, 3, 12, 30, 32, 35, 21, 44, 27, 36) "
"OP(4,10,6,6,5,5,14)",0,Solved,"0,0450"," (4t+2)","0,0505","(\infty, 22, \infty, 46) (0, 17, 15, 5, 21, 24, 41, 39, 29, 45) (13, 43, 20, 42, 8, 4) (37, 19, 44, 18, 32, 28) (7, 6, 35, 14, 2) (31, 30, 11, 38, 26) (40, 12, 23, 10, 3, 9, 1, 16, 36, 47, 34, 27, 33, 25) "
"OP(6,10,6,6,14,4,4)",0,Solved,"0,0470"," (4t+2)","0,0510","(\infty, 17, 45, \infty, 21, 41) (12, 44, 18, 47, 22, 36, 20, 42, 23, 46) (15, 4, 16, 34, 19, 32) (39, 28, 40, 10, 43, 8) (1, 2, 7, 13, 6, 14, 35, 25, 26, 31, 37, 30, 38, 11) (9, 0, 3, 5) (33, 24, 27, 29) "
"OP(4,10,6,6,4,14,3,3)",0,Solved,"0,0770"," (4t+2)","0,0812","(\infty, 22, \infty, 46) (43, 18, 45, 11, 1, 19, 42, 21, 35, 25) (6, 3, 16, 20, 5, 14) (30, 27, 40, 44, 29, 38) (13, 15, 37, 39) (4, 23, 12, 0, 7, 2, 8, 28, 47, 36, 24, 31, 26, 32) (10, 9, 41) (34, 33, 17) "
"OP(6,10,6,14,5,5,4)",0,Solved,"0,1680"," (4t+2)","0,1720","(\infty, 13, 23, \infty, 47, 37) (7, 16, 38, 8, 0, 31, 40, 14, 32, 24) (15, 1, 3, 39, 25, 27) (6, 10, 21, 46, 18, 17, 11, 30, 34, 45, 22, 42, 41, 35) (44, 9, 4, 19, 12) (20, 33, 28, 43, 36) (5, 2, 29, 26) "
"OP(4,10,6,5,5,14,3,3)",0,Solved,"0,0750"," (4t+2)","0,0785","(\infty, 35, \infty, 11) (32, 14, 12, 0, 3, 8, 38, 36, 24, 27) (33, 5, 26, 9, 29, 2) (18, 31, 37, 4, 41) (42, 7, 13, 28, 17) (21, 25, 47, 39, 46, 30, 16, 45, 1, 23, 15, 22, 6, 40) (43, 34, 44) (19, 10, 20) "
"OP(6,10,6,14,4,4,3,3)",0,Solved,"0,1630"," (4t+2)","0,1676","(\infty, 0, 14, \infty, 38, 24) (2, 13, 39, 22, 42, 26, 37, 15, 46, 18) (19, 7, 4, 43, 31, 28) (47, 20, 45, 12, 41, 11, 10, 23, 44, 21, 36, 17, 35, 34) (16, 6, 1, 8) (40, 30, 25, 32) (3, 5, 9) (27, 29, 33) "
"OP(4,10,6,4,4,4,4,14)",0,Solved,"0,0610"," (4t+2)","0,0648","(\infty, 10, \infty, 34) (19, 7, 2, 8, 12, 43, 31, 26, 32, 36) (11, 41, 9, 35, 17, 33) (20, 45, 6, 47) (44, 21, 30, 23) (5, 16, 13, 15) (29, 40, 37, 39) (4, 18, 3, 22, 14, 1, 0, 28, 42, 27, 46, 38, 25, 24) "
"OP(4,10,6,4,14,3,3,3,3)",0,Solved,"0,0520"," (4t+2)","0,0559","(\infty, 27, \infty, 3) (35, 36, 29, 8, 16, 11, 12, 5, 32, 40) (44, 42, 46, 20, 18, 22) (34, 45, 10, 21) (43, 9, 37, 6, 24, 47, 28, 19, 33, 13, 30, 0, 23, 4) (1, 7, 39) (25, 31, 15) (38, 26, 41) (14, 2, 17) "
"OP(4,10,5,5,6,6,14)",0,Solved,"0,0960"," (4t+2)","0,0996","(\infty, 18, \infty, 42) (9, 8, 5, 3, 12, 33, 32, 29, 27, 36) (11, 4, 0, 6, 1) (35, 28, 24, 30, 25) (15, 45, 19, 7, 20, 40) (39, 21, 43, 31, 44, 16) (41, 10, 2, 13, 47, 14, 46, 17, 34, 26, 37, 23, 38, 22) "
"OP(14,10,6,6,6,4,4)",0,Solved,"0,0660"," (4t+2)","0,0701","(\infty, 13, 22, 36, 16, 34, 21, \infty, 45, 10, 40, 12, 46, 37) (38, 17, 6, 0, 2, 14, 41, 30, 24, 26) (3, 7, 33, 23, 15, 8) (27, 31, 9, 47, 39, 32) (42, 19, 35, 18, 43, 11) (4, 1, 20, 5) (28, 25, 44, 29) "
"OP(14,10,6,6,5,5,4)",0,Solved,"0,0600"," (4t+2)","0,0645","(\infty, 2, 7, 8, 6, 37, 40, \infty, 16, 13, 30, 32, 31, 26) (19, 44, 5, 1, 14, 43, 20, 29, 25, 38) (42, 21, 10, 0, 15, 22) (18, 45, 34, 24, 39, 46) (47, 17, 3, 9, 35) (23, 41, 27, 33, 11) (4, 12, 28, 36) "
"OP(4,10,5,5,6,14,3,3)",0,Solved,"0,0750"," (4t+2)","0,0794","(\infty, 35, \infty, 11) (44, 40, 45, 38, 36, 20, 16, 21, 14, 12) (42, 41, 5, 25, 0) (18, 17, 29, 1, 24) (27, 37, 6, 3, 13, 30) (34, 4, 33, 7, 46, 32, 43, 10, 28, 9, 31, 22, 8, 19) (47, 39, 26) (23, 15, 2) "
"OP(14,10,6,6,4,4,3,3)",0,Solved,"0,0610"," (4t+2)","0,0649","(\infty, 5, 13, 43, 17, 40, 23, \infty, 47, 16, 41, 19, 37, 29) (36, 15, 6, 0, 2, 12, 39, 30, 24, 26) (3, 7, 14, 42, 9, 8) (27, 31, 38, 18, 33, 32) (10, 21, 35, 22) (34, 45, 11, 46) (1, 20, 4) (25, 44, 28) "
"OP(14,10,6,5,5,5,5)",0,Solved,"0,0850"," (4t+2)","0,0894","(\infty, 10, 1, 11, 16, 38, 22, \infty, 46, 14, 40, 35, 25, 34) (3, 2, 39, 20, 47, 27, 26, 15, 44, 23) (13, 43, 29, 37, 19, 5) (9, 7, 30, 18, 12) (33, 31, 6, 42, 36) (21, 4, 0, 41, 8) (45, 28, 24, 17, 32) "
"OP(14,10,6,5,5,4,3,3)",0,Solved,"0,2250"," (4t+2)","0,2281","(\infty, 47, 14, 42, 17, 46, 15, \infty, 39, 22, 41, 18, 38, 23) (40, 44, 12, 2, 13, 16, 20, 36, 26, 37) (5, 0, 8, 29, 24, 32) (3, 10, 19, 6, 4) (27, 34, 43, 30, 28) (7, 1, 31, 25) (21, 9, 35) (45, 33, 11) "
"OP(4,10,5,5,4,4,4,14)",0,Solved,"0,0630"," (4t+2)","0,0669","(\infty, 41, \infty, 17) (37, 31, 39, 3, 42, 13, 7, 15, 27, 18) (32, 46, 24, 45, 47) (8, 22, 0, 21, 23) (44, 34, 35, 28) (20, 10, 11, 4) (40, 36, 16, 12) (43, 25, 38, 33, 2, 5, 30, 19, 1, 14, 9, 26, 29, 6) "
"OP(4,10,5,5,14,3,3,3,3)",0,Solved,"0,0890"," (4t+2)","0,0931","(\infty, 21, \infty, 45) (12, 24, 1, 5, 16, 36, 0, 25, 29, 40) (2, 7, 14, 20, 4) (26, 31, 38, 44, 28) (27, 19, 37, 22, 41, 15, 6, 3, 43, 13, 46, 17, 39, 30) (18, 35, 8) (42, 11, 32) (23, 10, 9) (47, 34, 33) "
"OP(14,10,6,4,4,4,4,4)",0,Solved,"0,0730"," (4t+2)","0,0774","(\infty, 44, 10, 0, 3, 11, 16, \infty, 40, 35, 27, 24, 34, 20) (6, 2, 8, 9, 45, 30, 26, 32, 33, 21) (42, 15, 38, 18, 39, 14) (28, 41, 19, 37) (4, 17, 43, 13) (47, 31, 12, 1) (23, 7, 36, 25) (22, 5, 46, 29) "
"OP(14,10,6,4,4,3,3,3,3)",0,Solved,"0,1650"," (4t+2)","0,1697","(\infty, 21, 2, 13, 23, 1, 3, \infty, 27, 25, 47, 37, 26, 45) (42, 11, 8, 12, 4, 18, 35, 32, 36, 28) (9, 14, 46, 33, 38, 22) (43, 10, 40, 15) (19, 34, 16, 39) (17, 44, 5) (41, 20, 29) (7, 6, 0) (31, 30, 24) "
"OP(14,10,5,5,5,5,3,3)",0,Solved,"0,0900"," (4t+2)","0,0939","(\infty, 32, 45, 40, 38, 24, 30, \infty, 6, 0, 14, 16, 21, 8) (41, 34, 1, 33, 7, 17, 10, 25, 9, 31) (35, 5, 36, 44, 47) (11, 29, 12, 20, 23) (46, 26, 37, 28, 27) (22, 2, 13, 4, 3) (18, 43, 39) (42, 19, 15) "
"OP(4,10,4,4,4,5,5,14)",0,Solved,"0,0540"," (4t+2)","0,0584","(\infty, 1, \infty, 25) (2, 3, 9, 5, 15, 26, 27, 33, 29, 39) (6, 18, 34, 19) (30, 42, 10, 43) (11, 13, 35, 37) (0, 7, 4, 47, 8) (24, 31, 28, 23, 32) (12, 41, 14, 45, 20, 40, 22, 36, 17, 38, 21, 44, 16, 46) "
"OP(14,10,5,5,4,4,4,4)",0,Solved,"0,1070"," (4t+2)","0,1108","(\infty, 19, 46, 31, 15, 34, 45, \infty, 21, 10, 39, 7, 22, 43) (11, 4, 12, 40, 17, 35, 28, 36, 16, 41) (42, 6, 1, 3, 20) (18, 30, 25, 27, 44) (0, 14, 23, 13) (24, 38, 47, 37) (9, 8, 2, 5) (33, 32, 26, 29) "
"OP(14,10,5,5,4,3,3,3,3)",0,Solved,"0,0820"," (4t+2)","0,0881","(\infty, 46, 9, 13, 42, 10, 8, \infty, 32, 34, 18, 37, 33, 22) (14, 6, 0, 43, 7, 38, 30, 24, 19, 31) (21, 3, 17, 4, 11) (45, 27, 41, 28, 35) (20, 5, 44, 29) (40, 12, 15) (16, 36, 39) (1, 23, 2) (25, 47, 26) "
"OP(4,10,4,4,4,4,14,3,3)",0,Solved,"0,0490"," (4t+2)","0,0535","(\infty, 13, \infty, 37) (3, 14, 17, 39, 20, 27, 38, 41, 15, 44) (18, 46, 16, 43) (42, 22, 40, 19) (10, 23, 11, 1) (34, 47, 35, 25) (2, 7, 21, 36, 4, 5, 9, 26, 31, 45, 12, 28, 29, 33) (0, 8, 6) (24, 32, 30) "
"OP(4,10,4,14,3,3,3,3,3,3)",0,Solved,"0,2710"," (4t+2)","0,2740","(\infty, 44, \infty, 20) (16, 46, 45, 38, 12, 40, 22, 21, 14, 36) (6, 27, 30, 3) (9, 5, 39, 7, 32, 19, 4, 33, 29, 15, 31, 8, 43, 28) (1, 47, 11) (25, 23, 35) (10, 2, 41) (34, 26, 17) (37, 42, 0) (13, 18, 24) "
"OP(14,10,4,4,4,4,4,3,3)",0,Solved,"0,0600"," (4t+2)","0,0645","(\infty, 47, 16, 42, 14, 39, 21, \infty, 45, 15, 38, 18, 40, 23) (13, 46, 33, 17, 8, 37, 22, 9, 41, 32) (12, 4, 31, 19) (36, 28, 7, 43) (0, 3, 5, 11) (24, 27, 29, 35) (10, 20, 34, 44) (2, 6, 1) (26, 30, 25) "
"OP(14,10,4,4,3,3,3,3,3,3)",0,Solved,"0,2700"," (4t+2)","0,2746","(\infty, 8, 12, 4, 47, 17, 6, \infty, 30, 41, 23, 28, 36, 32) (0, 10, 3, 9, 7, 24, 34, 27, 33, 31) (43, 40, 1, 15) (19, 16, 25, 39) (20, 46, 21) (44, 22, 45) (37, 18, 5) (13, 42, 29) (14, 35, 2) (38, 11, 26) "
"OP(14,9,9,9,9)",0,Solved,"0,0640"," (4t+2)","0,0674","(\infty, 4, 5, 7, 2, 11, 42, \infty, 18, 35, 26, 31, 29, 28) (13, 17, 3, 23, 38, 19, 6, 0, 10) (37, 41, 27, 47, 14, 43, 30, 24, 34) (46, 21, 39, 12, 1, 9, 16, 32, 20) (22, 45, 15, 36, 25, 33, 40, 8, 44) "
"OP(4,8,9,9,6,14)",0,Solved,"0,0630"," (4t+2)","0,0674","(\infty, 9, \infty, 33) (38, 7, 22, 11, 14, 31, 46, 35) (44, 24, 47, 37, 45, 40, 34, 2, 32) (20, 0, 23, 13, 21, 16, 10, 26, 8) (1, 42, 3, 25, 18, 27) (39, 12, 41, 6, 4, 5, 19, 15, 36, 17, 30, 28, 29, 43) "
"OP(6,8,9,9,14,4)",0,Solved,"0,0480"," (4t+2)","0,0523","(\infty, 2, 4, \infty, 28, 26) (5, 6, 11, 42, 29, 30, 35, 18) (13, 16, 27, 7, 34, 19, 41, 22, 45) (37, 40, 3, 31, 10, 43, 17, 46, 21) (15, 23, 9, 0, 12, 8, 1, 39, 47, 33, 24, 36, 32, 25) (20, 14, 44, 38) "
"OP(4,8,9,9,14,3,3)",0,Solved,"0,0480"," (4t+2)","0,0513","(\infty, 16, \infty, 40) (3, 14, 21, 41, 27, 38, 45, 17) (10, 23, 42, 15, 37, 12, 44, 11, 1) (34, 47, 18, 39, 13, 36, 20, 35, 25) (2, 7, 19, 22, 4, 5, 9, 26, 31, 43, 46, 28, 29, 33) (0, 8, 6) (24, 32, 30) "
"OP(4,9,9,7,7,14)",0,Solved,"0,0450"," (4t+2)","0,0496","(\infty, 12, \infty, 36) (14, 46, 13, 35, 6, 20, 47, 17, 45) (38, 22, 37, 11, 30, 44, 23, 41, 21) (31, 18, 8, 1, 2, 10, 19) (7, 42, 32, 25, 26, 34, 43) (40, 15, 9, 4, 0, 3, 5, 16, 39, 33, 28, 24, 27, 29) "
"OP(14,9,9,8,6,4)",0,Solved,"0,0470"," (4t+2)","0,0507","(\infty, 12, 44, 16, 43, 21, 46, \infty, 22, 45, 19, 40, 20, 36) (4, 7, 15, 34, 23, 14, 8, 1, 2) (28, 31, 39, 10, 47, 38, 32, 25, 26) (18, 6, 41, 11, 42, 30, 17, 35) (9, 5, 0, 33, 29, 24) (13, 3, 37, 27) "
"OP(14,9,9,8,5,5)",0,Solved,"0,0440"," (4t+2)","0,0482","(\infty, 17, 0, 20, 43, 13, 45, \infty, 21, 37, 19, 44, 24, 41) (15, 16, 1, 5, 14, 36, 46, 10, 4) (39, 40, 25, 29, 38, 12, 22, 34, 28) (8, 6, 3, 11, 32, 30, 27, 35) (2, 9, 23, 42, 7) (26, 33, 47, 18, 31) "
"OP(14,9,9,8,4,3,3)",0,Solved,"0,1420"," (4t+2)","0,1463","(\infty, 27, 40, 12, 0, 10, 15, \infty, 39, 34, 24, 36, 16, 3) (29, 7, 4, 13, 44, 45, 22, 1, 35) (5, 31, 28, 37, 20, 21, 46, 25, 11) (30, 19, 26, 8, 6, 43, 2, 32) (9, 17, 33, 41) (47, 14, 18) (23, 38, 42) "
"OP(14,9,9,7,7,4)",0,Solved,"0,0450"," (4t+2)","0,0496","(\infty, 18, 30, 5, 40, 31, 10, \infty, 34, 7, 16, 29, 6, 42) (35, 24, 22, 4, 19, 39, 36, 26, 21) (11, 0, 46, 28, 43, 15, 12, 2, 45) (1, 23, 27, 44, 38, 37, 8) (25, 47, 3, 20, 14, 13, 32) (9, 17, 33, 41) "
"OP(6,9,9,6,6,14)",0,Solved,"0,0610"," (4t+2)","0,0652","(\infty, 15, 41, \infty, 17, 39) (11, 4, 10, 18, 0, 19, 47, 33, 20) (35, 28, 34, 42, 24, 43, 23, 9, 44) (21, 38, 22, 1, 13, 36) (45, 14, 46, 25, 37, 12) (3, 8, 7, 5, 2, 6, 16, 27, 32, 31, 29, 26, 30, 40) "
"OP(6,9,9,6,14,3,3)",0,Solved,"0,1950"," (4t+2)","0,1990","(\infty, 29, 35, \infty, 11, 5) (14, 1, 9, 4, 13, 10, 41, 15, 30) (38, 25, 33, 28, 37, 34, 17, 39, 6) (26, 19, 31, 2, 43, 7) (21, 20, 40, 42, 12, 22, 8, 45, 44, 16, 18, 36, 46, 32) (24, 3, 47) (0, 27, 23) "
"OP(4,9,9,6,4,4,14)",0,Solved,"0,0470"," (4t+2)","0,0507","(\infty, 22, \infty, 46) (5, 3, 8, 2, 18, 40, 21, 17, 6) (29, 27, 32, 26, 42, 16, 45, 41, 30) (39, 9, 1, 15, 33, 25) (20, 7, 4, 11) (44, 31, 28, 35) (47, 14, 37, 10, 0, 12, 43, 23, 38, 13, 34, 24, 36, 19) "
"OP(14,9,9,6,6,6)",0,Solved,"0,0400"," (4t+2)","0,0438","(\infty, 43, 11, 45, 22, 44, 17, \infty, 41, 20, 46, 21, 35, 19) (4, 7, 15, 34, 23, 14, 8, 1, 2) (28, 31, 39, 10, 47, 38, 32, 25, 26) (30, 13, 3, 16, 36, 18) (6, 37, 27, 40, 12, 42) (0, 5, 9, 24, 29, 33) "
"OP(14,9,9,6,6,3,3)",0,Solved,"0,0460"," (4t+2)","0,0499","(\infty, 2, 4, 7, 6, 12, 34, \infty, 10, 36, 30, 31, 28, 26) (33, 16, 27, 43, 22, 42, 17, 35, 45) (9, 40, 3, 19, 46, 18, 41, 11, 21) (15, 23, 14, 0, 13, 8) (39, 47, 38, 24, 37, 32) (1, 20, 5) (25, 44, 29) "
"OP(4,9,9,5,5,4,14)",0,Solved,"0,0450"," (4t+2)","0,0499","(\infty, 8, \infty, 32) (38, 21, 37, 22, 43, 20, 9, 0, 18) (14, 45, 13, 46, 19, 44, 33, 24, 42) (2, 6, 16, 15, 7) (26, 30, 40, 39, 31) (5, 3, 29, 27) (1, 4, 10, 17, 36, 23, 11, 25, 28, 34, 41, 12, 47, 35) "
"OP(14,9,9,6,4,4,4)",0,Solved,"0,0480"," (4t+2)","0,0519","(\infty, 4, 7, 11, 6, 18, 36, \infty, 12, 42, 30, 35, 31, 28) (33, 16, 27, 13, 41, 14, 46, 21, 43) (9, 40, 3, 37, 17, 38, 22, 45, 19) (15, 23, 10, 39, 47, 34) (0, 2, 8, 1) (24, 26, 32, 25) (20, 5, 44, 29) "
"OP(14,9,9,6,3,3,3,3)",0,Solved,"0,1050"," (4t+2)","0,1091","(\infty, 18, 40, 21, 19, 15, 2, \infty, 26, 39, 43, 45, 16, 42) (6, 24, 34, 11, 23, 17, 14, 7, 46) (30, 0, 10, 35, 47, 41, 38, 31, 22) (29, 8, 36, 5, 32, 12) (28, 13, 27) (4, 37, 3) (1, 44, 33) (25, 20, 9) "
"OP(4,9,9,4,5,5,14)",0,Solved,"0,0460"," (4t+2)","0,0501","(\infty, 29, \infty, 5) (32, 1, 46, 36, 0, 39, 6, 47, 45) (8, 25, 22, 12, 24, 15, 30, 23, 21) (44, 40, 20, 16) (42, 43, 35, 14, 37) (18, 19, 11, 38, 13) (7, 33, 27, 41, 4, 34, 2, 31, 9, 3, 17, 28, 10, 26) "
"OP(14,9,9,5,5,4,4)",0,Solved,"0,0820"," (4t+2)","0,0867","(\infty, 15, 41, 0, 23, 9, 1, \infty, 25, 33, 47, 24, 17, 39) (5, 16, 3, 12, 11, 8, 14, 2, 7) (29, 40, 27, 36, 35, 32, 38, 26, 31) (4, 21, 6, 10, 20) (28, 45, 30, 34, 44) (42, 13, 43, 22) (18, 37, 19, 46) "
"OP(4,9,9,4,4,14,3,3)",0,Solved,"0,0420"," (4t+2)","0,0459","(\infty, 14, \infty, 38) (6, 0, 3, 5, 9, 17, 34, 4, 18) (30, 24, 27, 29, 33, 41, 10, 28, 42) (12, 40, 19, 45) (36, 16, 43, 21) (22, 11, 2, 1, 8, 13, 23, 46, 35, 26, 25, 32, 37, 47) (20, 39, 7) (44, 15, 31) "
"OP(14,9,9,4,4,4,3,3)",0,Solved,"0,1810"," (4t+2)","0,1855","(\infty, 19, 17, 0, 23, 37, 15, \infty, 39, 13, 47, 24, 41, 43) (20, 21, 8, 5, 10, 4, 12, 33, 1) (44, 45, 32, 29, 34, 28, 36, 9, 25) (46, 16, 6, 18) (22, 40, 30, 42) (11, 2, 35, 26) (3, 7, 14) (27, 31, 38) "
"OP(14,9,9,3,3,3,3,3,3)",0,Solved,"0,1190"," (4t+2)","0,1230","(\infty, 43, 22, 33, 10, 3, 41, \infty, 17, 27, 34, 9, 46, 19) (24, 37, 7, 36, 20, 15, 11, 47, 2) (0, 13, 31, 12, 44, 39, 35, 23, 26) (29, 30, 21) (5, 6, 45) (32, 38, 4) (8, 14, 28) (16, 1, 18) (40, 25, 42) "
"OP(4,8,8,8,8,14)",0,Solved,"0,0320"," (4t+2)","0,0358","(\infty, 1, \infty, 25) (4, 3, 6, 2, 0, 5, 17, 10) (28, 27, 30, 26, 24, 29, 41, 34) (7, 15, 32, 18, 38, 22, 35, 16) (31, 39, 8, 42, 14, 46, 11, 40) (44, 23, 45, 12, 37, 19, 9, 20, 47, 21, 36, 13, 43, 33) "
"OP(8,8,8,8,14,4)",0,Solved,"0,0730"," (4t+2)","0,0770","(\infty, 1, 20, 13, \infty, 37, 44, 25) (27, 41, 42, 11, 36, 21, 10, 22) (3, 17, 18, 35, 12, 45, 34, 46) (6, 2, 0, 8, 30, 26, 24, 32) (19, 47, 31, 4, 14, 5, 40, 43, 23, 7, 28, 38, 29, 16) (15, 33, 39, 9) "
"OP(6,8,8,8,6,14)",0,Solved,"0,0590"," (4t+2)","0,0644","(\infty, 0, 46, \infty, 22, 24) (3, 17, 7, 15, 9, 2, 13, 36) (27, 41, 31, 39, 33, 26, 37, 12) (42, 23, 1, 19, 18, 47, 25, 43) (4, 16, 44, 28, 40, 20) (35, 8, 5, 14, 45, 10, 6, 11, 32, 29, 38, 21, 34, 30) "
"OP(6,8,8,8,14,3,3)",0,Solved,"0,2020"," (4t+2)","0,2069","(\infty, 7, 37, \infty, 13, 31) (15, 42, 20, 4, 6, 19, 8, 11) (39, 18, 44, 28, 30, 43, 32, 35) (2, 12, 45, 3, 26, 36, 21, 27) (10, 38, 9, 1, 40, 47, 0, 34, 14, 33, 25, 16, 23, 24) (5, 22, 17) (29, 46, 41) "
"OP(4,8,8,8,4,4,14)",0,Solved,"0,0440"," (4t+2)","0,0475","(\infty, 20, \infty, 44) (22, 10, 21, 37, 18, 38, 12, 43) (46, 34, 45, 13, 42, 14, 36, 19) (4, 6, 16, 41, 28, 30, 40, 17) (1, 2, 11, 5) (25, 26, 35, 29) (47, 33, 15, 7, 0, 3, 8, 23, 9, 39, 31, 24, 27, 32) "
"OP(6,8,8,7,7,14)",0,Solved,"0,0940"," (4t+2)","0,0980","(\infty, 0, 2, \infty, 26, 24) (3, 6, 5, 9, 15, 4, 16, 8) (27, 30, 29, 33, 39, 28, 40, 32) (7, 14, 23, 36, 18, 34, 17) (31, 38, 47, 12, 42, 10, 41) (37, 11, 45, 25, 44, 19, 46, 13, 35, 21, 1, 20, 43, 22) "
"OP(8,8,8,14,6,6)",0,Solved,"0,0450"," (4t+2)","0,0483","(\infty, 34, 17, 4, \infty, 28, 41, 10) (37, 12, 39, 23, 42, 20, 40, 22) (13, 36, 15, 47, 18, 44, 16, 46) (19, 8, 1, 2, 11, 21, 7, 43, 32, 25, 26, 35, 45, 31) (9, 14, 6, 0, 3, 5) (33, 38, 30, 24, 27, 29) "
"OP(8,8,8,14,6,3,3)",0,Solved,"0,1020"," (4t+2)","0,1058","(\infty, 1, 22, 45, \infty, 21, 46, 25) (0, 7, 11, 5, 14, 19, 36, 20) (24, 31, 35, 29, 38, 43, 12, 44) (47, 13, 3, 18, 40, 4, 41, 23, 37, 27, 42, 16, 28, 17) (39, 10, 2, 15, 34, 26) (6, 9, 8) (30, 33, 32) "
"OP(14,9,8,7,5,4,3)",,Infeasible,,Table config is not valid,,
"OP(8,8,8,14,4,4,4)",0,Solved,"0,0450"," (4t+2)","0,0493","(\infty, 35, 43, 31, \infty, 7, 19, 11) (45, 38, 39, 36, 26, 41, 30, 3) (21, 14, 15, 12, 2, 17, 6, 27) (1, 29, 4, 34, 47, 33, 42, 25, 5, 28, 10, 23, 9, 18) (24, 40, 44, 46) (0, 16, 20, 22) (37, 32, 13, 8) "
"OP(8,8,8,14,3,3,3,3)",0,Solved,"0,1280"," (4t+2)","0,1326","(\infty, 33, 8, 43, \infty, 19, 32, 9) (13, 30, 4, 45, 11, 5, 24, 3) (37, 6, 28, 21, 35, 29, 0, 27) (7, 47, 14, 44, 1, 12, 40, 31, 23, 38, 20, 25, 36, 16) (39, 42, 41) (15, 18, 17) (34, 2, 46) (10, 26, 22) "
"OP(4,8,8,6,6,4,14)",0,Solved,"0,1090"," (4t+2)","0,1133","(\infty, 4, \infty, 28) (42, 5, 6, 8, 13, 7, 0, 9) (18, 29, 30, 32, 37, 31, 24, 33) (15, 11, 1, 14, 22, 34) (39, 35, 25, 38, 46, 10) (23, 2, 47, 26) (27, 45, 19, 36, 20, 40, 17, 3, 21, 43, 12, 44, 16, 41) "
"OP(4,8,8,6,5,5,14)",0,Solved,"0,0420"," (4t+2)","0,0470","(\infty, 1, \infty, 25) (2, 3, 9, 11, 22, 34, 16, 6) (26, 27, 33, 35, 46, 10, 40, 30) (5, 18, 43, 29, 42, 19) (0, 7, 4, 47, 8) (24, 31, 28, 23, 32) (12, 44, 15, 37, 17, 38, 21, 36, 20, 39, 13, 41, 14, 45) "
"OP(6,8,8,6,14,4,4)",0,Solved,"0,0450"," (4t+2)","0,0490","(\infty, 43, 17, \infty, 41, 19) (34, 47, 18, 46, 32, 15, 4, 16) (10, 23, 42, 22, 8, 39, 28, 40) (12, 45, 20, 36, 21, 44) (1, 2, 7, 13, 6, 14, 35, 25, 26, 31, 37, 30, 38, 11) (9, 0, 3, 5) (33, 24, 27, 29) "
"OP(4,8,8,6,4,14,3,3)",0,Solved,"0,0420"," (4t+2)","0,0460","(\infty, 7, \infty, 31) (3, 13, 16, 23, 11, 41, 19, 14) (27, 37, 40, 47, 35, 17, 43, 38) (21, 46, 18, 45, 22, 42) (10, 1, 34, 25) (2, 36, 20, 39, 4, 5, 9, 26, 12, 44, 15, 28, 29, 33) (0, 8, 6) (24, 32, 30) "
"OP(6,8,8,14,5,5,4)",0,Solved,"0,0470"," (4t+2)","0,0514","(\infty, 10, 40, \infty, 16, 34) (4, 6, 9, 14, 22, 41, 7, 0) (28, 30, 33, 38, 46, 17, 31, 24) (2, 3, 13, 19, 32, 15, 42, 26, 27, 37, 43, 8, 39, 18) (21, 47, 35, 12, 1) (45, 23, 11, 36, 25) (20, 5, 44, 29) "
"OP(4,8,8,5,5,14,3,3)",0,Solved,"0,0720"," (4t+2)","0,0758","(\infty, 20, \infty, 44) (45, 19, 47, 22, 6, 0, 8, 15) (21, 43, 23, 46, 30, 24, 32, 39) (11, 16, 33, 12, 1) (35, 40, 9, 36, 25) (2, 14, 10, 7, 5, 4, 17, 26, 38, 34, 31, 29, 28, 41) (3, 37, 18) (27, 13, 42) "
"OP(6,8,8,14,4,4,3,3)",0,Solved,"0,0500"," (4t+2)","0,0531","(\infty, 4, 14, \infty, 38, 28) (39, 22, 40, 12, 47, 21, 37, 10) (15, 46, 16, 36, 23, 45, 13, 34) (19, 11, 7, 1, 2, 9, 18, 43, 35, 31, 25, 26, 33, 42) (32, 20, 6, 17) (8, 44, 30, 41) (0, 5, 3) (24, 29, 27) "
"OP(4,8,8,4,4,4,4,14)",0,Solved,"0,0690"," (4t+2)","0,0735","(\infty, 3, \infty, 27) (4, 6, 43, 20, 34, 17, 5, 1) (28, 30, 19, 44, 10, 41, 29, 25) (16, 26, 21, 8) (40, 2, 45, 32) (38, 23, 42, 22) (14, 47, 18, 46) (36, 35, 13, 7, 0, 9, 39, 12, 11, 37, 31, 24, 33, 15) "
"OP(4,8,8,4,14,3,3,3,3)",0,Solved,"0,2130"," (4t+2)","0,2177","(\infty, 39, \infty, 15) (3, 6, 24, 5, 12, 2, 44, 46) (27, 30, 0, 29, 36, 26, 20, 22) (8, 45, 32, 21) (1, 10, 14, 42, 17, 16, 37, 25, 34, 38, 18, 41, 40, 13) (31, 9, 23) (7, 33, 47) (4, 19, 35) (28, 43, 11) "
"OP(8,8,14,7,7,6)",0,Solved,"0,0580"," (4t+2)","0,0620","(\infty, 37, 20, 41, \infty, 17, 44, 13) (4, 9, 18, 46, 28, 33, 42, 22) (7, 3, 14, 8, 16, 23, 45, 31, 27, 38, 32, 40, 47, 21) (0, 12, 35, 19, 6, 5, 2) (24, 36, 11, 43, 30, 29, 26) (1, 39, 10, 25, 15, 34) "
"OP(8,8,14,7,7,3,3)",0,Solved,"0,0690"," (4t+2)","0,0728","(\infty, 17, 45, 19, \infty, 43, 21, 41) (5, 1, 6, 40, 29, 25, 30, 16) (7, 4, 2, 8, 39, 18, 47, 31, 28, 26, 32, 15, 42, 23) (44, 14, 37, 22, 12, 0, 9) (20, 38, 13, 46, 36, 24, 33) (11, 10, 3) (35, 34, 27) "
"OP(4,8,7,7,6,4,14)",0,Solved,"0,0600"," (4t+2)","0,0689","(\infty, 8, \infty, 32) (4, 1, 5, 43, 28, 25, 29, 19) (34, 18, 9, 22, 40, 17, 45) (10, 42, 33, 46, 16, 41, 21) (0, 2, 3, 24, 26, 27) (14, 7, 38, 31) (47, 13, 39, 20, 12, 6, 11, 23, 37, 15, 44, 36, 30, 35) "
"OP(4,8,7,7,5,5,14)",0,Solved,"0,0430"," (4t+2)","0,0475","(\infty, 21, \infty, 45) (39, 8, 5, 3, 15, 32, 29, 27) (14, 33, 11, 4, 0, 13, 46) (38, 9, 35, 28, 24, 37, 22) (6, 1, 7, 16, 17) (30, 25, 31, 40, 41) (10, 2, 12, 42, 19, 47, 20, 34, 26, 36, 18, 43, 23, 44) "
"OP(6,8,7,7,14,4,4)",0,Solved,"0,1000"," (4t+2)","0,1036","(\infty, 2, 4, \infty, 28, 26) (5, 6, 45, 7, 29, 30, 21, 31) (9, 44, 10, 17, 11, 16, 12) (33, 20, 34, 41, 35, 40, 36) (8, 0, 27, 42, 22, 47, 15, 32, 24, 3, 18, 46, 23, 39) (25, 13, 43, 14) (1, 37, 19, 38) "
"OP(4,8,7,7,4,14,3,3)",0,Solved,"0,0380"," (4t+2)","0,0423","(\infty, \infty, 23, 47) (3, 13, 16, 38, 27, 37, 40, 14) (22, 36, 20, 45, 18, 11, 41) (46, 12, 44, 21, 42, 35, 17) (10, 1, 34, 25) (2, 7, 19, 39, 4, 5, 9, 26, 31, 43, 15, 28, 29, 33) (0, 8, 6) (24, 32, 30) "
"OP(14,9,7,6,6,5,3)",,Infeasible,,Table config is not valid,,
"OP(8,8,14,6,6,4,4)",0,Solved,"0,1010"," (4t+2)","0,1050","(\infty, 44, 14, 42, \infty, 18, 38, 20) (47, 43, 21, 7, 23, 19, 45, 31) (10, 9, 1, 6, 8, 2, 17, 34, 33, 25, 30, 32, 26, 41) (3, 13, 4, 16, 29, 0) (27, 37, 28, 40, 5, 24) (22, 11, 36, 15) (46, 35, 12, 39) "
"OP(8,8,14,6,5,5,4)",0,Solved,"0,0850"," (4t+2)","0,0889","(\infty, 19, 36, 47, \infty, 23, 12, 43) (0, 4, 10, 40, 24, 28, 34, 16) (14, 5, 7, 22, 35, 45, 18, 38, 29, 31, 46, 11, 21, 42) (20, 13, 8, 44, 37, 32) (39, 25, 6, 9, 17) (15, 1, 30, 33, 41) (2, 27, 26, 3) "
"OP(14,9,7,6,5,3,3,3)",,Infeasible,,Table config is not valid,,
"OP(8,8,14,6,4,4,3,3)",0,Solved,"0,2480"," (4t+2)","0,2514","(\infty, 9, 14, 39, \infty, 15, 38, 33) (30, 45, 42, 46, 6, 21, 18, 22) (19, 2, 0, 29, 23, 16, 4, 43, 26, 24, 5, 47, 40, 28) (41, 13, 27, 17, 37, 3) (31, 1, 36, 20) (7, 25, 12, 44) (34, 35, 8) (10, 11, 32) "
"OP(8,8,14,5,5,5,5)",0,Solved,"0,0960"," (4t+2)","0,0997","(\infty, 0, 28, 44, \infty, 20, 4, 24) (41, 29, 34, 35, 17, 5, 10, 11) (18, 27, 1, 14, 39, 46, 31, 42, 3, 25, 38, 15, 22, 7) (32, 40, 6, 33, 36) (8, 16, 30, 9, 12) (45, 47, 37, 43, 26) (21, 23, 13, 19, 2) "
"OP(8,8,14,5,5,4,3,3)",0,Solved,"0,2440"," (4t+2)","0,2477","(\infty, 3, 14, 43, \infty, 19, 38, 27) (7, 11, 9, 41, 31, 35, 33, 17) (8, 1, 15, 18, 0, 12, 47, 32, 25, 39, 42, 24, 36, 23) (37, 6, 45, 2, 10) (13, 30, 21, 26, 34) (5, 4, 29, 28) (22, 44, 16) (46, 20, 40) "
"OP(14,9,7,5,4,4,4,3)",,Infeasible,,Table config is not valid,,
"OP(14,9,7,5,3,3,3,3,3)",,Infeasible,,Table config is not valid,,
"OP(8,8,14,4,4,4,4,4)",0,Solved,"0,0600"," (4t+2)","0,0645","(\infty, 44, 21, 40, \infty, 16, 45, 20) (9, 11, 5, 1, 33, 35, 29, 25) (4, 41, 6, 14, 23, 43, 13, 28, 17, 30, 38, 47, 19, 37) (36, 15, 46, 10) (12, 39, 22, 34) (3, 0, 7, 2) (27, 24, 31, 26) (18, 8, 42, 32) "
"OP(8,8,14,4,4,3,3,3,3)",0,Solved,"0,1840"," (4t+2)","0,1886","(\infty, 31, 10, 33, \infty, 9, 34, 7) (2, 16, 1, 45, 26, 40, 25, 21) (4, 14, 23, 3, 15, 20, 17, 28, 38, 47, 27, 39, 44, 41) (13, 11, 46, 29) (37, 35, 22, 5) (42, 43, 36) (18, 19, 12) (30, 8, 0) (6, 32, 24) "
"OP(4,8,6,6,6,6,14)",0,Solved,"0,0650"," (4t+2)","0,0695","(\infty, 16, \infty, 40) (39, 14, 5, 3, 15, 38, 29, 27) (20, 41, 11, 4, 0, 37) (44, 17, 35, 28, 24, 13) (9, 6, 1, 7, 8, 22) (33, 30, 25, 31, 32, 46) (10, 2, 12, 45, 19, 47, 18, 34, 26, 36, 21, 43, 23, 42) "
"OP(6,8,6,6,6,14,4)",0,Solved,"0,1040"," (4t+2)","0,1091","(\infty, 13, 41, \infty, 17, 37) (8, 20, 36, 3, 32, 44, 12, 27) (23, 22, 1, 5, 10, 16) (47, 46, 25, 29, 34, 40) (11, 45, 0, 35, 21, 24) (33, 15, 6, 14, 31, 42, 19, 9, 39, 30, 38, 7, 18, 43) (4, 2, 28, 26) "
"OP(4,8,6,6,6,14,3,3)",0,Solved,"0,0440"," (4t+2)","0,0481","(\infty, 22, \infty, 46) (19, 11, 23, 12, 43, 35, 47, 36) (17, 38, 20, 39, 13, 45) (41, 14, 44, 15, 37, 21) (10, 3, 0, 34, 27, 24) (5, 4, 2, 6, 1, 7, 16, 29, 28, 26, 30, 25, 31, 40) (33, 18, 8) (9, 42, 32) "
"OP(6,8,6,6,14,5,5)",0,Solved,"0,1370"," (4t+2)","0,1405","(\infty, 44, 14, \infty, 38, 20) (37, 11, 7, 0, 13, 35, 31, 24) (23, 39, 19, 42, 21, 9) (47, 15, 43, 18, 45, 33) (1, 6, 3, 12, 22, 41, 10, 25, 30, 27, 36, 46, 17, 34) (16, 5, 4, 2, 8) (40, 29, 28, 26, 32) "
"OP(6,8,6,6,14,4,3,3)",0,Solved,"0,0460"," (4t+2)","0,0504","(\infty, 28, 12, \infty, 36, 4) (5, 17, 7, 15, 29, 41, 31, 39) (44, 19, 30, 13, 8, 11) (20, 43, 6, 37, 32, 35) (25, 26, 0, 18, 45, 47, 40, 1, 2, 24, 42, 21, 23, 16) (10, 14, 34, 38) (3, 9, 22) (27, 33, 46) "
"OP(4,8,6,6,4,4,4,14)",0,Solved,"0,2010"," (4t+2)","0,2068","(\infty, 14, \infty, 38) (34, 1, 15, 6, 10, 25, 39, 30) (0, 8, 11, 21, 43, 7) (24, 32, 35, 45, 19, 31) (33, 4, 5, 3) (9, 28, 29, 27) (23, 12, 47, 36) (18, 2, 22, 16, 41, 20, 37, 42, 26, 46, 40, 17, 44, 13) "
"OP(4,8,6,6,14,3,3,3,3)",0,Solved,"0,0390"," (4t+2)","0,0431","(\infty, 14, \infty, 38) (4, 13, 23, 44, 28, 37, 47, 20) (45, 12, 43, 15, 40, 10) (21, 36, 19, 39, 16, 34) (11, 7, 1, 2, 9, 17, 46, 35, 31, 25, 26, 33, 41, 22) (32, 6, 18) (8, 30, 42) (0, 5, 3) (24, 29, 27) "
"OP(6,8,6,14,5,5,3,3)",0,Solved,"0,2560"," (4t+2)","0,2598","(\infty, 12, 46, \infty, 22, 36) (47, 45, 17, 7, 23, 21, 41, 31) (3, 8, 39, 27, 32, 15) (18, 0, 11, 19, 40, 14, 13, 42, 24, 35, 43, 16, 38, 37) (9, 2, 6, 29, 44) (33, 26, 30, 5, 20) (4, 1, 10) (28, 25, 34) "
"OP(4,8,6,5,5,4,4,14)",0,Solved,"0,0580"," (4t+2)","0,0615","(\infty, 4, \infty, 28) (5, 6, 2, 15, 29, 30, 26, 39) (13, 23, 21, 37, 47, 45) (3, 8, 14, 31, 10) (27, 32, 38, 7, 34) (0, 11, 41, 12) (24, 35, 17, 36) (44, 16, 1, 9, 18, 43, 46, 20, 40, 25, 33, 42, 19, 22) "
"OP(6,8,6,14,4,4,4,4)",0,Solved,"0,0550"," (4t+2)","0,0598","(\infty, 45, 19, \infty, 43, 21) (1, 7, 2, 9, 25, 31, 26, 33) (17, 42, 22, 41, 18, 46) (11, 20, 47, 34, 16, 6, 4, 35, 44, 23, 10, 40, 30, 28) (5, 13, 12, 8) (29, 37, 36, 32) (0, 14, 3, 15) (24, 38, 27, 39) "
"OP(6,8,6,14,4,3,3,3,3)",0,Solved,"0,2920"," (4t+2)","0,2960","(\infty, 11, 17, \infty, 41, 35) (12, 4, 6, 10, 36, 28, 30, 34) (5, 44, 15, 29, 20, 39) (42, 9, 40, 43, 7, 14, 46, 18, 33, 16, 19, 31, 38, 22) (0, 1, 24, 25) (8, 21, 3) (32, 45, 27) (13, 2, 23) (37, 26, 47) "
"OP(4,8,6,4,4,4,14,3,3)",0,Solved,"0,0540"," (4t+2)","0,0572","(\infty, 46, \infty, 22) (45, 34, 39, 33, 21, 10, 15, 9) (26, 0, 32, 2, 24, 8) (30, 3, 42, 40) (6, 27, 18, 16) (35, 36, 11, 12) (29, 37, 44, 41, 7, 38, 25, 5, 13, 20, 17, 31, 14, 1) (43, 47, 28) (19, 23, 4) "
"OP(4,8,6,14,3,3,3,3,3,3)",0,Solved,"0,1030"," (4t+2)","0,1090","(\infty, 20, \infty, 44) (6, 11, 15, 8, 30, 35, 39, 32) (5, 13, 0, 29, 37, 24) (7, 23, 46, 1, 2, 33, 45, 31, 47, 22, 25, 26, 9, 21) (17, 27, 38) (41, 3, 14) (43, 4, 10) (19, 28, 34) (42, 40, 12) (18, 16, 36) "
"OP(4,8,5,5,5,5,4,14)",0,Solved,"0,0450"," (4t+2)","0,0488","(\infty, 1, \infty, 25) (23, 3, 9, 2, 47, 27, 33, 26) (0, 14, 15, 4, 8) (24, 38, 39, 28, 32) (16, 6, 11, 34, 7) (40, 30, 35, 10, 31) (21, 19, 45, 43) (17, 5, 18, 36, 20, 37, 22, 41, 29, 42, 12, 44, 13, 46) "
"OP(6,8,14,5,5,4,4,4)",0,Solved,"0,1780"," (4t+2)","0,1819","(\infty, 35, 3, \infty, 27, 11) (32, 29, 2, 38, 8, 5, 26, 14) (4, 33, 24, 46, 36, 41, 42, 28, 9, 0, 22, 12, 17, 18) (25, 45, 47, 34, 40) (1, 21, 23, 10, 16) (39, 31, 6, 43) (15, 7, 30, 19) (37, 44, 13, 20) "
"OP(6,8,14,5,5,3,3,3,3)",0,Solved,"0,0620"," (4t+2)","0,0657","(\infty, 21, 43, \infty, 19, 45) (39, 35, 12, 47, 15, 11, 36, 23) (1, 44, 5, 17, 9, 42, 8, 25, 20, 29, 41, 33, 18, 32) (0, 2, 13, 16, 6) (24, 26, 37, 40, 30) (38, 10, 31) (14, 34, 7) (27, 28, 46) (3, 4, 22) "
"OP(4,8,5,5,4,4,14,3,3)",0,Solved,"0,0410"," (4t+2)","0,0443","(\infty, 18, \infty, 42) (3, 14, 39, 20, 27, 38, 15, 44) (46, 19, 41, 13, 16) (22, 43, 17, 37, 40) (10, 23, 11, 1) (34, 47, 35, 25) (2, 7, 21, 36, 4, 5, 9, 26, 31, 45, 12, 28, 29, 33) (0, 8, 6) (24, 32, 30) "
"OP(6,8,14,4,4,4,4,3,3)",0,Solved,"0,0450"," (4t+2)","0,0491","(\infty, 2, 4, \infty, 28, 26) (6, 7, 10, 18, 30, 31, 34, 42) (33, 16, 27, 17, 47, 19, 35, 9, 40, 3, 41, 23, 43, 11) (45, 22, 15, 36) (21, 46, 39, 12) (13, 0, 14, 8) (37, 24, 38, 32) (1, 20, 5) (25, 44, 29) "
"OP(6,8,14,4,3,3,3,3,3,3)",0,Solved,"0,2030"," (4t+2)","0,2065","(\infty, 1, 5, \infty, 29, 25) (0, 13, 41, 23, 24, 37, 17, 47) (18, 45, 20, 35, 19, 8, 16, 42, 21, 44, 11, 43, 32, 40) (14, 4, 38, 28) (3, 6, 12) (27, 30, 36) (2, 7, 9) (26, 31, 33) (10, 22, 39) (34, 46, 15) "
"OP(4,8,4,4,4,4,4,4,14)",0,Solved,"0,0650"," (4t+2)","0,0693","(\infty, 4, \infty, 28) (5, 6, 2, 15, 29, 30, 26, 39) (8, 19, 10, 3) (32, 43, 34, 27) (7, 17, 35, 38) (31, 41, 11, 14) (0, 12, 18, 16) (24, 36, 42, 40) (47, 20, 1, 9, 37, 22, 45, 23, 44, 25, 33, 13, 46, 21) "
"OP(4,8,4,4,4,14,3,3,3,3)",0,Solved,"0,1530"," (4t+2)","0,1586","(\infty, 17, \infty, 41) (0, 4, 11, 14, 24, 28, 35, 38) (39, 12, 45, 19) (15, 36, 21, 43) (1, 20, 25, 44) (6, 5, 7, 13, 2, 10, 42, 30, 29, 31, 37, 26, 34, 18) (16, 3, 33) (40, 27, 9) (47, 22, 8) (23, 46, 32) "
"OP(4,8,14,3,3,3,3,3,3,3,3)",0,Solved,"0,0980"," (4t+2)","0,1013","(\infty, 4, \infty, 28) (38, 41, 23, 42, 14, 17, 47, 18) (1, 32, 36, 0, 2, 7, 39, 25, 8, 12, 24, 26, 31, 15) (44, 29, 21) (20, 5, 45) (11, 46, 37) (35, 22, 13) (9, 3, 10) (33, 27, 34) (6, 16, 43) (30, 40, 19) "
"OP(14,8,8,8,8,4)",0,Solved,"0,0610"," (4t+2)","0,0646","(\infty, 6, 34, 15, 47, 17, 40, \infty, 16, 41, 23, 39, 10, 30) (12, 7, 4, 0, 2, 3, 9, 19) (36, 31, 28, 24, 26, 27, 33, 43) (14, 22, 8, 45, 18, 35, 13, 1) (38, 46, 32, 21, 42, 11, 37, 25) (20, 5, 44, 29) "
"OP(6,7,7,8,8,14)",0,Solved,"0,0510"," (4t+2)","0,0547","(\infty, 11, 45, \infty, 21, 35) (5, 7, 3, 13, 38, 16, 4) (29, 31, 27, 37, 14, 40, 28) (0, 6, 9, 20, 1, 10, 15, 8) (24, 30, 33, 44, 25, 34, 39, 32) (17, 2, 18, 46, 19, 36, 23, 41, 26, 42, 22, 43, 12, 47) "
"OP(14,8,8,8,6,6)",0,Solved,"0,0710"," (4t+2)","0,0754","(\infty, 3, 4, 6, 9, 42, 21, \infty, 45, 18, 33, 30, 28, 27) (22, 5, 1, 35, 26, 13, 8, 14) (46, 29, 25, 11, 2, 37, 32, 38) (23, 39, 17, 36, 47, 15, 41, 12) (20, 43, 7, 0, 10, 40) (44, 19, 31, 24, 34, 16) "
"OP(14,8,8,8,6,3,3)",0,Solved,"0,0670"," (4t+2)","0,0726","(\infty, 3, 38, 7, 33, 45, 25, \infty, 1, 21, 9, 31, 14, 27) (40, 32, 47, 44, 34, 2, 46, 41) (16, 8, 23, 20, 10, 26, 22, 17) (42, 28, 30, 39, 18, 4, 6, 15) (37, 43, 36, 13, 19, 12) (35, 24, 5) (11, 0, 29) "
"OP(4,8,8,8,4,4,14)",0,Solved,"0,0460"," (4t+2)","0,0498","(\infty, 20, \infty, 44) (22, 10, 21, 37, 18, 38, 12, 43) (46, 34, 45, 13, 42, 14, 36, 19) (4, 6, 16, 41, 28, 30, 40, 17) (1, 2, 11, 5) (25, 26, 35, 29) (47, 33, 15, 7, 0, 3, 8, 23, 9, 39, 31, 24, 27, 32) "
"OP(14,8,8,8,4,4,4)",0,Solved,"0,0640"," (4t+2)","0,0686","(\infty, 12, 4, 3, 1, 5, 8, \infty, 32, 29, 25, 27, 28, 36) (16, 2, 23, 18, 41, 10, 22, 0) (40, 26, 47, 42, 17, 34, 46, 24) (15, 6, 21, 11, 39, 30, 45, 35) (13, 43, 14, 7) (37, 19, 38, 31) (20, 9, 44, 33) "
"OP(14,8,8,8,3,3,3,3)",0,Solved,"0,0510"," (4t+2)","0,0554","(\infty, 16, 3, 18, 44, 35, 8, \infty, 32, 11, 20, 42, 27, 40) (13, 21, 39, 14, 46, 17, 12, 1) (37, 45, 15, 38, 22, 41, 36, 25) (2, 9, 23, 43, 26, 33, 47, 19) (4, 5, 7) (28, 29, 31) (0, 10, 6) (24, 34, 30) "
"OP(14,8,8,7,7,6)",0,Solved,"0,1020"," (4t+2)","0,1058","(\infty, 44, 12, 15, 41, 21, 46, \infty, 22, 45, 17, 39, 36, 20) (7, 3, 14, 13, 34, 29, 11, 1) (31, 27, 38, 37, 10, 5, 35, 25) (2, 9, 0, 19, 6, 18, 4) (26, 33, 24, 43, 30, 42, 28) (16, 8, 23, 40, 32, 47) "
"OP(14,8,8,7,7,3,3)",0,Solved,"0,0960"," (4t+2)","0,0997","(\infty, 34, 4, 13, 20, 8, 16, \infty, 40, 32, 44, 37, 28, 10) (3, 5, 9, 26, 12, 6, 1, 0) (27, 29, 33, 2, 36, 30, 25, 24) (17, 45, 35, 22, 47, 14, 43) (41, 21, 11, 46, 23, 38, 19) (7, 18, 39) (31, 42, 15) "
"OP(4,7,7,8,6,4,14)",0,Solved,"0,1880"," (4t+2)","0,1923","(\infty, 16, \infty, 40) (22, 5, 14, 2, 20, 10, 15) (46, 29, 38, 26, 44, 34, 39) (3, 30, 17, 1, 27, 6, 41, 25) (18, 19, 13, 42, 43, 37) (8, 4, 32, 28) (0, 11, 45, 12, 9, 7, 47, 24, 35, 21, 36, 33, 31, 23) "
"OP(4,7,7,8,5,5,14)",0,Solved,"0,0420"," (4t+2)","0,0467","(\infty, 21, \infty, 45) (38, 13, 5, 3, 6, 11, 22) (14, 37, 29, 27, 30, 35, 46) (4, 0, 15, 41, 28, 24, 39, 17) (7, 1, 10, 44, 8) (31, 25, 34, 20, 32) (9, 2, 12, 42, 23, 43, 16, 33, 26, 36, 18, 47, 19, 40) "
"OP(6,7,7,8,14,4,4)",0,Solved,"0,0620"," (4t+2)","0,0654","(\infty, 4, 12, \infty, 36, 28) (7, 13, 22, 33, 18, 39, 14) (31, 37, 46, 9, 42, 15, 38) (0, 2, 3, 6, 24, 26, 27, 30) (45, 17, 43, 8, 40, 23, 35, 21, 41, 19, 32, 16, 47, 11) (5, 1, 20, 10) (29, 25, 44, 34) "
"OP(4,7,7,8,4,14,3,3)",0,Solved,"0,0640"," (4t+2)","0,0673","(\infty, 19, \infty, 43) (4, 12, 0, 6, 10, 39, 18) (28, 36, 24, 30, 34, 15, 42) (23, 45, 22, 17, 47, 21, 46, 41) (2, 11, 26, 35) (1, 8, 5, 7, 20, 40, 9, 25, 32, 29, 31, 44, 16, 33) (3, 13, 14) (27, 37, 38) "
"OP(4,8,8,5,5,6,14)",0,Solved,"0,0460"," (4t+2)","0,0505","(\infty, 38, \infty, 14) (42, 41, 4, 32, 5, 37, 27, 46) (18, 17, 28, 8, 29, 13, 3, 22) (6, 36, 43, 45, 39) (30, 12, 19, 21, 15) (33, 25, 34, 9, 1, 10) (35, 40, 26, 0, 31, 44, 47, 11, 16, 2, 24, 7, 20, 23) "
"OP(14,8,8,6,6,4,4)",0,Solved,"0,0830"," (4t+2)","0,0877","(\infty, 3, 4, 6, 9, 39, 19, \infty, 43, 15, 33, 30, 28, 27) (41, 5, 1, 35, 26, 13, 8, 14) (17, 29, 25, 11, 2, 37, 32, 38) (23, 46, 20, 36, 21, 40) (47, 22, 44, 12, 45, 16) (7, 0, 10, 18) (31, 24, 34, 42) "
"OP(14,8,8,6,5,5,4)",0,Solved,"0,0450"," (4t+2)","0,0494","(\infty, 2, 4, 7, 6, 18, 36, \infty, 12, 42, 30, 31, 28, 26) (33, 16, 27, 17, 43, 22, 45, 13) (9, 40, 3, 41, 19, 46, 21, 37) (23, 15, 34, 47, 39, 10) (5, 0, 14, 8, 1) (29, 24, 38, 32, 25) (20, 11, 44, 35) "
"OP(4,8,8,5,5,14,3,3)",0,Solved,"0,0710"," (4t+2)","0,0751","(\infty, 20, \infty, 44) (45, 19, 47, 22, 6, 0, 8, 15) (21, 43, 23, 46, 30, 24, 32, 39) (11, 16, 33, 12, 1) (35, 40, 9, 36, 25) (2, 14, 10, 7, 5, 4, 17, 26, 38, 34, 31, 29, 28, 41) (3, 37, 18) (27, 13, 42) "
"OP(14,8,8,6,4,4,3,3)",0,Solved,"0,1050"," (4t+2)","0,1103","(\infty, 40, 21, 41, 33, 15, 0, \infty, 24, 39, 9, 17, 45, 16) (8, 2, 6, 7, 18, 13, 20, 34) (32, 26, 30, 31, 42, 37, 44, 10) (36, 5, 3, 12, 29, 27) (19, 46, 23, 35) (43, 22, 47, 11) (4, 14, 1) (28, 38, 25) "
"OP(14,8,8,5,5,5,5)",0,Solved,"0,0620"," (4t+2)","0,0662","(\infty, 3, 4, 6, 9, 43, 15, \infty, 39, 19, 33, 30, 28, 27) (22, 5, 1, 17, 26, 13, 8, 14) (46, 29, 25, 41, 2, 37, 32, 38) (23, 44, 18, 36, 11) (47, 20, 42, 12, 35) (40, 7, 0, 10, 21) (16, 31, 24, 34, 45) "
"OP(14,8,8,5,5,4,3,3)",0,Solved,"0,2260"," (4t+2)","0,2302","(\infty, 9, 2, 6, 3, 1, 7, \infty, 31, 25, 27, 30, 26, 33) (8, 17, 44, 12, 45, 22, 39, 19) (32, 41, 20, 36, 21, 46, 15, 43) (11, 47, 18, 40, 10) (35, 23, 42, 16, 34) (4, 14, 28, 38) (5, 0, 13) (29, 24, 37) "
"OP(4,8,8,4,4,4,4,14)",0,Solved,"0,0630"," (4t+2)","0,0670","(\infty, 3, \infty, 27) (4, 6, 43, 20, 34, 17, 5, 1) (28, 30, 19, 44, 10, 41, 29, 25) (16, 26, 21, 8) (40, 2, 45, 32) (38, 23, 42, 22) (14, 47, 18, 46) (36, 35, 13, 7, 0, 9, 39, 12, 11, 37, 31, 24, 33, 15) "
"OP(4,8,8,4,14,3,3,3,3)",0,Solved,"0,2120"," (4t+2)","0,2158","(\infty, 39, \infty, 15) (3, 6, 24, 5, 12, 2, 44, 46) (27, 30, 0, 29, 36, 26, 20, 22) (8, 45, 32, 21) (1, 10, 14, 42, 17, 16, 37, 25, 34, 38, 18, 41, 40, 13) (31, 9, 23) (7, 33, 47) (4, 19, 35) (28, 43, 11) "
"OP(14,8,8,4,4,4,4,4)",0,Solved,"0,0450"," (4t+2)","0,0492","(\infty, 4, 7, 11, 6, 18, 36, \infty, 12, 42, 30, 35, 31, 28) (33, 16, 27, 14, 46, 21, 41, 19) (9, 40, 3, 38, 22, 45, 17, 43) (23, 15, 34, 13) (47, 39, 10, 37) (0, 2, 8, 1) (24, 26, 32, 25) (20, 5, 44, 29) "
"OP(14,8,8,4,4,3,3,3,3)",0,Solved,"0,1170"," (4t+2)","0,1208","(\infty, 8, 42, 37, 43, 44, 28, \infty, 4, 20, 19, 13, 18, 32) (24, 6, 25, 15, 36, 45, 41, 16) (0, 30, 1, 39, 12, 21, 17, 40) (46, 5, 7, 33) (22, 29, 31, 9) (10, 47, 27) (34, 23, 3) (2, 38, 35) (26, 14, 11) "
"OP(14,8,7,7,7,7)",0,Solved,"0,1090"," (4t+2)","0,1127","(\infty, 19, 33, 34, 6, 23, 39, \infty, 15, 47, 30, 10, 9, 43) (11, 20, 45, 5, 35, 44, 21, 29) (16, 27, 12, 0, 22, 32, 13) (40, 3, 36, 24, 46, 8, 37) (1, 42, 38, 17, 4, 2, 7) (25, 18, 14, 41, 28, 26, 31) "
"OP(4,7,7,7,7,4,14)",0,Solved,"0,0910"," (4t+2)","0,0947","(\infty, 0, \infty, 24) (2, 3, 7, 5, 8, 13, 19) (26, 27, 31, 29, 32, 37, 43) (4, 11, 20, 6, 42, 22, 12) (28, 35, 44, 30, 18, 46, 36) (10, 21, 34, 45) (33, 15, 47, 25, 40, 17, 38, 9, 39, 23, 1, 16, 41, 14) "
"OP(4,8,7,7,5,5,14)",0,Solved,"0,0430"," (4t+2)","0,0465","(\infty, 21, \infty, 45) (39, 8, 5, 3, 15, 32, 29, 27) (14, 33, 11, 4, 0, 13, 46) (38, 9, 35, 28, 24, 37, 22) (6, 1, 7, 16, 17) (30, 25, 31, 40, 41) (10, 2, 12, 42, 19, 47, 20, 34, 26, 36, 18, 43, 23, 44) "
"OP(14,8,7,7,6,4,4)",0,Solved,"0,2010"," (4t+2)","0,2053","(\infty, 19, 46, 16, 4, 3, 11, \infty, 35, 27, 28, 40, 22, 43) (5, 0, 9, 44, 29, 24, 33, 20) (34, 17, 45, 23, 37, 12, 15) (10, 41, 21, 47, 13, 36, 39) (1, 7, 14, 25, 31, 38) (2, 6, 8, 18) (26, 30, 32, 42) "
"OP(14,8,7,7,5,5,4)",0,Solved,"0,0800"," (4t+2)","0,0835","(\infty, 6, 12, 15, 44, 17, 16, \infty, 40, 41, 20, 39, 36, 30) (10, 38, 13, 1, 34, 14, 37, 25) (2, 42, 5, 3, 21, 43, 11) (26, 18, 29, 27, 45, 19, 35) (8, 4, 47, 9, 22) (32, 28, 23, 33, 46) (0, 7, 24, 31) "
"OP(4,8,7,7,4,14,3,3)",0,Solved,"0,0400"," (4t+2)","0,0439","(\infty, \infty, 23, 47) (3, 13, 16, 38, 27, 37, 40, 14) (22, 36, 20, 45, 18, 11, 41) (46, 12, 44, 21, 42, 35, 17) (10, 1, 34, 25) (2, 7, 19, 39, 4, 5, 9, 26, 31, 43, 15, 28, 29, 33) (0, 8, 6) (24, 32, 30) "
"OP(14,8,7,7,4,4,3,3)",0,Solved,"0,0490"," (4t+2)","0,0550","(\infty, 2, 4, 7, 6, 18, 34, \infty, 10, 42, 30, 31, 28, 26) (33, 16, 27, 36, 9, 40, 3, 12) (43, 17, 35, 45, 22, 15, 23) (19, 41, 11, 21, 46, 39, 47) (13, 0, 14, 8) (37, 24, 38, 32) (1, 20, 5) (25, 44, 29) "
"OP(4,7,7,6,6,6,14)",0,Solved,"0,0450"," (4t+2)","0,0492","(\infty, 22, \infty, 46) (3, 17, 36, 44, 23, 43, 18) (27, 41, 12, 20, 47, 19, 42) (11, 16, 32, 14, 10, 1) (35, 40, 8, 38, 34, 25) (2, 13, 39, 26, 37, 15) (21, 4, 5, 7, 0, 6, 9, 45, 28, 29, 31, 24, 30, 33) "
"OP(6,7,7,6,6,14,4)",0,Solved,"0,1330"," (4t+2)","0,1369","(\infty, 17, 7, \infty, 31, 41) (40, 39, 22, 43, 9, 2, 10) (16, 15, 46, 19, 33, 26, 34) (20, 18, 12, 3, 6, 1) (44, 42, 36, 27, 30, 25) (21, 5, 38, 13, 0, 11, 23, 45, 29, 14, 37, 24, 35, 47) (4, 8, 28, 32) "
"OP(4,7,7,6,6,14,3,3)",0,Solved,"0,0380"," (4t+2)","0,0438","(\infty, 12, \infty, 36) (3, 15, 41, 20, 7, 21, 14) (27, 39, 17, 44, 31, 45, 38) (10, 13, 46, 16, 11, 1) (34, 37, 22, 40, 35, 25) (2, 18, 43, 23, 4, 5, 9, 26, 42, 19, 47, 28, 29, 33) (0, 8, 6) (24, 32, 30) "
"OP(6,7,7,6,14,5,5)",0,Solved,"0,0510"," (4t+2)","0,0547","(\infty, 46, 20, \infty, 44, 22) (5, 7, 3, 11, 14, 23, 4) (29, 31, 27, 35, 38, 47, 28) (0, 6, 19, 24, 30, 43) (12, 1, 8, 18, 34, 17, 2, 36, 25, 32, 42, 10, 41, 26) (37, 16, 39, 21, 9) (13, 40, 15, 45, 33) "
"OP(6,7,7,6,14,4,3,3)",0,Solved,"0,0920"," (4t+2)","0,0966","(\infty, 10, 4, \infty, 28, 34) (13, 44, 11, 1, 2, 6, 22) (37, 20, 35, 25, 26, 30, 46) (14, 7, 9, 38, 31, 33) (15, 45, 18, 40, 17, 5, 19, 39, 21, 42, 16, 41, 29, 43) (23, 12, 47, 36) (0, 8, 3) (24, 32, 27) "
"OP(4,7,7,6,4,4,4,14)",0,Solved,"0,1040"," (4t+2)","0,1079","(\infty, 39, \infty, 15) (28, 7, 11, 12, 47, 1, 6) (4, 31, 35, 36, 23, 25, 30) (46, 5, 41, 22, 29, 17) (14, 8, 42, 45) (38, 32, 18, 21) (9, 0, 33, 24) (43, 20, 40, 10, 2, 13, 3, 19, 44, 16, 34, 26, 37, 27) "
"OP(4,7,7,6,14,3,3,3,3)",0,Solved,"0,1950"," (4t+2)","0,1998","(\infty, 10, \infty, 34) (6, 16, 23, 45, 14, 44, 15) (30, 40, 47, 21, 38, 20, 39) (13, 2, 4, 37, 26, 28) (11, 43, 18, 17, 5, 1, 7, 35, 19, 42, 41, 29, 25, 31) (3, 8, 0) (27, 32, 24) (46, 33, 12) (22, 9, 36) "
"OP(6,7,7,14,5,5,3,3)",0,Solved,"0,0600"," (4t+2)","0,0637","(\infty, 38, 32, \infty, 8, 14) (4, 11, 43, 41, 6, 1, 40) (28, 35, 19, 17, 30, 25, 16) (47, 37, 3, 31, 42, 45, 22, 23, 13, 27, 7, 18, 21, 46) (33, 15, 36, 10, 2) (9, 39, 12, 34, 26) (44, 0, 29) (20, 24, 5) "
"OP(4,7,7,5,5,4,4,14)",0,Solved,"0,0430"," (4t+2)","0,0473","(\infty, \infty, 23, 47) (42, 13, 5, 3, 9, 34, 16) (18, 37, 29, 27, 33, 10, 40) (4, 0, 20, 19, 7) (28, 24, 44, 43, 31) (1, 6, 17, 8) (25, 30, 41, 32) (12, 2, 15, 46, 14, 35, 21, 36, 26, 39, 22, 38, 11, 45) "
"OP(6,7,7,14,4,4,4,4)",0,Solved,"0,0640"," (4t+2)","0,0678","(\infty, 7, 1, \infty, 25, 31) (10, 22, 38, 21, 6, 19, 39) (34, 46, 14, 45, 30, 43, 15) (9, 5, 0, 8, 11, 18, 44, 33, 29, 24, 32, 35, 42, 20) (4, 3, 12, 2) (28, 27, 36, 26) (47, 17, 40, 13) (23, 41, 16, 37) "
"OP(6,7,7,14,4,3,3,3,3)",0,Solved,"0,1620"," (4t+2)","0,1659","(\infty, 43, 39, \infty, 15, 19) (25, 14, 6, 18, 9, 35, 32) (1, 38, 30, 42, 33, 11, 8) (47, 12, 13, 44, 16, 22, 7, 23, 36, 37, 20, 40, 46, 31) (3, 41, 27, 17) (5, 10, 28) (29, 34, 4) (0, 2, 21) (24, 26, 45) "
"OP(4,7,7,4,4,4,14,3,3)",0,Solved,"0,0420"," (4t+2)","0,0467","(\infty, 7, \infty, 31) (3, 13, 16, 23, 35, 19, 14) (27, 37, 40, 47, 11, 43, 38) (17, 45, 20, 46) (41, 21, 44, 22) (10, 1, 34, 25) (2, 15, 36, 18, 4, 5, 9, 26, 39, 12, 42, 28, 29, 33) (0, 8, 6) (24, 32, 30) "
"OP(4,7,7,14,3,3,3,3,3,3)",0,Solved,"0,0910"," (4t+2)","0,0945","(\infty, 25, \infty, 1) (23, 46, 10, 4, 13, 6, 40) (47, 22, 34, 28, 37, 30, 16) (36, 14, 33, 20, 5, 42, 2, 12, 38, 9, 44, 29, 18, 26) (8, 7, 11) (32, 31, 35) (19, 24, 3) (43, 0, 27) (45, 17, 15) (21, 41, 39) "
"OP(14,8,6,6,6,6,4)",0,Solved,"0,0440"," (4t+2)","0,0474","(\infty, 5, 17, 46, 18, 36, 15, \infty, 39, 12, 42, 22, 41, 29) (9, 6, 4, 0, 33, 30, 28, 24) (2, 3, 13, 21, 47, 16) (26, 27, 37, 45, 23, 40) (8, 14, 19, 35, 10, 1) (32, 38, 43, 11, 34, 25) (20, 7, 44, 31) "
"OP(14,8,6,6,6,5,5)",0,Solved,"0,0570"," (4t+2)","0,0608","(\infty, 13, 43, 11, 46, 20, 47, \infty, 23, 44, 22, 35, 19, 37) (21, 9, 42, 14, 45, 33, 18, 38) (7, 4, 0, 1, 3, 12) (31, 28, 24, 25, 27, 36) (17, 6, 16, 41, 30, 40) (10, 29, 15, 8, 2) (34, 5, 39, 32, 26) "
"OP(14,8,6,6,6,4,3,3)",0,Solved,"0,1850"," (4t+2)","0,1892","(\infty, 10, 22, 47, 8, 7, 4, \infty, 28, 31, 32, 23, 46, 34) (3, 11, 5, 9, 27, 35, 29, 33) (15, 0, 13, 20, 40, 42) (39, 24, 37, 44, 16, 18) (14, 43, 21, 38, 19, 45) (12, 2, 36, 26) (1, 17, 6) (25, 41, 30) "
"OP(14,8,6,6,5,5,3,3)",0,Solved,"0,2180"," (4t+2)","0,2210","(\infty, 3, 2, 4, 8, 16, 9, \infty, 33, 40, 32, 28, 26, 27) (11, 44, 17, 6, 35, 20, 41, 30) (0, 13, 29, 47, 21, 38) (24, 37, 5, 23, 45, 14) (12, 7, 1, 10, 46) (36, 31, 25, 34, 22) (15, 18, 43) (39, 42, 19) "
"OP(4,8,5,5,6,4,4,14)",0,Solved,"0,0460"," (4t+2)","0,0501","(\infty, 20, \infty, 44) (0, 3, 8, 14, 24, 27, 32, 38) (10, 22, 35, 17, 36) (34, 46, 11, 41, 12) (2, 1, 5, 26, 25, 29) (4, 21, 13, 6) (28, 45, 37, 30) (15, 47, 19, 33, 18, 7, 16, 39, 23, 43, 9, 42, 31, 40) "
"OP(14,8,6,6,4,4,4,4)",0,Solved,"0,0550"," (4t+2)","0,0587","(\infty, \infty, 23, 9, 34, 12, 21, 41, 17, 45, 36, 10, 33, 47) (14, 4, 3, 1, 38, 28, 27, 25) (44, 11, 43, 16, 46, 15) (20, 35, 19, 40, 22, 39) (6, 18, 5, 2) (30, 42, 29, 26) (0, 8, 13, 7) (24, 32, 37, 31) "
"OP(14,8,6,6,4,3,3,3,3)",0,Solved,"0,1070"," (4t+2)","0,1123","(\infty, 4, 42, 30, 5, 24, 8, \infty, 32, 0, 29, 6, 18, 28) (26, 34, 7, 41, 2, 10, 31, 17) (39, 35, 9, 27, 22, 37) (15, 11, 33, 3, 46, 13) (1, 12, 25, 36) (38, 44, 45) (14, 20, 21) (43, 23, 40) (19, 47, 16) "
"OP(4,8,5,5,5,5,4,14)",0,Solved,"0,0450"," (4t+2)","0,0495","(\infty, 1, \infty, 25) (23, 3, 9, 2, 47, 27, 33, 26) (0, 14, 15, 4, 8) (24, 38, 39, 28, 32) (16, 6, 11, 34, 7) (40, 30, 35, 10, 31) (21, 19, 45, 43) (17, 5, 18, 36, 20, 37, 22, 41, 29, 42, 12, 44, 13, 46) "
"OP(14,8,6,5,5,4,4,4)",0,Solved,"0,0580"," (4t+2)","0,0627","(\infty, 41, 8, 10, 6, 7, 39, \infty, 15, 31, 30, 34, 32, 17) (26, 46, 29, 42, 2, 22, 5, 18) (13, 19, 16, 37, 43, 40) (4, 27, 9, 35, 45) (28, 3, 33, 11, 21) (47, 38, 24, 36) (23, 14, 0, 12) (44, 1, 20, 25) "
"OP(14,8,6,5,5,3,3,3,3)",0,Solved,"0,3090"," (4t+2)","0,3124","(\infty, 16, 43, 23, 45, 10, 22, \infty, 46, 34, 21, 47, 19, 40) (17, 32, 15, 7, 41, 8, 39, 31) (37, 12, 3, 13, 36, 27) (2, 18, 11, 6, 0) (26, 42, 35, 30, 24) (4, 1, 5) (28, 25, 29) (9, 20, 38) (33, 44, 14) "
"OP(4,8,5,5,4,4,14,3,3)",0,Solved,"0,0390"," (4t+2)","0,0427","(\infty, 18, \infty, 42) (3, 14, 39, 20, 27, 38, 15, 44) (46, 19, 41, 13, 16) (22, 43, 17, 37, 40) (10, 23, 11, 1) (34, 47, 35, 25) (2, 7, 21, 36, 4, 5, 9, 26, 31, 45, 12, 28, 29, 33) (0, 8, 6) (24, 32, 30) "
"OP(14,8,6,4,4,4,4,3,3)",0,Solved,"0,1070"," (4t+2)","0,1111","(\infty, 39, 22, 47, 20, 34, 19, \infty, 43, 10, 44, 23, 46, 15) (3, 7, 8, 38, 27, 31, 32, 14) (1, 4, 12, 25, 28, 36) (11, 2, 0, 5) (35, 26, 24, 29) (6, 13, 42, 16) (30, 37, 18, 40) (41, 9, 21) (17, 33, 45) "
"OP(14,8,6,4,3,3,3,3,3,3)",0,Solved,"0,1480"," (4t+2)","0,1531","(\infty, 10, 0, 16, 4, 22, 2, \infty, 26, 46, 28, 40, 24, 34) (29, 18, 45, 12, 5, 42, 21, 36) (15, 20, 17, 39, 44, 41) (32, 31, 8, 7) (47, 38, 3) (23, 14, 27) (9, 43, 1) (33, 19, 25) (6, 37, 35) (30, 13, 11) "
"OP(4,8,4,5,5,5,5,14)",0,Solved,"0,0760"," (4t+2)","0,0794","(\infty, 3, \infty, 27) (41, 0, 6, 16, 17, 24, 30, 40) (10, 13, 34, 37) (11, 45, 32, 14, 2) (35, 21, 8, 38, 26) (9, 1, 12, 7, 5) (33, 25, 36, 31, 29) (43, 28, 44, 18, 47, 22, 39, 19, 4, 20, 42, 23, 46, 15) "
"OP(14,8,5,5,5,5,4,4)",0,Solved,"0,1400"," (4t+2)","0,1442","(\infty, 43, 16, 42, 22, 41, 7, \infty, 31, 17, 46, 18, 40, 19) (11, 10, 20, 4, 35, 34, 44, 28) (5, 13, 6, 0, 2) (29, 37, 30, 24, 26) (23, 12, 45, 1, 14) (47, 36, 21, 25, 38) (3, 8, 33, 15) (27, 32, 9, 39) "
"OP(4,8,4,4,5,5,14,3,3)",0,Solved,"0,0410"," (4t+2)","0,0444","(\infty, 17, \infty, 41) (3, 14, 21, 42, 27, 38, 45, 18) (44, 15, 40, 12) (20, 39, 16, 36) (10, 23, 37, 11, 1) (34, 47, 13, 35, 25) (2, 7, 19, 22, 4, 5, 9, 26, 31, 43, 46, 28, 29, 33) (0, 8, 6) (24, 32, 30) "
"OP(14,8,5,5,4,4,4,3,3)",0,Solved,"0,0400"," (4t+2)","0,0439","(\infty, 40, 43, 35, 4, 24, 8, \infty, 32, 0, 28, 11, 19, 16) (3, 45, 6, 31, 27, 21, 30, 7) (23, 22, 17, 39, 9) (47, 46, 41, 15, 33) (44, 25, 10, 37) (20, 1, 34, 13) (18, 5, 42, 29) (2, 12, 14) (26, 36, 38) "
"OP(14,8,5,5,3,3,3,3,3,3)",0,Solved,"0,0740"," (4t+2)","0,0784","(\infty, 0, 22, 14, 15, 19, 42, \infty, 18, 43, 39, 38, 46, 24) (1, 10, 21, 5, 25, 34, 45, 29) (9, 7, 40, 6, 12) (33, 31, 16, 30, 36) (20, 3, 41) (44, 27, 17) (4, 23, 11) (28, 47, 35) (13, 26, 8) (37, 2, 32) "
"OP(4,8,4,4,4,4,4,4,14)",0,Solved,"0,0680"," (4t+2)","0,0720","(\infty, 4, \infty, 28) (5, 6, 2, 15, 29, 30, 26, 39) (8, 19, 10, 3) (32, 43, 34, 27) (7, 17, 35, 38) (31, 41, 11, 14) (0, 12, 18, 16) (24, 36, 42, 40) (47, 20, 1, 9, 37, 22, 45, 23, 44, 25, 33, 13, 46, 21) "
"OP(4,8,4,4,4,14,3,3,3,3)",0,Solved,"0,1510"," (4t+2)","0,1547","(\infty, 17, \infty, 41) (0, 4, 11, 14, 24, 28, 35, 38) (39, 12, 45, 19) (15, 36, 21, 43) (1, 20, 25, 44) (6, 5, 7, 13, 2, 10, 42, 30, 29, 31, 37, 26, 34, 18) (16, 3, 33) (40, 27, 9) (47, 22, 8) (23, 46, 32) "
"OP(14,8,4,4,4,4,4,4,4)",0,Solved,"0,2080"," (4t+2)","0,2126","(\infty, 40, 37, 2, 30, 42, 44, \infty, 20, 18, 6, 26, 13, 16) (31, 5, 35, 36, 7, 29, 11, 12) (27, 4, 38, 43) (3, 28, 14, 19) (24, 41, 45, 34) (0, 17, 21, 10) (25, 33, 39, 46) (1, 9, 15, 22) (32, 47, 8, 23) "
"OP(14,8,4,4,4,4,3,3,3,3)",0,Solved,"0,1480"," (4t+2)","0,1516","(\infty, 47, 16, 44, 19, 41, 9, \infty, 33, 17, 43, 20, 40, 23) (46, 37, 18, 8, 22, 13, 42, 32) (21, 39, 6, 10) (45, 15, 30, 34) (2, 4, 7, 1) (26, 28, 31, 25) (5, 0, 12) (29, 24, 36) (11, 38, 3) (35, 14, 27) "
"OP(14,8,4,3,3,3,3,3,3,3,3)",0,Solved,"0,0830"," (4t+2)","0,0874","(\infty, 45, 30, 42, 19, 16, 17, \infty, 41, 40, 43, 18, 6, 21) (9, 44, 10, 3, 33, 20, 34, 27) (24, 5, 0, 29) (14, 4, 36) (38, 28, 12) (8, 35, 39) (32, 11, 15) (47, 7, 1) (23, 31, 25) (13, 2, 22) (37, 26, 46) "
"OP(4,7,7,7,7,4,14)",0,Solved,"0,0950"," (4t+2)","0,0998","(\infty, 0, \infty, 24) (2, 3, 7, 5, 8, 13, 19) (26, 27, 31, 29, 32, 37, 43) (4, 11, 20, 6, 42, 22, 12) (28, 35, 44, 30, 18, 46, 36) (10, 21, 34, 45) (33, 15, 47, 25, 40, 17, 38, 9, 39, 23, 1, 16, 41, 14) "
"OP(14,7,7,7,7,4,4)",0,Solved,"0,1130"," (4t+2)","0,1177","(\infty, 19, 8, 0, 1, 3, 39, \infty, 15, 27, 25, 24, 32, 43) (2, 5, 9, 18, 28, 13, 7) (26, 29, 33, 42, 4, 37, 31) (10, 17, 36, 23, 45, 14, 35) (34, 41, 12, 47, 21, 38, 11) (44, 30, 46, 16) (20, 6, 22, 40) "
"OP(4,6,6,6,7,7,14)",0,Solved,"0,0470"," (4t+2)","0,0522","(\infty, 4, \infty, 28) (15, 14, 22, 2, 7, 1) (39, 38, 46, 26, 31, 25) (12, 43, 10, 36, 19, 34) (18, 8, 6, 13, 17, 44, 9) (42, 32, 30, 37, 41, 20, 33) (16, 5, 21, 3, 0, 23, 11, 40, 29, 45, 27, 24, 47, 35) "
"OP(6,6,6,7,7,14,4)",0,Solved,"0,0390"," (4t+2)","0,0425","(\infty, 7, 15, \infty, 39, 31) (9, 19, 38, 16, 34, 23) (33, 43, 14, 40, 10, 47) (4, 0, 2, 3, 6, 12, 17) (28, 24, 26, 27, 30, 36, 41) (37, 21, 46, 18, 35, 8, 1, 13, 45, 22, 42, 11, 32, 25) (20, 5, 44, 29) "
"OP(4,6,6,7,7,14,3,3)",0,Solved,"0,0460"," (4t+2)","0,0503","(\infty, 20, \infty, 44) (3, 15, 40, 12, 7, 14) (27, 39, 16, 36, 31, 38) (10, 13, 46, 19, 45, 11, 1) (34, 37, 22, 43, 21, 35, 25) (2, 18, 47, 17, 4, 5, 9, 26, 42, 23, 41, 28, 29, 33) (0, 8, 6) (24, 32, 30) "
"OP(6,6,7,7,14,5,5)",0,Solved,"0,1460"," (4t+2)","0,1496","(\infty, 36, 18, \infty, 42, 12) (47, 11, 43, 23, 35, 19) (0, 3, 30, 13, 15, 2, 44) (24, 27, 6, 37, 39, 26, 20) (14, 4, 5, 31, 46, 32, 9, 38, 28, 29, 7, 22, 8, 33) (1, 41, 34, 45, 40) (25, 17, 10, 21, 16) "
"OP(6,6,7,7,14,4,3,3)",0,Solved,"0,4910"," (4t+2)","0,4945","(\infty, 29, 39, \infty, 15, 5) (0, 4, 43, 24, 28, 19) (13, 33, 47, 45, 32, 1, 2) (37, 9, 23, 21, 8, 25, 26) (3, 36, 42, 6, 38, 46, 20, 27, 12, 18, 30, 14, 22, 44) (10, 31, 34, 7) (41, 16, 11) (17, 40, 35) "
"OP(4,6,7,7,4,4,4,14)",0,Solved,"0,0570"," (4t+2)","0,0601","(\infty, 34, \infty, 10) (28, 2, 25, 4, 26, 1) (6, 15, 47, 18, 17, 12, 8) (30, 39, 23, 42, 41, 36, 32) (27, 19, 7, 21) (3, 43, 31, 45) (37, 44, 13, 20) (16, 46, 11, 14, 24, 9, 29, 40, 22, 35, 38, 0, 33, 5) "
"OP(4,6,7,7,14,3,3,3,3)",0,Solved,"0,0570"," (4t+2)","0,0616","(\infty, 4, \infty, 28) (46, 9, 7, 22, 33, 31) (3, 21, 44, 18, 5, 39, 10) (27, 45, 20, 42, 29, 15, 34) (19, 47, 0, 8, 12, 17, 1, 43, 23, 24, 32, 36, 41, 25) (6, 16, 37) (30, 40, 13) (11, 14, 2) (35, 38, 26) "
"OP(14,7,7,6,6,6,4)",0,Solved,"0,0510"," (4t+2)","0,0555","(\infty, 6, 17, 23, 10, 22, 8, \infty, 32, 46, 34, 47, 41, 30) (12, 7, 4, 0, 2, 3, 19) (36, 31, 28, 24, 26, 27, 43) (13, 40, 15, 45, 14, 42) (37, 16, 39, 21, 38, 18) (35, 9, 1, 11, 33, 25) (20, 5, 44, 29) "
"OP(14,7,7,6,6,5,5)",0,Solved,"0,0630"," (4t+2)","0,0684","(\infty, 4, 5, 7, 2, 18, 46, \infty, 22, 42, 26, 31, 29, 28) (47, 12, 3, 15, 32, 35, 21) (23, 36, 27, 39, 8, 11, 45) (0, 6, 13, 43, 14, 10) (24, 30, 37, 19, 38, 34) (1, 9, 20, 41, 16) (25, 33, 44, 17, 40) "
"OP(14,7,7,6,6,4,3,3)",0,Solved,"0,0450"," (4t+2)","0,0511","(\infty, 44, 17, 43, 10, 35, 18, \infty, 42, 11, 34, 19, 41, 20) (33, 15, 3, 0, 5, 13, 22) (9, 39, 27, 24, 29, 37, 46) (1, 21, 14, 8, 4, 2) (25, 45, 38, 32, 28, 26) (6, 16, 30, 40) (7, 36, 23) (31, 12, 47) "
"OP(14,7,7,6,5,5,3,3)",0,Solved,"0,0640"," (4t+2)","0,0692","(\infty, 45, 8, 10, 5, 23, 7, \infty, 31, 47, 29, 34, 32, 21) (6, 13, 22, 3, 16, 41, 14) (30, 37, 46, 27, 40, 17, 38) (42, 11, 44, 18, 35, 20) (0, 12, 2, 1, 4) (24, 36, 26, 25, 28) (15, 43, 9) (39, 19, 33) "
"OP(4,7,7,5,5,4,4,14)",0,Solved,"0,0440"," (4t+2)","0,0479","(\infty, \infty, 23, 47) (42, 13, 5, 3, 9, 34, 16) (18, 37, 29, 27, 33, 10, 40) (4, 0, 20, 19, 7) (28, 24, 44, 43, 31) (1, 6, 17, 8) (25, 30, 41, 32) (12, 2, 15, 46, 14, 35, 21, 36, 26, 39, 22, 38, 11, 45) "
"OP(14,7,7,6,4,4,4,4)",0,Solved,"0,0790"," (4t+2)","0,0840","(\infty, 2, 37, 38, 31, 42, 32, \infty, 8, 18, 7, 14, 13, 26) (6, 39, 34, 4, 27, 36, 40) (30, 15, 10, 28, 3, 12, 16) (33, 45, 29, 9, 21, 5) (41, 24, 43, 35) (17, 0, 19, 11) (47, 25, 46, 44) (23, 1, 22, 20) "
"OP(14,7,7,6,4,3,3,3,3)",0,Solved,"0,1810"," (4t+2)","0,1851","(\infty, 46, 4, 44, 42, 33, 36, \infty, 12, 9, 18, 20, 28, 22) (37, 7, 35, 45, 30, 25, 3) (13, 31, 11, 21, 6, 1, 27) (26, 39, 38, 2, 15, 14) (41, 34, 17, 10) (24, 43, 47) (0, 19, 23) (8, 40, 29) (32, 16, 5) "
"OP(4,7,7,4,4,5,5,14)",0,Solved,"0,0560"," (4t+2)","0,0599","(\infty, 4, \infty, 28) (5, 6, 2, 15, 13, 40, 22) (29, 30, 26, 39, 37, 16, 46) (3, 8, 19, 10) (27, 32, 43, 34) (12, 0, 14, 47, 18) (36, 24, 38, 23, 42) (20, 17, 1, 9, 31, 11, 21, 44, 41, 25, 33, 7, 35, 45) "
"OP(14,7,7,5,5,4,4,4)",0,Solved,"0,0920"," (4t+2)","0,0963","(\infty, 17, 2, 3, 1, 7, 11, \infty, 35, 31, 25, 27, 26, 41) (6, 18, 36, 9, 20, 39, 19) (30, 42, 12, 33, 44, 15, 43) (45, 4, 13, 8, 5) (21, 28, 37, 32, 29) (14, 40, 23, 46) (38, 16, 47, 22) (10, 0, 34, 24) "
"OP(14,7,7,5,5,3,3,3,3)",0,Solved,"0,0880"," (4t+2)","0,0917","(\infty, 29, 23, 46, 45, 10, 13, \infty, 37, 34, 21, 22, 47, 5) (11, 27, 7, 14, 44, 39, 30) (35, 3, 31, 38, 20, 15, 6) (19, 9, 1, 18, 40) (43, 33, 25, 42, 16) (41, 8, 4) (17, 32, 28) (24, 12, 26) (0, 36, 2) "
"OP(4,7,7,4,4,4,14,3,3)",0,Solved,"0,0450"," (4t+2)","0,0492","(\infty, 7, \infty, 31) (3, 13, 16, 23, 35, 19, 14) (27, 37, 40, 47, 11, 43, 38) (17, 45, 20, 46) (41, 21, 44, 22) (10, 1, 34, 25) (2, 15, 36, 18, 4, 5, 9, 26, 39, 12, 42, 28, 29, 33) (0, 8, 6) (24, 32, 30) "
"OP(14,7,7,4,4,4,4,3,3)",0,Solved,"0,0870"," (4t+2)","0,0913","(\infty, 2, 4, 5, 9, 45, 8, \infty, 32, 21, 33, 29, 28, 26) (6, 44, 10, 15, 35, 19, 12) (30, 20, 34, 39, 11, 43, 36) (13, 0, 27, 42) (37, 24, 3, 18) (22, 47, 17, 25) (46, 23, 41, 1) (7, 16, 38) (31, 40, 14) "
"OP(14,7,7,4,3,3,3,3,3,3)",0,Solved,"0,0750"," (4t+2)","0,0786","(\infty, 37, 20, 41, 16, 4, 9, \infty, 33, 28, 40, 17, 44, 13) (12, 42, 3, 7, 10, 0, 11) (36, 18, 27, 31, 34, 24, 35) (22, 6, 46, 30) (1, 23, 21) (25, 47, 45) (15, 2, 8) (39, 26, 32) (29, 14, 43) (5, 38, 19) "
"OP(6,6,6,6,6,6,14)",0,Solved,"0,0470"," (4t+2)","0,0509","(\infty, 7, 19, \infty, 43, 31) (8, 21, 12, 23, 44, 22) (32, 45, 36, 47, 20, 46) (0, 18, 2, 6, 16, 15) (24, 42, 26, 30, 40, 39) (10, 5, 3, 34, 29, 27) (1, 4, 11, 17, 37, 14, 33, 25, 28, 35, 41, 13, 38, 9) "
"OP(6,6,6,6,6,14,3,3)",0,Solved,"0,0470"," (4t+2)","0,0513","(\infty, 6, 12, \infty, 36, 30) (10, 15, 41, 8, 44, 13) (34, 39, 17, 32, 20, 37) (1, 0, 18, 2, 23, 3) (25, 24, 42, 26, 47, 27) (4, 43, 14, 22, 9, 16, 5, 28, 19, 38, 46, 33, 40, 29) (11, 7, 21) (35, 31, 45) "
"OP(4,6,6,6,6,4,4,14)",0,Solved,"0,0480"," (4t+2)","0,0524","(\infty, 1, \infty, 25) (4, 3, 6, 2, 0, 9) (28, 27, 30, 26, 24, 33) (46, 36, 19, 8, 16, 34) (22, 12, 43, 32, 40, 10) (31, 18, 11, 5) (7, 42, 35, 29) (47, 13, 45, 17, 44, 15, 38, 23, 37, 21, 41, 20, 39, 14) "
"OP(4,6,6,6,5,5,4,14)",0,Solved,"0,0470"," (4t+2)","0,0504","(\infty, 1, \infty, 25) (2, 3, 9, 5, 14, 12) (26, 27, 33, 29, 38, 36) (6, 18, 44, 30, 42, 20) (10, 7, 0, 8, 21) (34, 31, 24, 32, 45) (47, 4, 23, 28) (11, 41, 13, 46, 15, 40, 19, 35, 17, 37, 22, 39, 16, 43) "
"OP(6,6,6,6,14,4,4,4)",0,Solved,"0,3340"," (4t+2)","0,3372","(\infty, 3, 45, \infty, 21, 27) (42, 41, 5, 33, 37, 32) (18, 17, 29, 9, 13, 8) (43, 24, 1, 19, 0, 25) (44, 10, 31, 40, 38, 46, 35, 20, 34, 7, 16, 14, 22, 11) (26, 39, 36, 4) (2, 15, 12, 28) (47, 30, 23, 6) "
"OP(6,6,6,6,14,3,3,3,3)",0,Solved,"0,0570"," (4t+2)","0,0613","(\infty, 4, 24, \infty, 0, 28) (9, 42, 8, 39, 40, 30) (33, 18, 32, 15, 16, 6) (37, 44, 26, 13, 20, 2) (34, 5, 21, 43, 41, 47, 35, 10, 29, 45, 19, 17, 23, 11) (27, 31, 36) (3, 7, 12) (38, 1, 46) (14, 25, 22) "
"OP(4,6,6,6,4,4,14,3,3)",0,Solved,"0,0630"," (4t+2)","0,0671","(\infty, 15, \infty, 39) (3, 2, 7, 21, 38, 5) (27, 26, 31, 45, 14, 29) (18, 43, 23, 42, 19, 47) (6, 9, 16, 32) (30, 33, 40, 8) (22, 13, 1, 12, 20, 41, 11, 46, 37, 25, 36, 44, 17, 35) (4, 10, 0) (28, 34, 24) "
"OP(4,6,6,5,5,5,5,14)",0,Solved,"0,0660"," (4t+2)","0,0699","(\infty, 4, \infty, 28) (5, 6, 2, 16, 19, 7) (29, 30, 26, 40, 43, 31) (8, 3, 10, 23, 14) (32, 27, 34, 47, 38) (11, 0, 18, 44, 21) (35, 24, 42, 20, 45) (36, 17, 1, 9, 37, 22, 39, 12, 41, 25, 33, 13, 46, 15) "
"OP(6,6,6,14,5,5,4,4)",0,Solved,"0,0470"," (4t+2)","0,0520","(\infty, 42, 16, \infty, 40, 18) (7, 21, 44, 13, 41, 23) (31, 45, 20, 37, 17, 47) (11, 32, 19, 12, 6, 1, 2, 35, 8, 43, 36, 30, 25, 26) (15, 4, 14, 22, 34) (39, 28, 38, 46, 10) (9, 0, 3, 5) (33, 24, 27, 29) "
"OP(4,6,6,5,5,4,14,3,3)",0,Solved,"0,0420"," (4t+2)","0,0466","(\infty, 2, \infty, 26) (3, 4, 6, 9, 1, 7) (27, 28, 30, 33, 25, 31) (8, 15, 34, 45, 17) (32, 39, 10, 21, 41) (12, 22, 36, 46) (11, 43, 20, 37, 16, 38, 23, 35, 19, 44, 13, 40, 14, 47) (18, 0, 5) (42, 24, 29) "
"OP(6,6,6,14,4,4,4,3,3)",0,Solved,"0,1210"," (4t+2)","0,1252","(\infty, 39, 1, \infty, 25, 15) (12, 5, 7, 24, 40, 20) (36, 29, 31, 0, 16, 44) (28, 9, 10, 14, 27, 13, 46, 4, 33, 34, 38, 3, 37, 22) (26, 17, 47, 21) (2, 41, 23, 45) (8, 11, 32, 35) (6, 18, 43) (30, 42, 19) "
"OP(6,6,6,14,3,3,3,3,3,3)",0,Solved,"0,0760"," (4t+2)","0,0797","(\infty, 43, 17, \infty, 41, 19) (12, 45, 11, 42, 22, 47) (36, 21, 35, 18, 46, 23) (7, 1, 10, 3, 15, 20, 2, 31, 25, 34, 27, 39, 44, 26) (0, 16, 37) (24, 40, 13) (14, 4, 6) (38, 28, 30) (9, 5, 8) (33, 29, 32) "
"OP(4,6,6,4,4,4,4,4,14)",0,Solved,"0,0660"," (4t+2)","0,0692","(\infty, 28, \infty, 4) (34, 41, 12, 30, 5, 19) (10, 17, 36, 6, 29, 43) (27, 7, 45, 40) (3, 31, 21, 16) (42, 46, 37, 15) (18, 22, 13, 39) (24, 8, 0, 32) (35, 23, 25, 26, 9, 20, 14, 11, 47, 1, 2, 33, 44, 38) "
"OP(4,6,6,4,4,14,3,3,3,3)",0,Solved,"0,1330"," (4t+2)","0,1372","(\infty, 46, \infty, 22) (44, 35, 1, 8, 41, 28) (20, 11, 25, 32, 17, 4) (0, 2, 3, 40) (24, 26, 27, 16) (38, 21, 9, 30, 7, 37, 42, 14, 45, 33, 6, 31, 13, 18) (47, 43, 5) (23, 19, 29) (10, 39, 36) (34, 15, 12) "
"OP(6,6,14,5,5,5,5,4)",0,Solved,"0,1640"," (4t+2)","0,1683","(\infty, 16, 22, \infty, 46, 40) (0, 1, 17, 24, 25, 41) (5, 7, 36, 32, 15, 20, 2, 29, 31, 12, 8, 39, 44, 26) (3, 23, 14, 37, 11) (27, 47, 38, 13, 35) (4, 19, 9, 6, 18) (28, 43, 33, 30, 42) (34, 21, 10, 45) "
"OP(4,6,5,5,5,5,14,3,3)",0,Solved,"0,0480"," (4t+2)","0,0524","(\infty, 4, \infty, 28) (5, 12, 17, 29, 36, 41) (8, 16, 33, 42, 19) (32, 40, 9, 18, 43) (0, 2, 3, 6, 10) (24, 26, 27, 30, 34) (21, 47, 13, 46, 14, 35, 15, 45, 23, 37, 22, 38, 11, 39) (1, 20, 7) (25, 44, 31) "
"OP(6,6,14,5,5,4,4,3,3)",0,Solved,"0,0470"," (4t+2)","0,0519","(\infty, 6, 16, \infty, 40, 30) (4, 12, 37, 28, 36, 13) (19, 8, 20, 41, 22, 39, 9, 43, 32, 44, 17, 46, 15, 33) (7, 1, 2, 18, 11) (31, 25, 26, 42, 35) (38, 23, 45, 10) (14, 47, 21, 34) (0, 5, 3) (24, 29, 27) "
"OP(4,6,5,5,4,4,4,4,14)",0,Solved,"0,0570"," (4t+2)","0,0617","(\infty, 3, \infty, 27) (4, 5, 7, 28, 29, 31) (9, 15, 6, 17, 1) (33, 39, 30, 41, 25) (11, 26, 13, 8) (35, 2, 37, 32) (16, 23, 45, 20) (40, 47, 21, 44) (36, 18, 46, 10, 0, 14, 43, 12, 42, 22, 34, 24, 38, 19) "
"OP(4,6,5,5,4,14,3,3,3,3)",0,Solved,"0,0460"," (4t+2)","0,0508","(\infty, 12, \infty, 36) (19, 9, 30, 43, 33, 6) (17, 42, 39, 11, 0) (41, 18, 15, 35, 24) (8, 23, 32, 47) (3, 4, 45, 16, 10, 44, 1, 27, 28, 21, 40, 34, 20, 25) (5, 7, 37) (29, 31, 13) (26, 14, 22) (2, 38, 46) "
"OP(6,6,14,4,4,4,4,4,4)",0,Solved,"0,1010"," (4t+2)","0,1056","(\infty, 35, 5, \infty, 29, 11) (10, 9, 15, 34, 33, 39) (18, 43, 4, 21, 17, 14, 6, 42, 19, 28, 45, 41, 38, 30) (1, 23, 2, 12) (25, 47, 26, 36) (40, 27, 13, 8) (16, 3, 37, 32) (31, 24, 44, 46) (7, 0, 20, 22) "
"OP(6,6,14,4,4,4,3,3,3,3)",0,Solved,"0,3660"," (4t+2)","0,3701","(\infty, 41, 9, \infty, 33, 17) (7, 42, 21, 31, 18, 45) (8, 22, 3, 2, 19, 4, 44, 32, 46, 27, 26, 43, 28, 20) (38, 35, 29, 34) (14, 11, 5, 10) (39, 37, 15, 13) (6, 47, 24) (30, 23, 0) (12, 40, 1) (36, 16, 25) "
"OP(6,6,14,3,3,3,3,3,3,3,3)",0,Solved,"0,2170"," (4t+2)","0,2202","(\infty, 17, 9, \infty, 33, 41) (0, 12, 6, 24, 36, 30) (3, 23, 46, 20, 37, 34, 29, 27, 47, 22, 44, 13, 10, 5) (32, 43, 28) (8, 19, 4) (39, 1, 40) (15, 25, 16) (18, 31, 2) (42, 7, 26) (21, 14, 35) (45, 38, 11) "
"OP(4,6,4,4,4,4,4,14,3,3)",0,Solved,"0,0350"," (4t+2)","0,0397","(\infty, 44, \infty, 20) (16, 17, 12, 40, 41, 36) (23, 32, 46, 5) (47, 8, 22, 29) (38, 19, 27, 0) (14, 43, 3, 24) (11, 9, 35, 33) (18, 31, 15, 30, 34, 28, 45, 42, 7, 39, 6, 10, 4, 21) (1, 37, 26) (25, 13, 2) "
"OP(4,6,4,4,14,3,3,3,3,3,3)",0,Solved,"0,0400"," (4t+2)","0,0447","(\infty, 3, \infty, 27) (38, 21, 6, 14, 45, 30) (41, 36, 7, 18) (17, 12, 31, 42) (8, 11, 10, 23, 29, 20, 0, 32, 35, 34, 47, 5, 44, 24) (22, 4, 26) (46, 28, 2) (43, 9, 16) (19, 33, 40) (25, 13, 15) (1, 37, 39) "
"OP(14,6,6,6,6,6,6)",0,Solved,"0,0630"," (4t+2)","0,0678","(\infty, 11, 20, 4, 2, 14, 41, \infty, 17, 38, 26, 28, 44, 35) (6, 12, 23, 8, 22, 3) (30, 36, 47, 32, 46, 27) (9, 10, 0, 7, 15, 40) (33, 34, 24, 31, 39, 16) (1, 5, 18, 13, 43, 21) (25, 29, 42, 37, 19, 45) "
"OP(14,6,6,6,6,6,3,3)",0,Solved,"0,1140"," (4t+2)","0,1197","(\infty, 42, 23, 9, 41, 19, 46, \infty, 22, 43, 17, 33, 47, 18) (11, 10, 2, 5, 15, 20) (35, 34, 26, 29, 39, 44) (38, 8, 6, 0, 28, 21) (14, 32, 30, 24, 4, 45) (27, 40, 7, 3, 16, 31) (12, 37, 1) (36, 13, 25) "
"OP(4,5,5,6,6,6,4,14)",0,Solved,"0,0450"," (4t+2)","0,0493","(\infty, 1, \infty, 25) (8, 3, 6, 2, 0) (32, 27, 30, 26, 24) (13, 4, 5, 11, 18, 31) (37, 28, 29, 35, 42, 7) (16, 47, 20, 40, 23, 44) (9, 19, 33, 43) (46, 14, 39, 17, 36, 21, 10, 22, 38, 15, 41, 12, 45, 34) "
"OP(14,6,6,6,6,4,4,4)",0,Solved,"0,0930"," (4t+2)","0,0969","(\infty, 17, 2, 3, 1, 6, 15, \infty, 39, 30, 25, 27, 26, 41) (7, 19, 38, 10, 33, 23) (31, 43, 14, 34, 9, 47) (4, 45, 5, 8, 12, 18) (28, 21, 29, 32, 36, 42) (13, 40, 22, 44) (37, 16, 46, 20) (11, 0, 35, 24) "
"OP(14,6,6,6,6,3,3,3,3)",0,Solved,"0,0430"," (4t+2)","0,0470","(\infty, 32, 18, 43, 31, 16, 46, \infty, 22, 40, 7, 19, 42, 8) (2, 0, 4, 17, 10, 5) (26, 24, 28, 41, 34, 29) (45, 13, 3, 12, 6, 23) (21, 37, 27, 36, 30, 47) (35, 15, 14) (11, 39, 38) (1, 20, 9) (25, 44, 33) "
"OP(4,5,5,6,6,5,5,14)",0,Solved,"0,0490"," (4t+2)","0,0523","(\infty, 15, \infty, 39) (34, 13, 5, 3, 9) (10, 37, 29, 27, 33) (20, 7, 4, 0, 14, 46) (44, 31, 28, 24, 38, 22) (6, 1, 8, 19, 18) (30, 25, 32, 43, 42) (11, 2, 12, 45, 17, 47, 16, 35, 26, 36, 21, 41, 23, 40) "
"OP(14,6,6,6,5,5,4,4)",0,Solved,"0,0630"," (4t+2)","0,0673","(\infty, 44, 22, 47, 15, 5, 16, \infty, 40, 29, 39, 23, 46, 20) (0, 19, 34, 14, 45, 18) (24, 43, 10, 38, 21, 42) (41, 7, 4, 17, 31, 28) (12, 13, 1, 6, 8) (36, 37, 25, 30, 32) (2, 9, 3, 11) (26, 33, 27, 35) "
"OP(4,5,5,6,6,4,14,3,3)",0,Solved,"0,0680"," (4t+2)","0,0735","(\infty, 3, \infty, 27) (4, 5, 7, 13, 9) (28, 29, 31, 37, 33) (40, 20, 1, 14, 26, 17) (16, 44, 25, 38, 2, 41) (8, 11, 32, 35) (23, 39, 22, 36, 21, 43, 6, 47, 15, 46, 12, 45, 19, 30) (0, 10, 18) (24, 34, 42) "
"OP(14,6,6,6,4,4,4,3,3)",0,Solved,"0,2030"," (4t+2)","0,2076","(\infty, 39, 13, 1, 0, 10, 33, \infty, 9, 34, 24, 25, 37, 15) (3, 47, 44, 35, 14, 19) (27, 23, 20, 11, 38, 43) (36, 6, 41, 12, 30, 17) (5, 42, 22, 7) (29, 18, 46, 31) (21, 28, 45, 4) (2, 16, 8) (26, 40, 32) "
"OP(14,6,6,6,3,3,3,3,3,3)",0,Solved,"0,2820"," (4t+2)","0,2861","(\infty, 46, 21, 35, 17, 16, 0, \infty, 24, 40, 41, 11, 45, 22) (34, 14, 4, 15, 32, 19) (10, 38, 28, 39, 8, 43) (47, 18, 44, 23, 42, 20) (3, 12, 6) (27, 36, 30) (13, 1, 5) (37, 25, 29) (7, 2, 9) (31, 26, 33) "
"OP(14,6,6,5,5,5,5,4)",0,Solved,"0,1020"," (4t+2)","0,1060","(\infty, 15, 10, 41, 23, 4, 1, \infty, 25, 28, 47, 17, 34, 39) (45, 13, 0, 8, 2, 22) (21, 37, 24, 32, 26, 46) (9, 11, 38, 42, 16) (33, 35, 14, 18, 40) (5, 6, 44, 7, 19) (29, 30, 20, 31, 43) (12, 3, 36, 27) "
"OP(4,5,5,6,5,5,14,3,3)",0,Solved,"0,0990"," (4t+2)","0,1028","(\infty, 17, \infty, 41) (18, 39, 20, 37, 9) (42, 15, 44, 13, 33) (5, 7, 47, 29, 31, 23) (1, 34, 35, 21, 8) (25, 10, 11, 45, 32) (3, 14, 19, 22, 0, 16, 4, 27, 38, 43, 46, 24, 40, 28) (6, 2, 12) (30, 26, 36) "
"OP(14,6,6,5,5,4,4,3,3)",0,Solved,"0,1010"," (4t+2)","0,1046","(\infty, 13, 7, 10, 20, 6, 5, \infty, 29, 30, 44, 34, 31, 37) (1, 41, 11, 2, 14, 12) (25, 17, 35, 26, 38, 36) (15, 40, 9, 42, 22) (39, 16, 33, 18, 46) (0, 4, 47, 21) (24, 28, 23, 45) (27, 43, 8) (3, 19, 32) "
"OP(4,5,5,6,4,4,4,4,14)",0,Solved,"0,0650"," (4t+2)","0,0695","(\infty, 20, \infty, 44) (10, 5, 12, 14, 42) (34, 29, 36, 38, 18) (13, 3, 16, 37, 27, 40) (1, 26, 4, 19) (25, 2, 28, 43) (7, 6, 9, 21) (31, 30, 33, 45) (17, 46, 15, 11, 0, 8, 47, 41, 22, 39, 35, 24, 32, 23) "
"OP(4,5,5,6,4,14,3,3,3,3)",0,Solved,"0,1710"," (4t+2)","0,1757","(\infty, 22, \infty, 46) (5, 13, 47, 19, 15) (29, 37, 23, 43, 39) (3, 18, 20, 27, 42, 44) (4, 7, 28, 31) (35, 6, 1, 12, 38, 8, 2, 11, 30, 25, 36, 14, 32, 26) (17, 0, 16) (41, 24, 40) (33, 10, 45) (9, 34, 21) "
"OP(14,6,6,4,4,4,4,4,4)",0,Solved,"0,0990"," (4t+2)","0,1047","(\infty, 32, 33, 1, 46, 21, 42, \infty, 18, 45, 22, 25, 9, 8) (17, 3, 40, 12, 5, 47) (41, 27, 16, 36, 29, 23) (2, 35, 13, 4) (26, 11, 37, 28) (31, 14, 6, 19) (7, 38, 30, 43) (44, 0, 10, 15) (20, 24, 34, 39) "
"OP(14,6,6,4,4,4,3,3,3,3)",0,Solved,"0,0940"," (4t+2)","0,0987","(\infty, 36, 3, 5, 11, 23, 10, \infty, 34, 47, 35, 29, 27, 12) (22, 21, 14, 31, 17, 44) (46, 45, 38, 7, 41, 20) (37, 18, 8, 19) (13, 42, 32, 43) (2, 6, 26, 30) (16, 39, 0) (40, 15, 24) (4, 9, 1) (28, 33, 25) "
"OP(14,6,6,3,3,3,3,3,3,3,3)",0,Solved,"0,0440"," (4t+2)","0,0483","(\infty, 12, 16, 13, 26, 32, 18, \infty, 42, 8, 2, 37, 40, 36) (25, 5, 38, 21, 39, 30) (1, 29, 14, 45, 15, 6) (35, 47, 10) (11, 23, 34) (0, 46, 19) (24, 22, 43) (33, 17, 7) (9, 41, 31) (44, 3, 4) (20, 27, 28) "
"OP(14,6,5,5,5,5,5,5)",0,Solved,"0,0780"," (4t+2)","0,0820","(\infty, 11, 43, 4, 0, 10, 41, \infty, 17, 34, 24, 28, 19, 35) (14, 42, 13, 38, 18, 37) (23, 1, 46, 9, 2) (47, 25, 22, 33, 26) (12, 6, 20, 5, 7) (36, 30, 44, 29, 31) (8, 21, 3, 15, 16) (32, 45, 27, 39, 40) "
"OP(14,6,5,5,5,5,4,3,3)",0,Solved,"0,0930"," (4t+2)","0,0975","(\infty, 44, 19, 9, 45, 14, 6, \infty, 30, 38, 21, 33, 43, 20) (1, 4, 46, 25, 28, 22) (0, 7, 23, 3, 18) (24, 31, 47, 27, 42) (11, 15, 13, 32, 10) (35, 39, 37, 8, 34) (40, 5, 16, 29) (2, 36, 41) (26, 12, 17) "
"OP(4,5,5,5,5,4,4,4,14)",0,Solved,"0,0920"," (4t+2)","0,0962","(\infty, 0, \infty, 24) (2, 3, 7, 5, 8) (26, 27, 31, 29, 32) (4, 9, 16, 30, 12) (28, 33, 40, 6, 36) (10, 19, 39, 20) (34, 43, 15, 44) (11, 22, 35, 46) (38, 17, 42, 25, 37, 21, 47, 14, 41, 18, 1, 13, 45, 23) "
"OP(4,5,5,5,5,14,3,3,3,3)",0,Solved,"0,0510"," (4t+2)","0,0554","(\infty, 2, \infty, 26) (4, 5, 7, 10, 17) (28, 29, 31, 34, 41) (22, 16, 27, 18, 43) (46, 40, 3, 42, 19) (21, 38, 23, 33, 15, 35, 13, 45, 14, 47, 9, 39, 11, 37) (0, 12, 8) (24, 36, 32) (1, 20, 6) (25, 44, 30) "
"OP(14,6,5,5,4,4,4,4,4)",0,Solved,"0,1530"," (4t+2)","0,1573","(\infty, 43, 17, 1, 21, 6, 15, \infty, 39, 30, 45, 25, 41, 19) (38, 2, 16, 14, 26, 40) (13, 10, 31, 18, 8) (37, 34, 7, 42, 32) (12, 5, 22, 11) (36, 29, 46, 35) (4, 44, 0, 23) (28, 20, 24, 47) (3, 9, 27, 33) "
"OP(14,6,5,5,4,4,3,3,3,3)",0,Solved,"0,1690"," (4t+2)","0,1728","(\infty, 43, 18, 2, 15, 35, 45, \infty, 21, 11, 39, 26, 42, 19) (4, 13, 40, 28, 37, 16) (20, 3, 17, 47, 46) (44, 27, 41, 23, 22) (6, 0, 33, 14) (30, 24, 9, 38) (7, 5, 10) (31, 29, 34) (12, 8, 1) (36, 32, 25) "
"OP(4,5,5,4,4,4,4,14,3,3)",0,Solved,"0,0540"," (4t+2)","0,0583","(\infty, 3, \infty, 27) (4, 5, 7, 13, 17) (28, 29, 31, 37, 41) (30, 10, 1, 22) (6, 34, 25, 46) (26, 11, 8, 15) (2, 35, 32, 39) (23, 40, 18, 36, 20, 45, 9, 47, 16, 42, 12, 44, 21, 33) (0, 14, 19) (24, 38, 43) "
"OP(4,5,5,4,14,3,3,3,3,3,3)",0,Solved,"0,0750"," (4t+2)","0,0788","(\infty, 18, \infty, 42) (19, 47, 14, 35, 45) (43, 23, 38, 11, 21) (36, 17, 12, 41) (16, 29, 15, 9, 0, 31, 8, 40, 5, 39, 33, 24, 7, 32) (46, 6, 10) (22, 30, 34) (13, 20, 2) (37, 44, 26) (3, 4, 1) (27, 28, 25) "
"OP(14,6,4,4,4,4,4,4,3,3)",0,Solved,"0,0890"," (4t+2)","0,0926","(\infty, 17, 46, 23, 45, 13, 43, \infty, 19, 37, 21, 47, 22, 41) (11, 39, 18, 35, 15, 42) (0, 5, 12, 9) (24, 29, 36, 33) (34, 20, 7, 1) (10, 44, 31, 25) (4, 8, 16, 6) (28, 32, 40, 30) (14, 3, 2) (38, 27, 26) "
"OP(14,6,4,4,4,3,3,3,3,3,3)",0,Solved,"0,1110"," (4t+2)","0,1154","(\infty, 42, 34, 14, 35, 32, 6, \infty, 30, 8, 11, 38, 10, 18) (39, 2, 40, 15, 26, 16) (29, 33, 45, 47) (5, 9, 21, 23) (41, 24, 17, 0) (44, 43, 28) (20, 19, 4) (1, 7, 36) (25, 31, 12) (3, 46, 37) (27, 22, 13) "
"OP(14,6,3,3,3,3,3,3,3,3,3,3)",0,Solved,"0,1530"," (4t+2)","0,1568","(\infty, 36, 25, 40, 43, 5, 4, \infty, 28, 29, 19, 16, 1, 12) (47, 42, 44, 23, 18, 20) (38, 6, 31) (14, 30, 7) (27, 10, 39) (3, 34, 15) (37, 46, 33) (13, 22, 9) (41, 21, 35) (17, 45, 11) (26, 8, 0) (2, 32, 24) "
"OP(14,5,5,5,5,5,5,3,3)",0,Solved,"0,1160"," (4t+2)","0,1198","(\infty, 42, 23, 13, 12, 21, 38, \infty, 14, 45, 36, 37, 47, 18) (22, 8, 35, 19, 44) (46, 32, 11, 43, 20) (17, 4, 16, 27, 9) (41, 28, 40, 3, 33) (1, 5, 2, 0, 7) (25, 29, 26, 24, 31) (34, 6, 39) (10, 30, 15) "
"OP(4,4,4,4,5,5,5,5,14)",0,Solved,"0,0470"," (4t+2)","0,0512","(\infty, 2, \infty, 26) (11, 4, 6, 14) (35, 28, 30, 38) (24, 5, 0, 29) (16, 39, 12, 1, 7) (40, 15, 36, 25, 31) (22, 21, 8, 20, 42) (46, 45, 32, 44, 18) (9, 41, 10, 43, 13, 3, 47, 33, 17, 34, 19, 37, 27, 23) "
"OP(14,5,5,5,5,4,4,4,4)",0,Solved,"0,0770"," (4t+2)","0,0811","(\infty, 30, 3, 0, 11, 21, 20, \infty, 44, 45, 35, 24, 27, 6) (13, 46, 32, 12, 42) (37, 22, 8, 36, 18) (10, 5, 1, 7, 19) (34, 29, 25, 31, 43) (14, 39, 23, 40) (38, 15, 47, 16) (17, 4, 2, 9) (41, 28, 26, 33) "
"OP(14,5,5,5,5,4,3,3,3,3)",0,Solved,"0,3100"," (4t+2)","0,3162","(\infty, 12, 41, 18, 45, 30, 14, \infty, 38, 6, 21, 42, 17, 36) (5, 16, 11, 19, 33) (29, 40, 35, 43, 9) (20, 37, 7, 46, 10) (44, 13, 31, 22, 34) (1, 23, 25, 47) (15, 2, 8) (39, 26, 32) (3, 0, 4) (27, 24, 28) "
"OP(4,4,4,5,5,4,4,14,3,3)",0,Solved,"0,1220"," (4t+2)","0,1286","(\infty, 2, \infty, 26) (12, 32, 33, 19) (36, 8, 9, 43) (38, 42, 44, 1, 17) (14, 18, 20, 25, 41) (22, 16, 7, 47) (46, 40, 31, 23) (3, 15, 4, 21, 6, 35, 5, 27, 39, 28, 45, 30, 11, 29) (0, 10, 13) (24, 34, 37) "
"OP(4,4,5,5,14,3,3,3,3,3,3)",0,Solved,"0,0480"," (4t+2)","0,0522","(\infty, 17, \infty, 41) (16, 5, 40, 29) (23, 7, 22, 45, 3) (47, 31, 46, 21, 27) (9, 10, 6, 8, 15, 42, 11, 33, 34, 30, 32, 39, 18, 35) (4, 13, 1) (28, 37, 25) (2, 12, 20) (26, 36, 44) (0, 19, 14) (24, 43, 38) "
"OP(14,5,5,4,4,4,4,4,3,3)",0,Solved,"0,0650"," (4t+2)","0,0703","(\infty, 2, 27, 37, 46, 25, 42, \infty, 18, 1, 22, 13, 3, 26) (4, 34, 41, 35, 6) (28, 10, 17, 11, 30) (38, 43, 44, 24) (14, 19, 20, 0) (36, 33, 45, 32) (12, 9, 21, 8) (47, 39, 23, 15) (29, 40, 7) (5, 16, 31) "
"OP(14,5,5,4,4,3,3,3,3,3,3)",0,Solved,"0,3270"," (4t+2)","0,3311","(\infty, 22, 4, 41, 19, 38, 18, \infty, 42, 14, 43, 17, 28, 46) (23, 16, 12, 0, 8) (47, 40, 36, 24, 32) (1, 11, 2, 15) (25, 35, 26, 39) (9, 6, 7) (33, 30, 31) (5, 10, 37) (29, 34, 13) (45, 3, 20) (21, 27, 44) "
"OP(4,4,4,4,4,4,4,4,4,14)",0,Solved,"0,0450"," (4t+2)","0,0492","(\infty, 1, \infty, 25) (8, 3, 5, 2) (32, 27, 29, 26) (0, 10, 11, 4) (24, 34, 35, 28) (6, 36, 23, 14) (30, 12, 47, 38) (18, 33, 19, 7) (42, 9, 43, 31) (41, 13, 45, 16, 39, 22, 44, 17, 37, 21, 40, 15, 46, 20) "
"OP(4,4,4,4,4,4,14,3,3,3,3)",0,Solved,"0,1330"," (4t+2)","0,1376","(\infty, 45, \infty, 21) (4, 2, 6, 15) (28, 26, 30, 39) (5, 19, 36, 20) (29, 43, 12, 44) (9, 10, 33, 34) (13, 23, 11, 41, 22, 42, 16, 37, 47, 35, 17, 46, 18, 40) (1, 7, 14) (25, 31, 38) (3, 0, 8) (27, 24, 32) "
"OP(4,4,4,14,3,3,3,3,3,3,3,3)",0,Solved,"0,1340"," (4t+2)","0,1380","(\infty, 15, \infty, 39) (37, 47, 22, 43) (13, 23, 46, 19) (0, 31, 34, 8, 28, 36, 38, 24, 7, 10, 32, 4, 12, 14) (5, 9, 44) (29, 33, 20) (30, 35, 42) (6, 11, 18) (21, 3, 40) (45, 27, 16) (26, 41, 25) (2, 17, 1) "
"OP(14,4,4,4,4,4,4,4,4,4)",0,Solved,"0,0460"," (4t+2)","0,0505","(\infty, 15, 44, 10, 1, 26, 29, \infty, 5, 2, 25, 34, 20, 39) (19, 40, 8, 30) (43, 16, 32, 6) (42, 7, 37, 35) (18, 31, 13, 11) (36, 0, 33, 41) (12, 24, 9, 17) (21, 22, 28, 38) (45, 46, 4, 14) (27, 23, 3, 47) "
"OP(14,4,4,4,4,4,4,3,3,3,3)",0,Solved,"0,0770"," (4t+2)","0,0806","(\infty, 21, 44, 10, 8, 0, 9, \infty, 33, 24, 32, 34, 20, 45) (36, 16, 4, 17) (12, 40, 28, 41) (39, 13, 6, 22) (15, 37, 30, 46) (18, 3, 14, 19) (42, 27, 38, 43) (11, 7, 1) (35, 31, 25) (47, 29, 2) (23, 5, 26) "
"OP(14,4,4,4,3,3,3,3,3,3,3,3)",0,Solved,"0,0860"," (4t+2)","0,0892","(\infty, 44, 23, 15, 5, 19, 36, \infty, 12, 43, 29, 39, 47, 20) (37, 11, 41, 8) (13, 35, 17, 32) (1, 2, 25, 26) (42, 22, 31) (18, 46, 7) (4, 10, 6) (28, 34, 30) (0, 16, 3) (24, 40, 27) (21, 9, 14) (45, 33, 38) "
"OP(14,3,3,3,3,3,3,3,3,3,3,3,3)",0,Solved,"0,2020"," (4t+2)","0,2063","(\infty, 39, 30, 2, 8, 37, 5, \infty, 29, 13, 32, 26, 6, 15) (36, 3, 25) (12, 27, 1) (45, 9, 40) (21, 33, 16) (47, 7, 34) (23, 31, 10) (0, 38, 4) (24, 14, 28) (42, 35, 17) (18, 11, 41) (43, 44, 46) (19, 20, 22) "
"OP(12,13,13,12)",0,Solved,"0,0520"," (4t+2)","0,0561","(\infty, 12, 47, 20, 38, 16, \infty, 40, 14, 44, 23, 36) (6, 21, 37, 17, 46, 35, 18, 8, 1, 2, 10, 19, 31) (30, 45, 13, 41, 22, 11, 42, 32, 25, 26, 34, 43, 7) (15, 9, 4, 0, 3, 5, 39, 33, 28, 24, 27, 29) "
"OP(4,13,13,8,12)",0,Solved,"0,0450"," (4t+2)","0,0498","(\infty, 17, \infty, 41) (3, 10, 20, 40, 19, 32, 47, 15, 46, 21, 7, 6, 1) (27, 34, 44, 16, 43, 8, 23, 39, 22, 45, 31, 30, 25) (2, 5, 9, 38, 26, 29, 33, 14) (4, 12, 18, 0, 11, 37, 28, 36, 42, 24, 35, 13) "
"OP(8,13,13,12,4)",0,Solved,"0,0490"," (4t+2)","0,0528","(\infty, 6, 16, 32, \infty, 8, 40, 30) (18, 46, 19, 12, 7, 4, 0, 2, 3, 9, 17, 34, 47) (42, 22, 43, 36, 31, 28, 24, 26, 27, 33, 41, 10, 23) (14, 39, 21, 35, 13, 1, 38, 15, 45, 11, 37, 25) (20, 5, 44, 29) "
"OP(6,13,13,6,12)",0,Solved,"0,1210"," (4t+2)","0,1249","(\infty, 16, 34, \infty, 10, 40) (45, 6, 38, 35, 47, 4, 5, 3, 43, 18, 37, 41, 8) (21, 30, 14, 11, 23, 28, 29, 27, 19, 42, 13, 17, 32) (2, 36, 9, 26, 12, 33) (22, 0, 20, 7, 1, 39, 46, 24, 44, 31, 25, 15) "
"OP(6,13,13,12,3,3)",0,Solved,"0,1410"," (4t+2)","0,1446","(\infty, 20, 2, \infty, 26, 44) (11, 42, 8, 13, 39, 46, 21, 6, 0, 38, 10, 19, 40) (35, 18, 32, 37, 15, 22, 45, 30, 24, 14, 34, 43, 16) (1, 3, 4, 7, 23, 12, 25, 27, 28, 31, 47, 36) (5, 17, 9) (29, 41, 33) "
"OP(4,13,13,4,4,12)",0,Solved,"0,0420"," (4t+2)","0,0459","(\infty, 18, \infty, 42) (3, 4, 11, 21, 36, 17, 47, 15, 43, 31, 10, 6, 1) (27, 28, 35, 45, 12, 41, 23, 39, 19, 7, 34, 30, 25) (2, 8, 16, 5) (26, 32, 40, 29) (20, 37, 14, 0, 9, 22, 44, 13, 38, 24, 33, 46) "
"OP(14,12)",0,Solved,"0,1030"," (4t+2)","0,1063","(\infty, \infty, 23, 43, 14, 44, 9, 5, 29, 33, 20, 38, 19, 47) (22, 7, 39, 8, 13, 40, 46, 31, 15, 32, 37, 16) "
"OP(4,12,8)",0,Solved,"0,0440"," (4t+2)","0,0478","(\infty, 6, \infty, 30) (41, 16, 44, 15, 10, 2, 17, 40, 20, 39, 34, 26) (35, 19, 1, 23, 11, 43, 25, 47) "
"OP(14,8,4)",0,Solved,"0,0450"," (4t+2)","0,0489","(\infty, 6, 16, 32, 18, 47, 22, \infty, 46, 23, 42, 8, 40, 30) (12, 7, 4, 0, 36, 31, 28, 24) (2, 3, 26, 27) "
"OP(6,12,6)",0,Solved,"0,0450"," (4t+2)","0,0486","(\infty, 42, 14, \infty, 38, 18) (13, 5, 3, 6, 11, 22, 37, 29, 27, 30, 35, 46) (4, 0, 16, 28, 24, 40) "
"OP(14,6,6)",0,Solved,"0,0510"," (4t+2)","0,0550","(\infty, \infty, 23, 38, 13, 5, 3, 9, 33, 27, 29, 37, 14, 47) (20, 7, 4, 0, 34, 18) (44, 31, 28, 24, 10, 42) "
"OP(14,6,3,3)",0,Solved,"0,0650"," (4t+2)","0,0690","(\infty, 3, 4, 6, 9, 21, 5, \infty, 29, 45, 33, 30, 28, 27) (44, 15, 1, 20, 39, 25) (16, 26, 13) (40, 2, 37) "
"OP(4,12,4,4)",0,Solved,"0,0480"," (4t+2)","0,0516","(\infty, 1, \infty, 25) (2, 3, 9, 5, 13, 11, 26, 27, 33, 29, 37, 35) (6, 19, 36, 22) (30, 43, 12, 46) "
"OP(14,4,4,4)",0,Solved,"0,0490"," (4t+2)","0,0528","(\infty, 6, 16, 39, 21, 32, 46, \infty, 22, 8, 45, 15, 40, 30) (12, 7, 4, 0) (36, 31, 28, 24) (2, 3, 26, 27) "
"OP(14,3,3,3,3)",0,Solved,"0,0530"," (4t+2)","0,0580","(\infty, 3, 8, 20, 18, 46, 23, \infty, 47, 22, 42, 44, 32, 27) (19, 45, 11) (43, 21, 35) (4, 7, 1) (28, 31, 25) "
"OP(4,10,10)",0,Solved,"0,0470"," (4t+2)","0,0509","(\infty, 20, \infty, 44) (6, 15, 23, 10, 43, 21, 7, 0, 18, 2) (30, 39, 47, 34, 19, 45, 31, 24, 42, 26) "
"OP(10,10,4)",0,Solved,"0,1960"," (4t+2)","0,2003","(\infty, 20, 9, 2, 4, \infty, 28, 26, 33, 44) (36, 10, 19, 35, 47, 12, 34, 43, 11, 23) (46, 15, 22, 39) "
"OP(6,10,8)",0,Solved,"0,0400"," (4t+2)","0,0439","(\infty, 2, 4, \infty, 28, 26) (5, 6, 11, 14, 42, 29, 30, 35, 38, 18) (16, 27, 17, 34, 40, 3, 41, 10) "
"OP(8,10,6)",0,Solved,"0,1570"," (4t+2)","0,1608","(\infty, 16, 38, 10, \infty, 34, 14, 40) (43, 1, 37, 12, 22, 19, 25, 13, 36, 46) (2, 3, 35, 26, 27, 11) "
"OP(8,10,3,3)",0,Solved,"0,0450"," (4t+2)","0,0490","(\infty, 43, 17, 45, \infty, 21, 41, 19) (15, 5, 16, 35, 12, 39, 29, 40, 11, 36) (6, 1, 9) (30, 25, 33) "
"OP(4,10,6,4)",0,Solved,"0,0760"," (4t+2)","0,0808","(\infty, 35, \infty, 11) (0, 1, 4, 15, 44, 24, 25, 28, 39, 20) (21, 13, 23, 45, 37, 47) (8, 17, 32, 41) "
"OP(4,10,5,5)",0,Solved,"0,0430"," (4t+2)","0,0479","(\infty, 13, \infty, 37) (38, 0, 15, 8, 22, 14, 24, 39, 32, 46) (28, 10, 1, 30, 17) (4, 34, 25, 6, 41) "
"OP(6,10,4,4)",0,Solved,"0,0460"," (4t+2)","0,0502","(\infty, 38, 10, \infty, 34, 14) (13, 5, 3, 9, 22, 37, 29, 27, 33, 46) (7, 4, 0, 17) (31, 28, 24, 41) "
"OP(4,10,4,3,3)",0,Solved,"0,1140"," (4t+2)","0,1174","(\infty, 18, \infty, 42) (2, 29, 6, 7, 46, 26, 5, 30, 31, 22) (3, 35, 27, 11) (28, 41, 15) (4, 17, 39) "
"OP(14,12,10,10,4)",0,Solved,"0,0490"," (4t+2)","0,0529","(\infty, 8, 18, 34, 15, 33, 46, \infty, 22, 9, 39, 10, 42, 32) (13, 7, 4, 0, 2, 3, 37, 31, 28, 24, 26, 27) (6, 14, 21, 41, 19, 40, 23, 35, 12, 1) (30, 38, 45, 17, 43, 16, 47, 11, 36, 25) (20, 5, 44, 29) "
"OP(6,9,9)",0,Solved,"0,1190"," (4t+2)","0,1227","(\infty, 4, 42, \infty, 18, 28) (5, 6, 8, 13, 7, 0, 9, 12, 16) (29, 30, 32, 37, 31, 24, 33, 36, 40) "
"OP(14,12,10,8,6)",0,Solved,"0,0660"," (4t+2)","0,0712","(\infty, 17, 12, 40, 6, 14, 47, \infty, 23, 38, 30, 16, 36, 41) (9, 3, 5, 21, 10, 11, 33, 27, 29, 45, 34, 35) (19, 42, 32, 2, 46, 43, 18, 8, 26, 22) (4, 39, 0, 7, 28, 15, 24, 31) (1, 20, 37, 25, 44, 13) "
"OP(14,12,10,8,3,3)",0,Solved,"0,2000"," (4t+2)","0,2044","(\infty, 2, 4, 7, 17, 34, 22, \infty, 46, 10, 41, 31, 28, 26) (43, 15, 44, 18, 5, 1, 19, 39, 20, 42, 29, 25) (21, 36, 11, 38, 6, 45, 12, 35, 14, 30) (40, 0, 37, 23, 16, 24, 13, 47) (8, 9, 3) (32, 33, 27) "
"OP(14,12,10,7,7)",0,Solved,"0,0680"," (4t+2)","0,0714","(\infty, 4, 5, 7, 2, 11, 32, \infty, 8, 35, 26, 31, 29, 28) (44, 15, 3, 17, 21, 38, 20, 39, 27, 41, 45, 14) (6, 0, 10, 13, 46, 30, 24, 34, 37, 22) (47, 12, 1, 9, 16, 42, 19) (23, 36, 25, 33, 40, 18, 43) "
"OP(4,10,6,4)",0,Solved,"0,0820"," (4t+2)","0,0868","(\infty, 35, \infty, 11) (0, 1, 4, 15, 44, 24, 25, 28, 39, 20) (21, 13, 23, 45, 37, 47) (8, 17, 32, 41) "
"OP(4,10,5,5)",0,Solved,"0,0460"," (4t+2)","0,0496","(\infty, 13, \infty, 37) (38, 0, 15, 8, 22, 14, 24, 39, 32, 46) (28, 10, 1, 30, 17) (4, 34, 25, 6, 41) "
"OP(14,12,10,6,4,4)",0,Solved,"0,0690"," (4t+2)","0,0780","(\infty, 34, 20, 38, 35, 47, 0, \infty, 24, 23, 11, 14, 44, 10) (6, 4, 32, 37, 15, 46, 30, 28, 8, 13, 39, 22) (5, 43, 2, 17, 42, 29, 19, 26, 41, 18) (36, 25, 33, 12, 1, 9) (7, 16, 45, 3) (31, 40, 21, 27) "
"OP(14,12,10,5,5,4)",0,Solved,"0,2940"," (4t+2)","0,2983","(\infty, 24, 35, 25, 44, 23, 14, \infty, 38, 47, 20, 1, 11, 0) (43, 45, 27, 2, 36, 41, 19, 21, 3, 26, 12, 17) (9, 42, 7, 39, 32, 33, 18, 31, 15, 8) (5, 22, 28, 16, 13) (29, 46, 4, 40, 37) (34, 30, 10, 6) "
"OP(4,10,4,3,3)",0,Solved,"0,1110"," (4t+2)","0,1144","(\infty, 18, \infty, 42) (2, 29, 6, 7, 46, 26, 5, 30, 31, 22) (3, 35, 27, 11) (28, 41, 15) (4, 17, 39) "
"OP(14,12,10,4,4,3,3)",0,Solved,"0,0620"," (4t+2)","0,0667","(\infty, 28, 47, 38, 25, 45, 30, \infty, 6, 21, 1, 14, 23, 4) (34, 33, 43, 41, 0, 27, 10, 9, 19, 17, 24, 3) (35, 5, 31, 39, 36, 11, 29, 7, 15, 12) (44, 40, 46, 32) (20, 16, 22, 8) (42, 37, 26) (18, 13, 2) "
"OP(14,12,9,9,6)",0,Solved,"0,0970"," (4t+2)","0,1011","(\infty, 19, 8, 0, 1, 3, 39, \infty, 15, 27, 25, 24, 32, 43) (2, 5, 9, 4, 10, 17, 26, 29, 33, 28, 34, 41) (7, 22, 38, 21, 42, 23, 36, 11, 37) (31, 46, 14, 45, 18, 47, 12, 35, 13) (30, 44, 16, 6, 20, 40) "
"OP(14,12,9,9,3,3)",0,Solved,"0,0410"," (4t+2)","0,0451","(\infty, 4, 14, 30, 15, 46, 16, \infty, 40, 22, 39, 6, 38, 28) (36, 17, 37, 10, 21, 47, 12, 41, 13, 34, 45, 23) (7, 1, 2, 9, 18, 32, 44, 19, 11) (31, 25, 26, 33, 42, 8, 20, 43, 35) (0, 5, 3) (24, 29, 27) "
"OP(8,8,8)",0,Solved,"0,0470"," (4t+2)","0,0509","(\infty, 46, 8, 36, \infty, 12, 32, 22) (47, 21, 35, 16, 4, 19, 37, 20) (23, 45, 11, 40, 28, 43, 13, 44) "
"OP(4,8,8,4)",0,Solved,"0,0480"," (4t+2)","0,0524","(\infty, 22, \infty, 46) (9, 5, 6, 3, 12, 44, 14, 4) (33, 29, 30, 27, 36, 20, 38, 28) (0, 11, 24, 35) "
"OP(13,13,9,7,5,3)",,Infeasible,,Table config is not valid,,
"OP(8,8,4,4)",0,Solved,"0,2080"," (4t+2)","0,2116","(\infty, 42, 12, 4, \infty, 28, 36, 18) (7, 3, 5, 19, 31, 27, 29, 43) (6, 0, 10, 32) (30, 24, 34, 8) "
"OP(4,8,6,6)",0,Solved,"0,0780"," (4t+2)","0,0821","(\infty, 30, \infty, 6) (3, 0, 11, 37, 27, 24, 35, 13) (40, 17, 38, 20, 12, 21) (16, 41, 14, 44, 36, 45) "
"OP(6,8,6,4)",0,Solved,"0,2210"," (4t+2)","0,2251","(\infty, 0, 2, \infty, 26, 24) (1, 4, 3, 7, 25, 28, 27, 31) (5, 10, 16, 29, 34, 40) (6, 13, 30, 37) "
"OP(4,8,6,3,3)",0,Solved,"0,1180"," (4t+2)","0,1223","(\infty, 20, \infty, 44) (36, 29, 0, 40, 12, 5, 24, 16) (1, 4, 42, 25, 28, 18) (10, 22, 33) (34, 46, 9) "
"OP(6,8,5,5)",0,Solved,"0,0680"," (4t+2)","0,0725","(\infty, 39, 13, \infty, 37, 15) (23, 5, 21, 6, 47, 29, 45, 30) (3, 9, 1, 20, 41) (27, 33, 25, 44, 17) "
"OP(6,8,4,3,3)",0,Solved,"0,1550"," (4t+2)","0,1589","(\infty, 45, 19, \infty, 43, 21) (12, 2, 13, 22, 36, 26, 37, 46) (17, 32, 41, 8) (20, 47, 16) (44, 23, 40) "
"OP(4,8,4,4,4)",0,Solved,"0,0460"," (4t+2)","0,0491","(\infty, 1, \infty, 25) (2, 3, 0, 4, 26, 27, 24, 28) (23, 5, 7, 14) (47, 29, 31, 38) (19, 6, 43, 30) "
"OP(4,8,3,3,3,3)",0,Solved,"0,1810"," (4t+2)","0,1855","(\infty, 41, \infty, 17) (43, 29, 6, 12, 19, 5, 30, 36) (13, 40, 21) (37, 16, 45) (8, 4, 34) (32, 28, 10) "
"OP(14,12,8,8,8)",0,Solved,"0,0560"," (4t+2)","0,0605","(\infty, 5, 13, 19, 6, 15, 33, \infty, 9, 39, 30, 43, 37, 29) (12, 7, 4, 0, 2, 3, 36, 31, 28, 24, 26, 27) (14, 46, 10, 47, 16, 41, 21, 35) (38, 22, 34, 23, 40, 17, 45, 11) (8, 1, 20, 42, 32, 25, 44, 18) "
"OP(4,8,8,4)",0,Solved,"0,0470"," (4t+2)","0,0504","(\infty, 22, \infty, 46) (9, 5, 6, 3, 12, 44, 14, 4) (33, 29, 30, 27, 36, 20, 38, 28) (0, 11, 24, 35) "
"OP(14,12,8,8,4,4)",0,Solved,"0,0660"," (4t+2)","0,0700","(\infty, 33, 20, 8, 5, 6, 1, \infty, 25, 30, 29, 32, 44, 9) (4, 10, 19, 17, 2, 12, 28, 34, 43, 41, 26, 36) (47, 21, 40, 22, 39, 18, 38, 13) (23, 45, 16, 46, 15, 42, 14, 37) (7, 0, 11, 3) (31, 24, 35, 27) "
"OP(4,7,7,6)",0,Solved,"0,0410"," (4t+2)","0,0460","(\infty, 5, \infty, 29) (6, 12, 11, 22, 34, 21, 13) (30, 36, 35, 46, 10, 45, 37) (0, 18, 2, 24, 42, 26) "
"OP(6,7,7,4)",0,Solved,"0,0800"," (4t+2)","0,0856","(\infty, 30, 46, \infty, 22, 6) (34, 8, 20, 2, 35, 28, 47) (10, 32, 44, 26, 11, 4, 23) (1, 40, 25, 16) "
"OP(4,7,7,3,3)",0,Solved,"0,0420"," (4t+2)","0,0477","(\infty, 38, \infty, 14) (42, 40, 13, 28, 8, 22, 0) (18, 16, 37, 4, 32, 46, 24) (10, 7, 30) (34, 31, 6) "
"OP(14,12,8,6,6,4)",0,Solved,"0,0740"," (4t+2)","0,0798","(\infty, 1, 6, 14, 7, 4, 13, \infty, 37, 28, 31, 38, 30, 25) (12, 44, 16, 5, 9, 22, 36, 20, 40, 29, 33, 46) (3, 15, 17, 0, 27, 39, 41, 24) (21, 11, 10, 43, 18, 47) (45, 35, 34, 19, 42, 23) (8, 2, 32, 26) "
"OP(14,12,8,6,5,5)",0,Solved,"0,1100"," (4t+2)","0,1152","(\infty, 12, 11, 42, 20, 10, 16, \infty, 40, 34, 44, 18, 35, 36) (28, 30, 41, 8, 13, 45, 4, 6, 17, 32, 37, 21) (46, 1, 5, 14, 22, 25, 29, 38) (0, 27, 47, 24, 3, 23) (39, 26, 7, 43, 9) (15, 2, 31, 19, 33) "
"OP(14,12,8,6,4,3,3)",0,Solved,"0,0870"," (4t+2)","0,0905","(\infty, 43, 18, 46, 9, 11, 1, \infty, 25, 35, 33, 22, 42, 19) (10, 40, 6, 12, 44, 13, 34, 16, 30, 36, 20, 37) (7, 8, 3, 39, 31, 32, 27, 15) (0, 4, 17, 24, 28, 41) (14, 5, 38, 29) (47, 21, 2) (23, 45, 26) "
"OP(14,12,8,5,5,3,3)",0,Solved,"0,1370"," (4t+2)","0,1410","(\infty, 10, 16, 6, 23, 15, 4, \infty, 28, 39, 47, 30, 40, 34) (11, 8, 44, 22, 1, 2, 35, 32, 20, 46, 25, 26) (43, 18, 5, 0, 19, 42, 29, 24) (14, 7, 21, 3, 12) (38, 31, 45, 27, 36) (41, 13, 9) (17, 37, 33) "
"OP(4,8,4,4,4)",0,Solved,"0,0450"," (4t+2)","0,0489","(\infty, 1, \infty, 25) (2, 3, 0, 4, 26, 27, 24, 28) (23, 5, 7, 14) (47, 29, 31, 38) (19, 6, 43, 30) "
"OP(14,12,8,4,4,4,4)",0,Solved,"0,1560"," (4t+2)","0,1595","(\infty, 42, 11, 3, 5, 14, 46, \infty, 22, 38, 29, 27, 35, 18) (20, 41, 21, 43, 9, 8, 44, 17, 45, 19, 33, 32) (4, 1, 12, 47, 28, 25, 36, 23) (15, 0, 10, 40) (39, 24, 34, 16) (6, 2, 7, 13) (30, 26, 31, 37) "
"OP(14,12,8,4,3,3,3,3)",0,Solved,"0,2800"," (4t+2)","0,2837","(\infty, 21, 1, 47, 7, 42, 3, \infty, 27, 18, 31, 23, 25, 45) (46, 20, 37, 34, 4, 15, 22, 44, 13, 10, 28, 39) (16, 32, 36, 11, 40, 8, 12, 35) (19, 9, 43, 33) (17, 38, 2) (41, 14, 26) (6, 0, 5) (30, 24, 29) "
"OP(4,6,7,7)",0,Solved,"0,0690"," (4t+2)","0,0725","(\infty, 10, \infty, 34) (14, 0, 15, 38, 24, 39) (42, 22, 13, 3, 1, 6, 7) (18, 46, 37, 27, 25, 30, 31) "
"OP(14,12,7,7,6,4)",0,Solved,"0,0490"," (4t+2)","0,0534","(\infty, 18, 6, 17, 34, 15, 36, \infty, 12, 39, 10, 41, 30, 42) (22, 40, 20, 45, 19, 11, 46, 16, 44, 21, 43, 35) (8, 1, 2, 4, 7, 23, 14) (32, 25, 26, 28, 31, 47, 38) (9, 5, 0, 33, 29, 24) (13, 3, 37, 27) "
"OP(14,12,7,7,5,5)",0,Solved,"0,0510"," (4t+2)","0,0554","(\infty, 35, 7, 34, 32, 38, 3, \infty, 27, 14, 8, 10, 31, 11) (47, 39, 43, 24, 36, 37, 23, 15, 19, 0, 12, 13) (30, 45, 40, 2, 28, 46, 5) (6, 21, 16, 26, 4, 22, 29) (44, 33, 42, 25, 41) (20, 9, 18, 1, 17) "
"OP(14,12,7,7,4,3,3)",0,Solved,"0,1950"," (4t+2)","0,1980","(\infty, 25, 26, 19, 0, 18, 21, \infty, 45, 42, 24, 43, 2, 1) (15, 17, 5, 10, 27, 6, 39, 41, 29, 34, 3, 30) (9, 32, 16, 36, 47, 7, 13) (33, 8, 40, 12, 23, 31, 37) (4, 14, 28, 38) (44, 22, 35) (20, 46, 11) "
"OP(6,6,6,6)",0,Solved,"0,0440"," (4t+2)","0,0487","(\infty, 14, 44, \infty, 20, 38) (13, 5, 3, 6, 11, 42) (37, 29, 27, 30, 35, 18) (4, 0, 15, 28, 24, 39) "
"OP(6,6,6,3,3)",0,Solved,"0,0750"," (4t+2)","0,0796","(\infty, 40, 18, \infty, 42, 16) (3, 28, 10, 2, 9, 13) (27, 4, 34, 26, 33, 37) (46, 1, 14) (22, 25, 38) "
"OP(4,6,6,4,4)",0,Solved,"0,0440"," (4t+2)","0,0480","(\infty, 20, \infty, 44) (46, 13, 5, 3, 9, 23) (22, 37, 29, 27, 33, 47) (7, 4, 0, 16) (31, 28, 24, 40) "
"OP(4,6,5,5,4)",0,Solved,"0,1000"," (4t+2)","0,1051","(\infty, 22, \infty, 46) (14, 2, 7, 38, 26, 31) (44, 16, 12, 1, 15) (20, 40, 36, 25, 39) (5, 4, 29, 28) "
"OP(6,6,4,4,4)",0,Solved,"0,1520"," (4t+2)","0,1561","(\infty, 19, 47, \infty, 23, 43) (15, 0, 1, 39, 24, 25) (6, 18, 9, 4) (30, 42, 33, 28) (7, 44, 31, 20) "
"OP(6,6,3,3,3,3)",0,Solved,"0,0530"," (4t+2)","0,0585","(\infty, 14, 8, \infty, 32, 38) (3, 18, 6, 27, 42, 30) (7, 5, 40) (31, 29, 16) (20, 1, 15) (44, 25, 39) "
"OP(4,6,4,4,3,3)",0,Solved,"0,1010"," (4t+2)","0,1048","(\infty, 11, \infty, 35) (18, 15, 43, 42, 39, 19) (9, 40, 25, 4) (33, 16, 1, 28) (37, 7, 17) (13, 31, 41) "
"OP(14,12,6,6,6,6)",0,Solved,"0,0640"," (4t+2)","0,0677","(\infty, 10, 18, 7, 33, 6, 40, \infty, 16, 30, 9, 31, 42, 34) (0, 44, 3, 45, 43, 8, 24, 20, 27, 21, 19, 32) (17, 47, 4, 14, 29, 46) (41, 23, 28, 38, 5, 22) (15, 35, 26, 1, 13, 12) (39, 11, 2, 25, 37, 36) "
"OP(14,12,6,6,6,3,3)",0,Solved,"0,1870"," (4t+2)","0,1910","(\infty, 1, 6, 10, 3, 14, 35, \infty, 11, 38, 27, 34, 30, 25) (43, 42, 16, 44, 13, 0, 19, 18, 40, 20, 37, 24) (9, 7, 4, 12, 46, 21) (33, 31, 28, 36, 22, 45) (47, 15, 5, 23, 39, 29) (2, 8, 17) (26, 32, 41) "
"OP(4,5,5,6,4)",0,Solved,"0,0410"," (4t+2)","0,0457","(\infty, 2, \infty, 26) (3, 4, 7, 11, 1) (27, 28, 31, 35, 25) (5, 14, 41, 29, 38, 17) (8, 19, 32, 43) "
"OP(14,12,6,6,4,4,4)",0,Solved,"0,0770"," (4t+2)","0,0812","(\infty, 16, 0, 20, 43, 10, 22, \infty, 46, 34, 19, 44, 24, 40) (47, 12, 2, 8, 15, 45, 23, 36, 26, 32, 39, 21) (14, 35, 18, 7, 4, 13) (38, 11, 42, 31, 28, 37) (5, 3, 17, 9) (29, 27, 41, 33) (1, 6, 25, 30) "
"OP(14,12,6,6,3,3,3,3)",0,Solved,"0,0560"," (4t+2)","0,0602","(\infty, 47, 29, 7, 28, 9, 43, \infty, 19, 33, 4, 31, 5, 23) (46, 0, 32, 20, 30, 39, 22, 24, 8, 44, 6, 15) (45, 3, 16, 17, 12, 1) (21, 27, 40, 41, 36, 25) (18, 26, 11) (42, 2, 35) (37, 14, 34) (13, 38, 10) "
"OP(4,5,5,5,5)",0,Solved,"0,0450"," (4t+2)","0,0481","(\infty, 1, \infty, 25) (8, 3, 6, 2, 0) (32, 27, 30, 26, 24) (31, 4, 5, 11, 18) (7, 28, 29, 35, 42) "
"OP(14,12,6,5,5,4,4)",0,Solved,"0,1740"," (4t+2)","0,1788","(\infty, 5, 19, 10, 6, 0, 3, \infty, 27, 24, 30, 34, 43, 29) (11, 4, 2, 1, 12, 20, 35, 28, 26, 25, 36, 44) (16, 46, 23, 40, 22, 47) (7, 39, 13, 32, 42) (31, 15, 37, 8, 18) (9, 14, 41, 21) (33, 38, 17, 45) "
"OP(4,5,5,4,3,3)",0,Solved,"0,0630"," (4t+2)","0,0673","(\infty, 22, \infty, 46) (39, 18, 44, 9, 21) (15, 42, 20, 33, 45) (12, 2, 36, 26) (6, 17, 37) (30, 41, 13) "
"OP(14,12,6,4,4,4,3,3)",0,Solved,"0,0770"," (4t+2)","0,0821","(\infty, 44, 0, 2, 13, 43, 22, \infty, 46, 19, 37, 26, 24, 20) (40, 7, 39, 14, 23, 45, 16, 31, 15, 38, 47, 21) (5, 8, 36, 29, 32, 12) (10, 41, 6, 18) (34, 17, 30, 42) (11, 1, 35, 25) (3, 4, 9) (27, 28, 33) "
"OP(14,12,6,3,3,3,3,3,3)",0,Solved,"0,0560"," (4t+2)","0,0604","(\infty, 44, 8, 35, 43, 34, 14, \infty, 38, 10, 19, 11, 32, 20) (12, 30, 45, 0, 41, 40, 36, 6, 21, 24, 17, 16) (2, 13, 3, 26, 37, 27) (23, 18, 1) (47, 42, 25) (46, 4, 33) (22, 28, 9) (7, 39, 5) (31, 15, 29) "
"OP(14,12,5,5,5,5,4)",0,Solved,"0,1500"," (4t+2)","0,1539","(\infty, 0, 2, 8, 3, 19, 6, \infty, 30, 43, 27, 32, 26, 24) (7, 16, 17, 36, 10, 46, 31, 40, 41, 12, 34, 22) (23, 9, 37, 14, 44) (47, 33, 13, 38, 20) (1, 45, 5, 15, 4) (25, 21, 29, 39, 28) (11, 18, 35, 42) "
"OP(4,4,5,5,3,3)",0,Solved,"0,1100"," (4t+2)","0,1141","(\infty, 14, \infty, 38) (21, 19, 45, 43) (37, 5, 12, 1, 16) (13, 29, 36, 25, 40) (18, 0, 9) (42, 24, 33) "
"OP(14,12,5,5,4,4,3,3)",0,Solved,"0,0420"," (4t+2)","0,0458","(\infty, 46, 38, 5, 7, 37, 8, \infty, 32, 13, 31, 29, 14, 22) (17, 28, 16, 23, 10, 15, 41, 4, 40, 47, 34, 39) (1, 21, 20, 36, 11) (25, 45, 44, 12, 35) (9, 30, 26, 43) (33, 6, 2, 19) (42, 0, 3) (18, 24, 27) "
"OP(4,4,4,4,4,4)",0,Solved,"0,0390"," (4t+2)","0,0427","(\infty, 5, \infty, 29) (6, 12, 41, 13) (30, 36, 17, 37) (10, 44, 11, 0) (34, 20, 35, 24) (18, 2, 42, 26) "
"OP(4,4,4,3,3,3,3)",0,Solved,"0,0480"," (4t+2)","0,0522","(\infty, 2, \infty, 26) (4, 5, 7, 10) (28, 29, 31, 34) (42, 33, 16) (18, 9, 40) (27, 14, 47) (3, 38, 23) "
"OP(14,12,4,4,4,4,4,4)",0,Solved,"0,0640"," (4t+2)","0,0687","(\infty, 3, 4, 6, 9, 22, 45, \infty, 21, 46, 33, 30, 28, 27) (34, 15, 1, 5, 26, 41, 10, 39, 25, 29, 2, 17) (8, 13, 23, 14) (32, 37, 47, 38) (18, 36, 20, 40) (42, 12, 44, 16) (7, 0, 11, 19) (31, 24, 35, 43) "
"OP(14,12,4,4,4,3,3,3,3)",0,Solved,"0,0750"," (4t+2)","0,0805","(\infty, 46, 4, 0, 35, 3, 36, \infty, 12, 27, 11, 24, 28, 22) (43, 2, 23, 40, 6, 1, 19, 26, 47, 16, 30, 25) (32, 42, 13, 10) (8, 18, 37, 34) (15, 14, 39, 38) (5, 44, 7) (29, 20, 31) (17, 9, 45) (41, 33, 21) "
"OP(14,12,3,3,3,3,3,3,3,3)",0,Solved,"0,4810"," (4t+2)","0,4857","(\infty, 38, 33, 13, 15, 32, 42, \infty, 18, 8, 39, 37, 9, 14) (6, 12, 3, 4, 11, 0, 30, 36, 27, 28, 35, 24) (40, 7, 21) (16, 31, 45) (19, 44, 22) (43, 20, 46) (2, 10, 23) (26, 34, 47) (17, 5, 1) (41, 29, 25) "
"OP(4,12,10)",0,Solved,"0,0350"," (4t+2)","0,0392","(\infty, 22, \infty, 46) (4, 15, 31, 45, 14, 47, 28, 39, 7, 21, 38, 23) (16, 42, 17, 37, 10, 40, 18, 41, 13, 34) "
"OP(10,12,4)",0,Solved,"0,0590"," (4t+2)","0,0635","(\infty, 15, 34, 38, 21, \infty, 45, 14, 10, 39) (22, 7, 6, 9, 11, 4, 46, 31, 30, 33, 35, 28) (13, 2, 37, 26) "
"OP(6,12,8)",0,Solved,"0,1900"," (4t+2)","0,1943","(\infty, 15, 37, \infty, 13, 39) (0, 29, 2, 6, 43, 27, 24, 5, 26, 30, 19, 3) (33, 16, 4, 34, 9, 40, 28, 10) "
"OP(8,12,6)",0,Solved,"0,0420"," (4t+2)","0,0456","(\infty, 1, 4, 11, \infty, 35, 28, 25) (3, 2, 0, 5, 9, 15, 27, 26, 24, 29, 33, 39) (6, 14, 23, 30, 38, 47) "
"OP(8,12,3,3)",0,Solved,"0,0480"," (4t+2)","0,0520","(\infty, 1, 4, 11, \infty, 35, 28, 25) (3, 2, 0, 5, 9, 15, 27, 26, 24, 29, 33, 39) (6, 14, 23) (30, 38, 47) "
"OP(4,12,6,4)",0,Solved,"0,0960"," (4t+2)","0,0995","(\infty, 0, \infty, 24) (2, 3, 7, 5, 8, 13, 26, 27, 31, 29, 32, 37) (4, 10, 17, 28, 34, 41) (6, 14, 30, 38) "
"OP(4,12,5,5)",0,Solved,"0,0510"," (4t+2)","0,0551","(\infty, 16, \infty, 40) (42, 13, 5, 3, 9, 39, 18, 37, 29, 27, 33, 15) (7, 4, 0, 22, 21) (31, 28, 24, 46, 45) "
"OP(6,12,4,4)",0,Solved,"0,0830"," (4t+2)","0,0868","(\infty, 11, 41, \infty, 17, 35) (1, 3, 9, 14, 2, 47, 25, 27, 33, 38, 26, 23) (45, 31, 10, 42) (21, 7, 34, 18) "
"OP(4,12,4,3,3)",0,Solved,"0,0640"," (4t+2)","0,0687","(\infty, 19, \infty, 43) (12, 6, 5, 14, 2, 47, 36, 30, 29, 38, 26, 23) (9, 4, 33, 28) (3, 41, 15) (27, 17, 39) "
"OP(4,11,11)",0,Solved,"0,0480"," (4t+2)","0,0511","(\infty, 10, \infty, 34) (4, 18, 37, 14, 41, 21, 47, 16, 46, 31, 15) (28, 42, 13, 38, 17, 45, 23, 40, 22, 7, 39) "
"OP(12,10,4)",0,Solved,"0,0620"," (4t+2)","0,0657","(\infty, 14, 0, 11, 41, 18, \infty, 42, 17, 35, 24, 38) (19, 21, 1, 5, 31, 43, 45, 25, 29, 7) (15, 8, 39, 32) "
"OP(13,12,11,9,5)",,Infeasible,,Table config is not valid,,
"OP(12,8,6)",0,Solved,"0,0650"," (4t+2)","0,0689","(\infty, 14, 17, 19, 44, 18, \infty, 42, 20, 43, 41, 38) (45, 26, 37, 3, 21, 2, 13, 27) (12, 7, 23, 36, 31, 47) "
"OP(12,8,3,3)",0,Solved,"0,1050"," (4t+2)","0,1093","(\infty, 19, 8, 0, 1, 3, \infty, 27, 25, 24, 32, 43) (39, 4, 7, 2, 15, 28, 31, 26) (9, 5, 11) (33, 29, 35) "
"OP(12,7,7)",0,Solved,"0,0840"," (4t+2)","0,0888","(\infty, 3, 41, 0, 6, 9, \infty, 33, 30, 24, 17, 27) (7, 11, 32, 45, 19, 14, 2) (31, 35, 8, 21, 43, 38, 26) "
"OP(13,12,11,7,4,3)",,Infeasible,,Table config is not valid,,
"OP(13,12,11,6,5,3)",,Infeasible,,Table config is not valid,,
"OP(12,6,4,4)",0,Solved,"0,0530"," (4t+2)","0,0561","(\infty, 21, 8, 35, 19, 47, \infty, 23, 43, 11, 32, 45) (31, 14, 44, 7, 38, 20) (18, 37, 22, 12) (42, 13, 46, 36) "
"OP(12,5,5,4)",0,Solved,"0,0500"," (4t+2)","0,0557","(\infty, 2, 4, 7, 6, 36, \infty, 12, 30, 31, 28, 26) (46, 33, 16, 27, 37) (22, 9, 40, 3, 13) (21, 42, 45, 18) "
"OP(13,12,11,5,3,3,3)",,Infeasible,,Table config is not valid,,
"OP(12,4,4,3,3)",0,Solved,"0,0500"," (4t+2)","0,0543","(\infty, 46, 19, 41, 11, 42, \infty, 18, 35, 17, 43, 22) (2, 4, 7, 13) (26, 28, 31, 37) (23, 36, 20) (47, 12, 44) "
"OP(6,10,10)",0,Solved,"0,0610"," (4t+2)","0,0651","(\infty, 15, 45, \infty, 21, 39) (5, 3, 7, 2, 8, 18, 34, 46, 17, 6) (29, 27, 31, 26, 32, 42, 10, 22, 41, 30) "
"OP(10,10,6)",0,Solved,"0,1630"," (4t+2)","0,1675","(\infty, 16, 7, 1, 14, \infty, 38, 25, 31, 40) (46, 0, 4, 5, 37, 22, 24, 28, 29, 13) (32, 2, 39, 8, 26, 15) "
"OP(10,10,3,3)",0,Solved,"0,0530"," (4t+2)","0,0571","(\infty, 33, 43, 27, 39, \infty, 15, 3, 19, 9) (35, 6, 40, 32, 34, 11, 30, 16, 8, 10) (36, 45, 38) (12, 21, 14) "
"OP(8,10,8)",0,Solved,"0,0890"," (4t+2)","0,0928","(\infty, 2, 3, 0, \infty, 24, 27, 26) (4, 10, 23, 16, 38, 28, 34, 47, 40, 14) (13, 42, 11, 22, 37, 18, 35, 46) "
"OP(4,10,8,4)",0,Solved,"0,0670"," (4t+2)","0,0712","(\infty, 4, \infty, 28) (5, 6, 2, 15, 13, 29, 30, 26, 39, 37) (14, 8, 3, 10, 38, 32, 27, 34) (19, 22, 43, 46) "
"OP(13,12,10,7,5,3)",,Infeasible,,Table config is not valid,,
"OP(8,10,4,4)",0,Solved,"0,0490"," (4t+2)","0,0542","(\infty, 5, 11, 45, \infty, 21, 35, 29) (42, 12, 40, 8, 47, 18, 36, 16, 32, 23) (1, 9, 14, 2) (25, 33, 38, 26) "
"OP(4,10,6,6)",0,Solved,"0,0500"," (4t+2)","0,0549","(\infty, 2, \infty, 26) (4, 5, 7, 10, 18, 28, 29, 31, 34, 42) (47, 16, 27, 41, 19, 14) (23, 40, 3, 17, 43, 38) "
"OP(6,10,6,4)",0,Solved,"0,1510"," (4t+2)","0,1543","(\infty, 38, 12, \infty, 36, 14) (0, 1, 3, 6, 10, 24, 25, 27, 30, 34) (21, 5, 35, 45, 29, 11) (9, 2, 33, 26) "
"OP(4,10,6,3,3)",0,Solved,"0,0450"," (4t+2)","0,0489","(\infty, 47, \infty, 23) (35, 24, 40, 43, 38, 11, 0, 16, 19, 14) (27, 34, 32, 3, 10, 8) (36, 44, 26) (12, 20, 2) "
"OP(6,10,5,5)",0,Solved,"0,0910"," (4t+2)","0,0948","(\infty, 17, 45, \infty, 21, 41) (12, 5, 1, 9, 20, 36, 29, 25, 33, 44) (14, 4, 2, 11, 37) (38, 28, 26, 35, 13) "
"OP(6,10,4,3,3)",0,Solved,"0,2040"," (4t+2)","0,2082","(\infty, 20, 4, \infty, 28, 44) (31, 8, 26, 36, 15, 7, 32, 2, 12, 39) (10, 21, 34, 45) (43, 24, 29) (19, 0, 5) "
"OP(4,10,4,4,4)",0,Solved,"0,0580"," (4t+2)","0,0619","(\infty, 4, \infty, 28) (5, 6, 2, 15, 13, 29, 30, 26, 39, 37) (19, 8, 3, 10) (43, 32, 27, 34) (20, 23, 44, 47) "
"OP(4,10,3,3,3,3)",0,Solved,"0,0670"," (4t+2)","0,0702","(\infty, 14, \infty, 38) (8, 5, 10, 19, 3, 32, 29, 34, 43, 27) (15, 0, 17) (39, 24, 41) (44, 16, 46) (20, 40, 22) "
"OP(8,9,9)",0,Solved,"0,0940"," (4t+2)","0,0977","(\infty, 17, 2, 3, \infty, 27, 26, 41) (1, 6, 8, 11, 22, 34, 16, 42, 7) (25, 30, 32, 35, 46, 10, 40, 18, 31) "
"OP(4,9,9,4)",0,Solved,"0,0660"," (4t+2)","0,0701","(\infty, 15, \infty, 39) (10, 16, 5, 0, 13, 9, 2, 3, 1) (34, 40, 29, 24, 37, 33, 26, 27, 25) (4, 7, 28, 31) "
"OP(10,8,8)",0,Solved,"0,0420"," (4t+2)","0,0461","(\infty, 10, 36, 19, 4, \infty, 28, 43, 12, 34) (22, 38, 15, 45, 16, 44, 23, 13) (46, 14, 39, 21, 40, 20, 47, 37) "
"OP(13,12,9,8,5,3)",,Infeasible,,Table config is not valid,,
"OP(10,8,4,4)",0,Solved,"0,0450"," (4t+2)","0,0486","(\infty, 47, 1, 7, 21, \infty, 45, 31, 25, 23) (28, 43, 38, 29, 4, 19, 14, 5) (30, 27, 2, 15) (6, 3, 26, 39) "
"OP(13,12,9,7,6,3)",,Infeasible,,Table config is not valid,,
"OP(13,12,9,7,5,4)",,Infeasible,,Table config is not valid,,
"OP(13,12,9,7,3,3,3)",,Infeasible,,Table config is not valid,,
"OP(10,6,6,4)",0,Solved,"0,0600"," (4t+2)","0,0635","(\infty, 41, 20, 1, 19, \infty, 43, 25, 44, 17) (13, 2, 8, 18, 38, 3) (37, 26, 32, 42, 14, 27) (10, 12, 34, 36) "
"OP(10,6,5,5)",0,Solved,"0,0590"," (4t+2)","0,0647","(\infty, 36, 7, 47, 32, \infty, 8, 23, 31, 12) (37, 34, 27, 13, 10, 3) (43, 33, 24, 38, 21) (19, 9, 0, 14, 45) "
"OP(10,6,4,3,3)",0,Solved,"0,2520"," (4t+2)","0,2566","(\infty, 7, 0, 38, 39, \infty, 15, 14, 24, 31) (2, 11, 5, 26, 35, 29) (3, 21, 27, 45) (10, 6, 9) (34, 30, 33) "
"OP(10,5,5,3,3)",0,Solved,"0,0440"," (4t+2)","0,0480","(\infty, 2, 4, 7, 6, \infty, 30, 31, 28, 26) (23, 43, 33, 16, 27) (47, 19, 9, 40, 3) (18, 34, 22) (42, 10, 46) "
"OP(13,12,9,5,4,4,3)",,Infeasible,,Table config is not valid,,
"OP(10,4,4,4,4)",0,Solved,"0,0540"," (4t+2)","0,0576","(\infty, 2, 3, 5, 8, \infty, 32, 29, 27, 26) (7, 1, 9, 16) (31, 25, 33, 40) (4, 15, 30, 46) (28, 39, 6, 22) "
"OP(10,4,3,3,3,3)",0,Solved,"0,0430"," (4t+2)","0,0503","(\infty, 21, 43, 35, 31, \infty, 7, 11, 19, 45) (13, 38, 37, 14) (33, 24, 44) (9, 0, 20) (47, 1, 18) (23, 25, 42) "
"OP(4,8,8,6)",0,Solved,"0,0390"," (4t+2)","0,0431","(\infty, 22, \infty, 46) (4, 18, 37, 17, 40, 10, 31, 15) (28, 42, 13, 41, 16, 34, 7, 39) (14, 47, 21, 38, 23, 45) "
"OP(6,8,8,4)",0,Solved,"0,0820"," (4t+2)","0,0853","(\infty, 2, 4, \infty, 28, 26) (5, 6, 45, 7, 10, 44, 8, 12) (29, 30, 21, 31, 34, 20, 32, 36) (9, 41, 33, 17) "
"OP(4,8,8,3,3)",0,Solved,"0,0580"," (4t+2)","0,0628","(\infty, 21, \infty, 45) (16, 10, 7, 5, 0, 9, 17, 35) (40, 34, 31, 29, 24, 33, 41, 11) (46, 30, 15) (22, 6, 39) "
"OP(4,8,7,7)",0,Solved,"0,0560"," (4t+2)","0,0599","(\infty, 20, \infty, 44) (39, 14, 5, 3, 15, 38, 29, 27) (21, 42, 11, 4, 0, 19, 41) (45, 18, 35, 28, 24, 43, 17) "
"OP(8,8,6,4)",0,Solved,"0,0880"," (4t+2)","0,0927","(\infty, 17, 2, 3, \infty, 27, 26, 41) (1, 6, 8, 11, 25, 30, 32, 35) (34, 46, 15, 10, 22, 39) (33, 14, 9, 38) "
"OP(8,8,5,5)",0,Solved,"0,0550"," (4t+2)","0,0589","(\infty, 42, 22, 6, \infty, 30, 46, 18) (16, 4, 17, 47, 40, 28, 41, 23) (32, 43, 10, 36, 15) (8, 19, 34, 12, 39) "
"OP(8,8,4,3,3)",0,Solved,"0,3080"," (4t+2)","0,3126","(\infty, 0, 2, 8, \infty, 32, 26, 24) (11, 6, 3, 7, 35, 30, 27, 31) (9, 19, 33, 43) (38, 23, 16) (14, 47, 40) "
"OP(6,8,6,6)",0,Solved,"0,0810"," (4t+2)","0,0846","(\infty, 6, 42, \infty, 18, 30) (12, 39, 0, 13, 36, 15, 24, 37) (20, 46, 14, 43, 10, 3) (44, 22, 38, 19, 34, 27) "
"OP(6,8,6,3,3)",0,Solved,"0,1740"," (4t+2)","0,1785","(\infty, 39, 5, \infty, 29, 15) (35, 43, 36, 37, 11, 19, 12, 13) (24, 41, 32, 0, 17, 8) (47, 45, 40) (23, 21, 16) "
"OP(4,8,6,4,4)",0,Solved,"0,0480"," (4t+2)","0,0517","(\infty, 1, \infty, 25) (2, 3, 0, 6, 26, 27, 24, 30) (23, 8, 4, 47, 32, 28) (5, 19, 7, 14) (29, 43, 31, 38) "
"OP(4,8,5,5,4)",0,Solved,"0,0590"," (4t+2)","0,0626","(\infty, 9, \infty, 33) (3, 18, 44, 14, 27, 42, 20, 38) (23, 7, 5, 2, 13) (47, 31, 29, 26, 37) (11, 6, 35, 30) "
"OP(6,8,4,4,4)",0,Solved,"0,0930"," (4t+2)","0,0976","(\infty, 2, 4, \infty, 28, 26) (5, 6, 45, 7, 29, 30, 21, 31) (10, 44, 9, 16) (34, 20, 33, 40) (47, 15, 23, 39) "
"OP(6,8,3,3,3,3)",0,Solved,"0,0680"," (4t+2)","0,0719","(\infty, 32, 42, \infty, 18, 8) (39, 43, 38, 47, 15, 19, 14, 23) (41, 29, 6) (17, 5, 30) (24, 2, 36) (0, 26, 12) "
"OP(4,8,4,4,3,3)",0,Solved,"0,0500"," (4t+2)","0,0546","(\infty, 2, \infty, 26) (3, 4, 6, 10, 27, 28, 30, 34) (1, 7, 12, 15) (25, 31, 36, 39) (11, 20, 5) (35, 44, 29) "
"OP(8,7,7,4)",0,Solved,"0,1100"," (4t+2)","0,1145","(\infty, 30, 38, 8, \infty, 32, 14, 6) (3, 36, 9, 21, 46, 2, 37) (27, 12, 33, 45, 22, 26, 13) (43, 29, 19, 5) "
"OP(6,7,7,6)",0,Solved,"0,0480"," (4t+2)","0,0519","(\infty, 40, 10, \infty, 34, 16) (15, 7, 5, 0, 6, 2, 22) (39, 31, 29, 24, 30, 26, 46) (18, 1, 13, 42, 25, 37) "
"OP(6,7,7,3,3)",0,Solved,"0,0670"," (4t+2)","0,0709","(\infty, 26, 36, \infty, 12, 2) (44, 27, 43, 42, 39, 5, 31) (20, 3, 19, 18, 15, 29, 7) (35, 24, 47) (11, 0, 23) "
"OP(4,7,7,4,4)",0,Solved,"0,0470"," (4t+2)","0,0513","(\infty, 1, \infty, 25) (4, 3, 6, 2, 0, 5, 11) (28, 27, 30, 26, 24, 29, 35) (19, 9, 22, 38) (43, 33, 46, 14) "
"OP(8,6,6,6)",0,Solved,"0,0500"," (4t+2)","0,0538","(\infty, 33, 21, 47, \infty, 23, 45, 9) (16, 13, 2, 31, 17, 8) (40, 37, 26, 7, 41, 32) (0, 4, 6, 24, 28, 30) "
"OP(8,6,6,3,3)",0,Solved,"0,0480"," (4t+2)","0,0519","(\infty, 16, 39, 42, \infty, 18, 15, 40) (3, 31, 29, 14, 44, 25) (27, 7, 5, 38, 20, 1) (8, 13, 12) (32, 37, 36) "
"OP(13,12,7,6,5,4,3)",,Infeasible,,Table config is not valid,,
"OP(8,6,4,4,4)",0,Solved,"0,1350"," (4t+2)","0,1385","(\infty, 22, 47, 14, \infty, 38, 23, 46) (41, 21, 7, 17, 45, 31) (0, 13, 10, 2) (24, 37, 34, 26) (11, 43, 35, 19) "
"OP(8,6,3,3,3,3)",0,Solved,"0,0400"," (4t+2)","0,0440","(\infty, 19, 32, 37, \infty, 13, 8, 43) (23, 39, 28, 47, 15, 4) (29, 36, 17) (5, 12, 41) (40, 10, 7) (16, 34, 31) "
"OP(13,12,7,5,5,5,3)",,Infeasible,,Table config is not valid,,
"OP(8,5,5,4,4)",0,Solved,"0,0660"," (4t+2)","0,0702","(\infty, 45, 17, 43, \infty, 19, 41, 21) (44, 23, 42, 29, 12) (20, 47, 18, 5, 36) (7, 1, 8, 40) (31, 25, 32, 16) "
"OP(13,12,7,5,4,3,3,3)",,Infeasible,,Table config is not valid,,
"OP(8,4,4,4,3,3)",0,Solved,"0,1460"," (4t+2)","0,1495","(\infty, 6, 47, 2, \infty, 26, 23, 30) (0, 4, 15, 35) (24, 28, 39, 11) (20, 8, 44, 32) (42, 7, 17) (18, 31, 41) "
"OP(8,3,3,3,3,3,3)",0,Solved,"0,0720"," (4t+2)","0,0759","(\infty, 6, 43, 44, \infty, 20, 19, 30) (37, 47, 25) (13, 23, 1) (9, 29, 36) (33, 5, 12) (40, 42, 24) (16, 18, 0) "
"OP(4,6,6,6,4)",0,Solved,"0,0650"," (4t+2)","0,0693","(\infty, 4, \infty, 28) (5, 6, 2, 15, 13, 19) (29, 30, 26, 39, 37, 43) (8, 3, 10, 32, 27, 34) (20, 23, 44, 47) "
"OP(4,6,6,5,5)",0,Solved,"0,0520"," (4t+2)","0,0570","(\infty, 1, \infty, 25) (4, 3, 6, 2, 0, 9) (28, 27, 30, 26, 24, 33) (45, 34, 19, 7, 20) (21, 10, 43, 31, 44) "
"OP(6,6,6,4,4)",0,Solved,"0,0780"," (4t+2)","0,0815","(\infty, 16, 44, \infty, 20, 40) (23, 42, 21, 35, 2, 13) (47, 18, 45, 11, 26, 37) (8, 17, 34, 9) (32, 41, 10, 33) "
"OP(4,6,6,4,3,3)",0,Solved,"0,0510"," (4t+2)","0,0557","(\infty, 2, \infty, 26) (3, 4, 6, 9, 1, 7) (27, 28, 30, 33, 25, 31) (8, 15, 32, 39) (11, 20, 10) (35, 44, 34) "
"OP(6,6,5,5,4)",0,Solved,"0,0540"," (4t+2)","0,0578","(\infty, 6, 34, \infty, 10, 30) (15, 42, 23, 39, 18, 47) (19, 12, 7, 4, 0) (43, 36, 31, 28, 24) (2, 3, 26, 27) "
"OP(4,6,5,5,3,3)",0,Solved,"0,1120"," (4t+2)","0,1163","(\infty, 19, \infty, 43) (8, 0, 1, 32, 24, 25) (2, 39, 3, 7, 4) (26, 15, 27, 31, 28) (5, 10, 17) (29, 34, 41) "
"OP(6,6,4,4,3,3)",0,Solved,"0,1270"," (4t+2)","0,1317","(\infty, 41, 45, \infty, 21, 17) (30, 46, 27, 6, 22, 3) (40, 29, 7, 37) (16, 5, 31, 13) (28, 8, 44) (4, 32, 20) "
"OP(4,6,4,4,4,4)",0,Solved,"0,0690"," (4t+2)","0,0750","(\infty, 43, \infty, 19) (38, 47, 44, 14, 23, 20) (39, 32, 31, 41) (15, 8, 7, 17) (36, 4, 30, 42) (12, 28, 6, 18) "
"OP(4,6,4,3,3,3,3)",0,Solved,"0,1870"," (4t+2)","0,1915","(\infty, 22, \infty, 46) (40, 10, 3, 16, 34, 27) (5, 0, 29, 24) (42, 20, 9) (18, 44, 33) (6, 4, 8) (30, 28, 32) "
"OP(6,5,5,5,5)",0,Solved,"0,1370"," (4t+2)","0,1408","(\infty, 47, 15, \infty, 39, 23) (17, 5, 3, 32, 2) (41, 29, 27, 8, 26) (40, 45, 22, 13, 35) (16, 21, 46, 37, 11) "
"OP(6,5,5,4,3,3)",0,Solved,"0,0550"," (4t+2)","0,0588","(\infty, 20, 16, \infty, 40, 44) (45, 19, 36, 22, 42) (21, 43, 12, 46, 18) (10, 37, 34, 13) (14, 1, 11) (38, 25, 35) "
"OP(4,5,5,4,4,4)",0,Solved,"0,0430"," (4t+2)","0,0475","(\infty, 1, \infty, 25) (8, 3, 6, 2, 0) (32, 27, 30, 26, 24) (18, 4, 5, 11) (42, 28, 29, 35) (16, 7, 40, 31) "
"OP(4,5,5,3,3,3,3)",0,Solved,"0,0660"," (4t+2)","0,0706","(\infty, 13, \infty, 37) (41, 12, 23, 44, 16) (17, 36, 47, 20, 40) (1, 2, 9) (25, 26, 33) (18, 32, 45) (42, 8, 21) "
"OP(6,4,4,4,4,4)",0,Solved,"0,0440"," (4t+2)","0,0473","(\infty, 25, 7, \infty, 31, 1) (42, 5, 27, 14) (18, 29, 3, 38) (30, 13, 11, 26) (6, 37, 35, 2) (21, 0, 45, 24) "
"OP(6,4,4,3,3,3,3)",0,Solved,"0,0740"," (4t+2)","0,0779","(\infty, 19, 23, \infty, 47, 43) (21, 10, 46, 29) (45, 34, 22, 5) (30, 16, 1) (6, 40, 25) (8, 0, 38) (32, 24, 14) "
"OP(4,4,4,4,4,3,3)",0,Solved,"0,0300"," (4t+2)","0,0351","(\infty, 1, \infty, 25) (8, 3, 5, 2) (32, 27, 29, 26) (0, 10, 11, 4) (24, 34, 35, 28) (6, 14, 23) (30, 38, 47) "
"OP(4,4,3,3,3,3,3,3)",0,Solved,"0,0550"," (4t+2)","0,0590","(\infty, 12, \infty, 36) (9, 1, 33, 25) (17, 46, 16) (41, 22, 40) (5, 3, 6) (29, 27, 30) (15, 0, 4) (39, 24, 28) "
"OP(12,12,11,11,4)",0,Solved,"0,1270"," (4t+2)","0,1306","(\infty, 20, 11, 3, 9, 16, \infty, 40, 33, 27, 35, 44) (5, 2, 0, 1, 6, 10, 29, 26, 24, 25, 30, 34) (8, 41, 13, 36, 18, 7, 19, 46, 15, 47, 21) (32, 17, 37, 12, 42, 31, 43, 22, 39, 23, 45) (4, 14, 28, 38) "
"OP(6,11,11,10,12)",0,Solved,"0,0620"," (4t+2)","0,0657","(\infty, 10, 16, \infty, 40, 34) (5, 41, 27, 2, 15, 8, 0, 9, 12, 1, 6) (29, 17, 3, 26, 39, 32, 24, 33, 36, 25, 30) (4, 14, 42, 21, 47, 28, 38, 18, 45, 23) (44, 13, 43, 11, 7, 22, 20, 37, 19, 35, 31, 46) "
"OP(10,11,11,12,6)",0,Solved,"0,0640"," (4t+2)","0,0681","(\infty, 10, 42, 38, 16, \infty, 40, 14, 18, 34) (6, 9, 37, 20, 7, 21, 19, 0, 8, 3, 15) (30, 33, 13, 44, 31, 45, 43, 24, 32, 27, 39) (46, 47, 17, 2, 12, 1, 22, 23, 41, 26, 36, 25) (4, 11, 5, 28, 35, 29) "
"OP(10,11,11,12,3,3)",0,Solved,"0,1070"," (4t+2)","0,1111","(\infty, 45, 19, 39, 9, \infty, 33, 15, 43, 21) (11, 14, 1, 5, 16, 37, 6, 20, 4, 2, 10) (35, 38, 25, 29, 40, 13, 30, 44, 28, 26, 34) (8, 3, 12, 0, 7, 22, 32, 27, 36, 24, 31, 46) (42, 17, 23) (18, 41, 47) "
"OP(8,11,11,8,12)",0,Solved,"0,0470"," (4t+2)","0,0507","(\infty, 19, 38, 23, \infty, 47, 14, 43) (6, 3, 5, 12, 13, 4, 0, 10, 21, 9, 1) (30, 27, 29, 36, 37, 28, 24, 34, 45, 33, 25) (7, 20, 41, 11, 31, 44, 17, 35) (2, 8, 22, 39, 16, 42, 26, 32, 46, 15, 40, 18) "
"OP(4,11,11,8,4,12)",0,Solved,"0,0440"," (4t+2)","0,0475","(\infty, \infty, 23, 47) (38, 20, 35, 16, 7, 19, 36, 46, 18, 45, 13) (14, 44, 11, 40, 31, 43, 12, 22, 42, 21, 37) (8, 1, 2, 10, 32, 25, 26, 34) (6, 17, 30, 41) (15, 9, 4, 0, 3, 5, 39, 33, 28, 24, 27, 29) "
"OP(13,11,11,7,5,3)",,Infeasible,,Table config is not valid,,
"OP(8,11,11,12,4,4)",0,Solved,"0,0570"," (4t+2)","0,0603","(\infty, 40, 28, 0, \infty, 24, 4, 16) (37, 47, 38, 3, 44, 33, 31, 5, 39, 36, 32) (13, 23, 14, 27, 20, 9, 7, 29, 15, 12, 8) (2, 21, 6, 46, 25, 43, 26, 45, 30, 22, 1, 19) (10, 42, 41, 35) (34, 18, 17, 11) "
"OP(4,11,11,6,6,12)",0,Solved,"0,0470"," (4t+2)","0,0512","(\infty, 14, \infty, 38) (16, 47, 35, 17, 7, 20, 36, 13, 46, 18, 45) (40, 23, 11, 41, 31, 44, 12, 37, 22, 42, 21) (8, 1, 2, 10, 19, 30) (32, 25, 26, 34, 43, 6) (15, 9, 4, 0, 3, 5, 39, 33, 28, 24, 27, 29) "
"OP(6,11,11,6,12,4)",0,Solved,"0,0570"," (4t+2)","0,0605","(\infty, 9, 39, \infty, 15, 33) (7, 28, 38, 46, 20, 5, 11, 6, 8, 40, 21) (31, 4, 14, 22, 44, 29, 35, 30, 32, 16, 45) (1, 0, 36, 25, 24, 12) (18, 43, 2, 47, 34, 3, 42, 19, 26, 23, 10, 27) (41, 13, 17, 37) "
"OP(4,11,11,6,12,3,3)",0,Solved,"0,0650"," (4t+2)","0,0685","(\infty, 4, \infty, 28) (5, 6, 2, 36, 17, 14, 8, 3, 10, 19, 7) (29, 30, 26, 12, 41, 38, 32, 27, 34, 43, 31) (11, 0, 20, 35, 24, 44) (46, 16, 39, 18, 1, 9, 22, 40, 15, 42, 25, 33) (13, 23, 45) (37, 47, 21) "
"OP(6,11,11,12,5,5)",0,Solved,"0,0500"," (4t+2)","0,0541","(\infty, 12, 4, \infty, 28, 36) (42, 21, 43, 34, 16, 6, 17, 37, 22, 47, 11) (18, 45, 19, 10, 40, 30, 41, 13, 46, 23, 35) (1, 2, 8, 15, 31, 44, 25, 26, 32, 39, 7, 20) (9, 14, 0, 3, 5) (33, 38, 24, 27, 29) "
"OP(6,11,11,12,4,3,3)",0,Solved,"0,1600"," (4t+2)","0,1661","(\infty, 12, 46, \infty, 22, 36) (2, 7, 13, 23, 38, 20, 43, 16, 35, 18, 9) (26, 31, 37, 47, 14, 44, 19, 40, 11, 42, 33) (0, 1, 3, 6, 10, 32, 24, 25, 27, 30, 34, 8) (4, 15, 28, 39) (5, 21, 41) (29, 45, 17) "
"OP(4,11,11,4,4,4,12)",0,Solved,"0,0470"," (4t+2)","0,0532","(\infty, 22, \infty, 46) (36, 16, 35, 18, 7, 19, 37, 47, 20, 45, 10) (12, 40, 11, 42, 31, 43, 13, 23, 44, 21, 34) (8, 1, 2, 17) (32, 25, 26, 41) (6, 14, 30, 38) (15, 9, 4, 0, 3, 5, 39, 33, 28, 24, 27, 29) "
"OP(4,11,11,12,3,3,3,3)",0,Solved,"0,0650"," (4t+2)","0,0691","(\infty, \infty, 23, 47) (9, 3, 2, 14, 43, 17, 44, 12, 46, 31, 18) (33, 27, 26, 38, 19, 41, 20, 36, 22, 7, 42) (45, 15, 35, 10, 0, 4, 21, 39, 11, 34, 24, 28) (5, 16, 13) (29, 40, 37) (1, 6, 8) (25, 30, 32) "
"OP(12,12,10,10,6)",0,Solved,"0,1530"," (4t+2)","0,1572","(\infty, 37, 8, 5, 4, 21, \infty, 45, 28, 29, 32, 13) (2, 16, 36, 20, 7, 19, 26, 40, 12, 44, 31, 43) (47, 14, 3, 11, 33, 6, 0, 46, 42, 17) (23, 38, 27, 35, 9, 30, 24, 22, 18, 41) (1, 10, 15, 25, 34, 39) "
"OP(12,12,10,10,3,3)",0,Solved,"0,0870"," (4t+2)","0,0904","(\infty, 10, 2, 4, 13, 38, \infty, 14, 37, 28, 26, 34) (20, 5, 21, 43, 1, 6, 44, 29, 45, 19, 25, 30) (11, 7, 0, 3, 15, 16, 33, 46, 18, 32) (35, 31, 24, 27, 39, 40, 9, 22, 42, 8) (23, 41, 12) (47, 17, 36) "
"OP(13,11,10,9,7)",,Infeasible,,Table config is not valid,,
"OP(13,11,10,9,4,3)",,Infeasible,,Table config is not valid,,
"OP(12,12,10,8,8)",0,Solved,"0,0500"," (4t+2)","0,0539","(\infty, 1, 2, 4, 0, 3, \infty, 27, 24, 28, 26, 25) (23, 6, 13, 32, 19, 5, 47, 30, 37, 8, 43, 29) (35, 17, 38, 12, 22, 11, 41, 14, 36, 46) (10, 15, 31, 16, 44, 21, 9, 18) (34, 39, 7, 40, 20, 45, 33, 42) "
"OP(13,11,10,8,5,3)",,Infeasible,,Table config is not valid,,
"OP(12,12,10,8,4,4)",0,Solved,"0,1340"," (4t+2)","0,1378","(\infty, 2, 1, 6, 8, 14, \infty, 38, 32, 30, 25, 26) (3, 15, 41, 9, 16, 35, 27, 39, 17, 33, 40, 11) (0, 4, 7, 20, 10, 24, 28, 31, 44, 34) (12, 29, 18, 45, 36, 5, 42, 21) (13, 43, 23, 46) (37, 19, 47, 22) "
"OP(13,11,10,7,6,3)",,Infeasible,,Table config is not valid,,
"OP(13,11,10,7,5,4)",,Infeasible,,Table config is not valid,,
"OP(13,11,10,7,3,3,3)",,Infeasible,,Table config is not valid,,
"OP(12,12,10,6,6,4)",0,Solved,"0,1470"," (4t+2)","0,1508","(\infty, 2, 37, 3, 4, 6, \infty, 30, 28, 27, 13, 26) (7, 19, 39, 12, 45, 20, 31, 43, 15, 36, 21, 44) (1, 8, 11, 16, 42, 25, 32, 35, 40, 18) (9, 0, 10, 14, 22, 41) (33, 24, 34, 38, 46, 17) (47, 5, 23, 29) "
"OP(12,12,10,6,5,5)",0,Solved,"0,1410"," (4t+2)","0,1451","(\infty, 8, 1, 47, 10, 16, \infty, 40, 34, 23, 25, 32) (3, 36, 19, 41, 29, 24, 27, 12, 43, 17, 5, 0) (45, 20, 30, 31, 13, 21, 44, 6, 7, 37) (42, 28, 9, 18, 4, 33) (26, 46, 14, 35, 39) (2, 22, 38, 11, 15) "
"OP(12,12,10,6,4,3,3)",0,Solved,"0,1380"," (4t+2)","0,1418","(\infty, 47, 3, 39, 34, 1, \infty, 25, 10, 15, 27, 23) (43, 30, 41, 44, 37, 45, 19, 6, 17, 20, 13, 21) (29, 38, 24, 42, 26, 5, 14, 0, 18, 2) (36, 46, 40, 12, 22, 16) (32, 31, 8, 7) (4, 33, 35) (28, 9, 11) "
"OP(12,12,10,5,5,3,3)",0,Solved,"0,1110"," (4t+2)","0,1144","(\infty, 14, 44, 15, 2, 46, \infty, 22, 26, 39, 20, 38) (8, 23, 7, 41, 0, 11, 32, 47, 31, 17, 24, 35) (5, 10, 13, 4, 3, 29, 34, 37, 28, 27) (6, 16, 18, 43, 12) (30, 40, 42, 19, 36) (9, 21, 1) (33, 45, 25) "
"OP(13,11,10,5,4,4,3)",,Infeasible,,Table config is not valid,,
"OP(12,12,10,4,4,4,4)",0,Solved,"0,0450"," (4t+2)","0,0489","(\infty, 2, 4, 5, 17, 12, \infty, 36, 41, 29, 28, 26) (18, 31, 16, 27, 43, 21, 42, 7, 40, 3, 19, 45) (22, 47, 13, 33, 15, 46, 23, 37, 9, 39) (14, 6, 0, 10) (38, 30, 24, 34) (8, 1, 20, 11) (32, 25, 44, 35) "
"OP(12,12,10,4,3,3,3,3)",0,Solved,"0,4480"," (4t+2)","0,4531","(\infty, 4, 5, 13, 2, 6, \infty, 30, 26, 37, 29, 28) (8, 40, 10, 1, 43, 18, 32, 16, 34, 25, 19, 42) (14, 17, 15, 36, 21, 38, 41, 39, 12, 45) (3, 46, 27, 22) (23, 11, 33) (47, 35, 9) (7, 0, 20) (31, 24, 44) "
"OP(12,12,9,9,8)",0,Solved,"0,0520"," (4t+2)","0,0565","(\infty, 1, 33, 41, 34, 39, \infty, 15, 10, 17, 9, 25) (46, 28, 45, 43, 40, 26, 22, 4, 21, 19, 16, 2) (31, 37, 38, 29, 3, 36, 47, 24, 44) (7, 13, 14, 5, 27, 12, 23, 0, 20) (32, 42, 6, 35, 8, 18, 30, 11) "
"OP(13,11,9,9,5,3)",,Infeasible,,Table config is not valid,,
"OP(12,12,9,9,4,4)",0,Solved,"0,1630"," (4t+2)","0,1674","(\infty, 35, 1, 45, 34, 39, \infty, 15, 10, 21, 25, 11) (32, 33, 46, 26, 5, 37, 8, 9, 22, 2, 29, 13) (38, 30, 4, 40, 43, 36, 27, 42, 44) (14, 6, 28, 16, 19, 12, 3, 18, 20) (41, 23, 0, 31) (17, 47, 24, 7) "
"OP(13,11,9,8,6,3)",,Infeasible,,Table config is not valid,,
"OP(13,11,9,8,5,4)",,Infeasible,,Table config is not valid,,
"OP(13,11,9,8,3,3,3)",,Infeasible,,Table config is not valid,,
"OP(13,11,9,7,7,3)",,Infeasible,,Table config is not valid,,
"OP(13,11,9,7,6,4)",,Infeasible,,Table config is not valid,,
"OP(13,11,9,7,5,5)",,Infeasible,,Table config is not valid,,
"OP(13,11,9,7,4,3,3)",,Infeasible,,Table config is not valid,,
"OP(13,11,9,6,6,5)",,Infeasible,,Table config is not valid,,
"OP(13,11,9,6,5,3,3)",,Infeasible,,Table config is not valid,,
"OP(13,11,9,6,4,4,3)",,Infeasible,,Table config is not valid,,
"OP(13,11,9,5,5,4,3)",,Infeasible,,Table config is not valid,,
"OP(13,11,9,5,4,4,4)",,Infeasible,,Table config is not valid,,
"OP(13,11,9,5,3,3,3,3)",,Infeasible,,Table config is not valid,,
"OP(13,11,9,4,4,3,3,3)",,Infeasible,,Table config is not valid,,
"OP(13,11,8,8,7,3)",,Infeasible,,Table config is not valid,,
"OP(12,12,8,8,6,4)",0,Solved,"0,0490"," (4t+2)","0,0526","(\infty, 18, 6, 17, 35, 22, \infty, 46, 11, 41, 30, 42) (20, 43, 16, 47, 21, 12, 44, 19, 40, 23, 45, 36) (14, 8, 1, 2, 4, 7, 15, 34) (38, 32, 25, 26, 28, 31, 39, 10) (9, 5, 0, 33, 29, 24) (13, 3, 37, 27) "
"OP(12,12,8,8,5,5)",0,Solved,"0,0600"," (4t+2)","0,0638","(\infty, 5, 13, 45, 10, 43, \infty, 19, 34, 21, 37, 29) (16, 41, 15, 6, 0, 2, 40, 17, 39, 30, 24, 26) (3, 7, 14, 42, 12, 46, 9, 8) (27, 31, 38, 18, 36, 22, 33, 32) (35, 4, 1, 20, 47) (11, 28, 25, 44, 23) "
"OP(12,12,8,8,4,3,3)",0,Solved,"0,0650"," (4t+2)","0,0689","(\infty, 5, 13, 23, 40, 17, \infty, 41, 16, 47, 37, 29) (12, 42, 15, 6, 0, 2, 36, 18, 39, 30, 24, 26) (3, 7, 14, 34, 19, 45, 9, 8) (27, 31, 38, 10, 43, 21, 33, 32) (35, 22, 11, 46) (1, 20, 4) (25, 44, 28) "
"OP(12,12,8,7,7,4)",0,Solved,"0,1090"," (4t+2)","0,1134","(\infty, 19, 8, 0, 1, 3, \infty, 27, 25, 24, 32, 43) (39, 4, 7, 2, 9, 5, 15, 28, 31, 26, 33, 29) (10, 35, 44, 12, 34, 11, 20, 36) (18, 47, 13, 41, 14, 45, 30) (42, 23, 37, 17, 38, 21, 6) (22, 16, 46, 40) "
"OP(13,11,8,7,6,5)",,Infeasible,,Table config is not valid,,
"OP(13,11,8,7,5,3,3)",,Infeasible,,Table config is not valid,,
"OP(13,11,8,7,4,4,3)",,Infeasible,,Table config is not valid,,
"OP(12,12,8,6,6,6)",0,Solved,"0,0830"," (4t+2)","0,0868","(\infty, 40, 18, 35, 21, 46, \infty, 22, 45, 11, 42, 16) (10, 5, 1, 7, 8, 19, 34, 29, 25, 31, 32, 43) (0, 20, 41, 12, 24, 44, 17, 36) (13, 4, 2, 9, 39, 23) (37, 28, 26, 33, 15, 47) (3, 6, 14, 27, 30, 38) "
"OP(12,12,8,6,6,3,3)",0,Solved,"0,0520"," (4t+2)","0,0558","(\infty, 2, 3, 5, 8, 14, \infty, 38, 32, 29, 27, 26) (1, 6, 10, 17, 9, 36, 25, 30, 34, 41, 33, 12) (7, 19, 35, 44, 31, 43, 11, 20) (37, 22, 39, 16, 45, 23) (13, 46, 15, 40, 21, 47) (18, 0, 28) (42, 24, 4) "
"OP(13,11,8,6,5,4,3)",,Infeasible,,Table config is not valid,,
"OP(12,12,8,6,4,4,4)",0,Solved,"0,1000"," (4t+2)","0,1033","(\infty, 19, 8, 0, 1, 3, \infty, 27, 25, 24, 32, 43) (39, 4, 7, 2, 9, 5, 15, 28, 31, 26, 33, 29) (10, 35, 21, 12, 34, 11, 45, 36) (13, 41, 20, 37, 17, 44) (14, 47, 18, 30) (38, 23, 42, 6) (22, 16, 46, 40) "
"OP(12,12,8,6,3,3,3,3)",0,Solved,"0,1900"," (4t+2)","0,1939","(\infty, 38, 6, 10, 21, 42, \infty, 18, 45, 34, 30, 14) (23, 43, 20, 33, 15, 37, 47, 19, 44, 9, 39, 13) (2, 4, 11, 12, 26, 28, 35, 36) (41, 29, 46, 17, 5, 22) (0, 3, 8) (24, 27, 32) (7, 16, 1) (31, 40, 25) "
"OP(13,11,8,5,5,5,3)",,Infeasible,,Table config is not valid,,
"OP(12,12,8,5,5,4,4)",0,Solved,"0,0710"," (4t+2)","0,0744","(\infty, 11, 37, 30, 15, 23, \infty, 47, 39, 6, 13, 35) (2, 12, 24, 21, 16, 20, 26, 36, 0, 45, 40, 44) (7, 32, 41, 10, 31, 8, 17, 34) (33, 19, 38, 3, 1) (9, 43, 14, 27, 25) (4, 5, 42, 22) (28, 29, 18, 46) "
"OP(13,11,8,5,4,3,3,3)",,Infeasible,,Table config is not valid,,
"OP(12,12,8,4,4,4,3,3)",0,Solved,"0,0560"," (4t+2)","0,0600","(\infty, 46, 18, 0, 21, 40, \infty, 16, 45, 24, 42, 22) (19, 3, 14, 47, 30, 4, 43, 27, 38, 23, 6, 28) (8, 5, 10, 44, 32, 29, 34, 20) (2, 15, 17, 9) (26, 39, 41, 33) (12, 13, 36, 37) (7, 11, 1) (31, 35, 25) "
"OP(12,12,8,3,3,3,3,3,3)",0,Solved,"0,0510"," (4t+2)","0,0565","(\infty, 42, 13, 47, 22, 44, \infty, 20, 46, 23, 37, 18) (38, 17, 4, 8, 5, 6, 14, 41, 28, 32, 29, 30) (12, 1, 11, 16, 36, 25, 35, 40) (21, 15, 3) (45, 39, 27) (2, 34, 19) (26, 10, 43) (7, 9, 0) (31, 33, 24) "
"OP(13,11,7,7,7,5)",,Infeasible,,Table config is not valid,,
"OP(12,12,7,7,6,6)",0,Solved,"0,0450"," (4t+2)","0,0491","(\infty, 5, 13, 43, 10, 47, \infty, 23, 34, 19, 37, 29) (16, 41, 15, 6, 0, 2, 40, 17, 39, 30, 24, 26) (3, 7, 14, 42, 21, 9, 8) (27, 31, 38, 18, 45, 33, 32) (22, 35, 4, 1, 20, 36) (46, 11, 28, 25, 44, 12) "
"OP(12,12,7,7,6,3,3)",0,Solved,"0,0540"," (4t+2)","0,0582","(\infty, 4, 5, 7, 2, 18, \infty, 42, 26, 31, 29, 28) (45, 23, 12, 3, 15, 44, 21, 47, 36, 27, 39, 20) (13, 6, 0, 10, 14, 11, 41) (37, 30, 24, 34, 38, 35, 17) (16, 1, 9, 40, 25, 33) (8, 22, 43) (32, 46, 19) "
"OP(13,11,7,7,5,4,3)",,Infeasible,,Table config is not valid,,
"OP(12,12,7,7,4,4,4)",0,Solved,"0,1180"," (4t+2)","0,1229","(\infty, 7, 13, 16, 21, 11, \infty, 35, 45, 40, 37, 31) (12, 42, 6, 4, 3, 19, 36, 18, 30, 28, 27, 43) (34, 20, 41, 15, 2, 46, 9) (10, 44, 17, 39, 26, 22, 33) (0, 29, 1, 8) (24, 5, 25, 32) (14, 23, 38, 47) "
"OP(12,12,7,7,3,3,3,3)",0,Solved,"0,0670"," (4t+2)","0,0708","(\infty, 22, 23, 1, 19, 6, \infty, 30, 43, 25, 47, 46) (11, 4, 14, 16, 7, 39, 35, 28, 38, 40, 31, 15) (42, 17, 2, 21, 0, 36, 8) (18, 41, 26, 45, 24, 12, 32) (5, 13, 10) (29, 37, 34) (9, 20, 3) (33, 44, 27) "
"OP(13,11,7,6,6,4,3)",,Infeasible,,Table config is not valid,,
"OP(13,11,7,6,5,5,3)",,Infeasible,,Table config is not valid,,
"OP(13,11,7,6,5,4,4)",,Infeasible,,Table config is not valid,,
"OP(13,11,7,6,4,3,3,3)",,Infeasible,,Table config is not valid,,
"OP(13,11,7,5,5,5,4)",,Infeasible,,Table config is not valid,,
"OP(13,11,7,5,5,3,3,3)",,Infeasible,,Table config is not valid,,
"OP(13,11,7,5,4,4,3,3)",,Infeasible,,Table config is not valid,,
"OP(13,11,7,4,4,4,4,3)",,Infeasible,,Table config is not valid,,
"OP(13,11,7,4,3,3,3,3,3)",,Infeasible,,Table config is not valid,,
"OP(13,11,6,6,6,5,3)",,Infeasible,,Table config is not valid,,
"OP(12,12,6,6,6,4,4)",0,Solved,"0,1500"," (4t+2)","0,1549","(\infty, 31, 2, 36, 19, 37, \infty, 13, 43, 12, 26, 7) (33, 0, 46, 23, 16, 29, 9, 24, 22, 47, 40, 5) (3, 4, 8, 34, 45, 35) (27, 28, 32, 10, 21, 11) (39, 30, 42, 15, 6, 18) (1, 44, 38, 41) (25, 20, 14, 17) "
"OP(12,12,6,6,5,5,4)",0,Solved,"0,1920"," (4t+2)","0,1963","(\infty, 1, 11, 2, 18, 5, \infty, 29, 42, 26, 35, 25) (13, 44, 16, 31, 4, 23, 37, 20, 40, 7, 28, 47) (9, 17, 43, 0, 36, 39) (33, 41, 19, 24, 12, 15) (14, 3, 10, 6, 8) (38, 27, 34, 30, 32) (46, 21, 22, 45) "
"OP(13,11,6,6,5,3,3,3)",,Infeasible,,Table config is not valid,,
"OP(12,12,6,6,4,4,3,3)",0,Solved,"0,0430"," (4t+2)","0,0470","(\infty, 15, 4, 13, 30, 45, \infty, 21, 6, 37, 28, 39) (20, 8, 22, 38, 10, 23, 44, 32, 46, 14, 34, 47) (11, 7, 1, 2, 9, 19) (35, 31, 25, 26, 33, 43) (16, 41, 12, 42) (40, 17, 36, 18) (0, 5, 3) (24, 29, 27) "
"OP(12,12,6,5,5,5,5)",0,Solved,"0,0560"," (4t+2)","0,0601","(\infty, 3, 4, 6, 9, 21, \infty, 45, 33, 30, 28, 27) (11, 40, 5, 1, 15, 26, 35, 16, 29, 25, 39, 2) (13, 8, 14, 37, 32, 38) (23, 41, 19, 36, 44) (47, 17, 43, 12, 20) (22, 7, 0, 10, 42) (46, 31, 24, 34, 18) "
"OP(12,12,6,5,5,4,3,3)",0,Solved,"0,2320"," (4t+2)","0,2350","(\infty, 36, 3, 22, 33, 20, \infty, 44, 9, 46, 27, 12) (0, 40, 6, 15, 8, 29, 24, 16, 30, 39, 32, 5) (1, 23, 7, 25, 47, 31) (37, 34, 11, 42, 43) (13, 10, 35, 18, 19) (21, 17, 45, 41) (28, 38, 26) (4, 14, 2) "
"OP(13,11,6,5,4,4,4,3)",,Infeasible,,Table config is not valid,,
"OP(13,11,6,5,3,3,3,3,3)",,Infeasible,,Table config is not valid,,
"OP(12,12,6,4,4,4,4,4)",0,Solved,"0,0830"," (4t+2)","0,0872","(\infty, 2, 3, 0, 4, 6, \infty, 30, 28, 24, 27, 26) (32, 16, 47, 17, 43, 37, 8, 40, 23, 41, 19, 13) (22, 34, 9, 46, 10, 33) (14, 42, 15, 1) (38, 18, 39, 25) (45, 5, 12, 7) (21, 29, 36, 31) (11, 20, 35, 44) "
"OP(12,12,6,4,4,3,3,3,3)",0,Solved,"0,0390"," (4t+2)","0,0448","(\infty, 41, 13, 6, 3, 15, \infty, 39, 27, 30, 37, 17) (12, 8, 7, 23, 44, 14, 36, 32, 31, 47, 20, 38) (19, 5, 18, 43, 29, 42) (10, 4, 21, 2) (34, 28, 45, 26) (16, 11, 1) (40, 35, 25) (9, 0, 46) (33, 24, 22) "
"OP(12,12,5,5,5,5,3,3)",0,Solved,"0,0860"," (4t+2)","0,0912","(\infty, 2, 10, 4, 13, 0, \infty, 24, 37, 28, 34, 26) (23, 8, 42, 14, 41, 15, 47, 32, 18, 38, 17, 39) (19, 1, 12, 11, 7) (43, 25, 36, 35, 31) (16, 9, 6, 44, 21) (40, 33, 30, 20, 45) (5, 3, 22) (29, 27, 46) "
"OP(13,11,5,5,5,4,4,3)",,Infeasible,,Table config is not valid,,
"OP(12,12,5,5,4,4,4,4)",0,Solved,"0,0470"," (4t+2)","0,0507","(\infty, 2, 4, 5, 17, 12, \infty, 36, 41, 29, 28, 26) (13, 31, 16, 27, 47, 21, 37, 7, 40, 3, 23, 45) (42, 19, 33, 46, 15) (18, 43, 9, 22, 39) (14, 6, 0, 10) (38, 30, 24, 34) (8, 1, 20, 11) (32, 25, 44, 35) "
"OP(12,12,5,5,4,3,3,3,3)",0,Solved,"0,1710"," (4t+2)","0,1750","(\infty, 3, 4, 6, 1, 13, \infty, 37, 25, 30, 28, 27) (10, 14, 21, 15, 43, 18, 34, 38, 45, 39, 19, 42) (33, 16, 46, 17, 7) (9, 40, 22, 41, 31) (20, 5, 44, 29) (23, 36, 2) (47, 12, 26) (8, 0, 11) (32, 24, 35) "
"OP(13,11,5,4,4,4,3,3,3)",,Infeasible,,Table config is not valid,,
"OP(13,11,5,3,3,3,3,3,3,3)",,Infeasible,,Table config is not valid,,
"OP(12,12,4,4,4,4,4,3,3)",0,Solved,"0,0430"," (4t+2)","0,0478","(\infty, 12, 3, 33, 0, 8, \infty, 32, 24, 9, 27, 36) (13, 30, 1, 46, 47, 31, 37, 6, 25, 22, 23, 7) (34, 41, 45, 11) (10, 17, 21, 35) (5, 26, 38, 43) (29, 2, 14, 19) (28, 39, 4, 15) (42, 16, 44) (18, 40, 20) "
"OP(12,12,4,4,3,3,3,3,3,3)",0,Solved,"0,0920"," (4t+2)","0,0962","(\infty, 10, 5, 7, 13, 22, \infty, 46, 37, 31, 29, 34) (36, 19, 33, 18, 6, 47, 12, 43, 9, 42, 30, 23) (15, 44, 21, 41) (39, 20, 45, 17) (35, 3, 14) (11, 27, 38) (8, 16, 26) (32, 40, 2) (1, 0, 4) (25, 24, 28) "
"OP(8,10,10,10,12)",0,Solved,"0,0630"," (4t+2)","0,0675","(\infty, 37, 23, 45, \infty, 21, 47, 13) (2, 12, 15, 43, 22, 38, 20, 9, 0, 8) (26, 36, 39, 19, 46, 14, 44, 33, 24, 32) (10, 41, 18, 6, 1, 34, 17, 42, 30, 25) (3, 7, 5, 4, 11, 40, 27, 31, 29, 28, 35, 16) "
"OP(4,10,10,10,4,12)",0,Solved,"0,0900"," (4t+2)","0,0954","(\infty, 0, \infty, 24) (18, 2, 12, 14, 5, 23, 10, 3, 17, 6) (42, 26, 36, 38, 29, 47, 34, 27, 41, 30) (1, 16, 35, 7, 8, 25, 40, 11, 31, 32) (22, 19, 46, 43) (21, 44, 4, 9, 13, 39, 45, 20, 28, 33, 37, 15) "
"OP(10,10,10,12,8)",0,Solved,"0,0520"," (4t+2)","0,0550","(\infty, 30, 39, 34, 44, \infty, 20, 10, 15, 6) (37, 26, 24, 45, 5, 33, 3, 38, 35, 4) (13, 2, 0, 21, 29, 9, 27, 14, 11, 28) (31, 43, 36, 40, 46, 32, 7, 19, 12, 16, 22, 8) (47, 25, 41, 42, 23, 1, 17, 18) "
"OP(13,10,10,9,5,3)",,Infeasible,,Table config is not valid,,
"OP(10,10,10,12,4,4)",0,Solved,"0,0470"," (4t+2)","0,0509","(\infty, 5, 18, 10, 47, \infty, 23, 34, 42, 29) (43, 21, 12, 7, 4, 0, 2, 3, 9, 16) (19, 45, 36, 31, 28, 24, 26, 27, 33, 40) (39, 14, 46, 32, 17, 35, 15, 38, 22, 8, 41, 11) (13, 1, 20, 30) (37, 25, 44, 6) "
"OP(4,10,10,8,6,12)",0,Solved,"0,0440"," (4t+2)","0,0478","(\infty, 1, \infty, 25) (2, 3, 0, 4, 23, 5, 11, 9, 19, 7) (26, 27, 24, 28, 47, 29, 35, 33, 43, 31) (8, 17, 30, 15, 32, 41, 6, 39) (18, 10, 21, 42, 34, 45) (12, 37, 44, 16, 38, 22, 36, 13, 20, 40, 14, 46) "
"OP(6,10,10,8,12,4)",0,Solved,"0,2270"," (4t+2)","0,2316","(\infty, 19, 13, \infty, 37, 43) (44, 8, 40, 14, 41, 7, 2, 5, 1, 21) (20, 32, 16, 38, 17, 31, 26, 29, 25, 45) (0, 10, 9, 42, 24, 34, 33, 18) (11, 3, 22, 15, 6, 4, 35, 27, 46, 39, 30, 28) (12, 23, 36, 47) "
"OP(4,10,10,8,12,3,3)",0,Solved,"0,1260"," (4t+2)","0,1299","(\infty, 11, \infty, 35) (1, 10, 5, 43, 8, 2, 9, 36, 44, 21) (25, 34, 29, 19, 32, 26, 33, 12, 20, 45) (46, 0, 14, 3, 22, 24, 38, 27) (41, 42, 16, 28, 31, 13, 17, 18, 40, 4, 7, 37) (23, 39, 6) (47, 15, 30) "
"OP(4,10,10,7,7,12)",0,Solved,"0,0410"," (4t+2)","0,0447","(\infty, \infty, 23, 47) (46, 14, 35, 17, 6, 21, 40, 12, 37, 20) (22, 38, 11, 41, 30, 45, 16, 36, 13, 44) (18, 8, 1, 2, 10, 19, 31) (42, 32, 25, 26, 34, 43, 7) (15, 9, 4, 0, 3, 5, 39, 33, 28, 24, 27, 29) "
"OP(8,10,10,12,6,4)",0,Solved,"0,1320"," (4t+2)","0,1359","(\infty, 14, 35, 28, \infty, 4, 11, 38) (15, 23, 12, 44, 8, 6, 2, 5, 31, 46) (39, 47, 36, 20, 32, 30, 26, 29, 7, 22) (0, 18, 37, 3, 9, 19, 24, 42, 13, 27, 33, 43) (1, 10, 45, 25, 34, 21) (16, 17, 40, 41) "
"OP(8,10,10,12,5,5)",0,Solved,"0,0650"," (4t+2)","0,0687","(\infty, 9, 45, 47, \infty, 23, 21, 33) (30, 24, 2, 34, 4, 3, 8, 12, 1, 15) (6, 0, 26, 10, 28, 27, 32, 36, 25, 39) (22, 31, 44, 37, 29, 19, 46, 7, 20, 13, 5, 43) (38, 41, 16, 35, 18) (14, 17, 40, 11, 42) "
"OP(8,10,10,12,4,3,3)",0,Solved,"0,2340"," (4t+2)","0,2387","(\infty, 7, 0, 1, \infty, 25, 24, 31) (2, 4, 15, 32, 47, 19, 13, 5, 9, 14) (26, 28, 39, 8, 23, 43, 37, 29, 33, 38) (16, 45, 36, 22, 35, 17, 40, 21, 12, 46, 11, 41) (27, 30, 3, 6) (10, 20, 42) (34, 44, 18) "
"OP(6,10,10,6,6,12)",0,Solved,"0,0430"," (4t+2)","0,0468","(\infty, 18, 46, \infty, 22, 42) (23, 35, 17, 7, 20, 36, 13, 40, 21, 38) (47, 11, 41, 31, 44, 12, 37, 16, 45, 14) (8, 1, 2, 10, 19, 30) (32, 25, 26, 34, 43, 6) (15, 9, 4, 0, 3, 5, 39, 33, 28, 24, 27, 29) "
"OP(6,10,10,6,12,3,3)",0,Solved,"0,2710"," (4t+2)","0,2751","(\infty, 44, 0, \infty, 24, 20) (8, 19, 45, 16, 25, 33, 31, 34, 41, 35) (32, 43, 21, 40, 1, 9, 7, 10, 17, 11) (5, 37, 6, 29, 13, 30) (46, 12, 2, 38, 39, 4, 22, 36, 26, 14, 15, 28) (18, 3, 23) (42, 27, 47) "
"OP(4,10,10,6,4,4,12)",0,Solved,"0,0430"," (4t+2)","0,0475","(\infty, 22, \infty, 46) (3, 19, 33, 21, 40, 23, 44, 18, 38, 8) (27, 43, 9, 45, 16, 47, 20, 42, 14, 32) (36, 11, 1, 12, 35, 25) (2, 17, 13, 10) (26, 41, 37, 34) (4, 5, 7, 0, 6, 15, 28, 29, 31, 24, 30, 39) "
"OP(4,10,10,5,5,4,12)",0,Solved,"0,0600"," (4t+2)","0,0644","(\infty, 21, \infty, 45) (6, 2, 9, 18, 47, 20, 46, 34, 17, 7) (30, 26, 33, 42, 23, 44, 22, 10, 41, 31) (19, 1, 16, 14, 39) (43, 25, 40, 38, 15) (4, 12, 28, 36) (13, 0, 11, 5, 8, 3, 37, 24, 35, 29, 32, 27) "
"OP(6,10,10,12,4,4,4)",0,Solved,"0,1580"," (4t+2)","0,1619","(\infty, \infty, 23, 41, 17, 47) (40, 18, 1, 7, 19, 15, 35, 10, 20, 13) (16, 42, 25, 31, 43, 39, 11, 34, 44, 37) (9, 22, 6, 5, 2, 4, 33, 46, 30, 29, 26, 28) (0, 8, 3, 14) (24, 32, 27, 38) (21, 12, 45, 36) "
"OP(6,10,10,12,3,3,3,3)",0,Solved,"0,2280"," (4t+2)","0,2315","(\infty, 1, 5, \infty, 29, 25) (43, 33, 24, 26, 13, 36, 17, 38, 20, 42) (19, 9, 0, 2, 37, 12, 41, 14, 44, 18) (28, 23, 7, 27, 10, 16, 4, 47, 31, 3, 34, 40) (21, 32, 35) (45, 8, 11) (30, 22, 15) (6, 46, 39) "
"OP(4,10,10,4,4,12,3,3)",0,Solved,"0,0430"," (4t+2)","0,0466","(\infty, 19, \infty, 43) (38, 22, 11, 23, 36, 21, 39, 20, 40, 17) (14, 46, 35, 47, 12, 45, 15, 44, 16, 41) (4, 7, 1, 2) (28, 31, 25, 26) (30, 13, 3, 10, 18, 32, 6, 37, 27, 34, 42, 8) (0, 5, 9) (24, 29, 33) "
"OP(10,10,12,9,9)",0,Solved,"0,1380"," (4t+2)","0,1423","(\infty, 22, 12, 21, 0, \infty, 24, 45, 36, 46) (6, 14, 16, 33, 11, 30, 38, 40, 9, 35) (8, 20, 17, 13, 7, 25, 32, 44, 41, 37, 31, 1) (5, 39, 19, 34, 47, 4, 3, 26, 42) (29, 15, 43, 10, 23, 28, 27, 2, 18) "
"OP(4,10,9,9,6,12)",0,Solved,"0,0680"," (4t+2)","0,0721","(\infty, 9, \infty, 33) (14, 7, 21, 15, 17, 38, 31, 45, 39, 41) (0, 19, 44, 18, 5, 23, 3, 8, 12) (24, 43, 20, 42, 29, 47, 27, 32, 36) (1, 2, 10, 25, 26, 34) (11, 22, 6, 16, 13, 4, 35, 46, 30, 40, 37, 28) "
"OP(6,10,9,9,12,4)",0,Solved,"0,0910"," (4t+2)","0,0947","(\infty, 43, 45, \infty, 21, 19) (2, 44, 47, 37, 1, 26, 20, 23, 13, 25) (16, 7, 15, 8, 4, 5, 36, 9, 42) (40, 31, 39, 32, 28, 29, 12, 33, 18) (0, 11, 41, 6, 38, 10, 24, 35, 17, 30, 14, 34) (3, 46, 27, 22) "
"OP(4,10,9,9,12,3,3)",0,Solved,"0,0490"," (4t+2)","0,0523","(\infty, 11, \infty, 35) (14, 46, 20, 45, 18, 38, 22, 44, 21, 42) (4, 7, 13, 23, 34, 16, 8, 1, 2) (28, 31, 37, 47, 10, 40, 32, 25, 26) (30, 15, 3, 17, 36, 19, 6, 39, 27, 41, 12, 43) (0, 5, 9) (24, 29, 33) "
"OP(13,10,9,8,7,3)",,Infeasible,,Table config is not valid,,
"OP(10,10,12,8,6,4)",0,Solved,"0,3830"," (4t+2)","0,3881","(\infty, 44, 17, 21, 4, \infty, 28, 45, 41, 20) (7, 1, 19, 5, 2, 31, 25, 43, 29, 26) (11, 0, 23, 8, 16, 15, 35, 24, 47, 32, 40, 39) (6, 13, 3, 42, 30, 37, 27, 18) (14, 9, 22, 38, 33, 46) (10, 12, 34, 36) "
"OP(10,10,12,8,5,5)",0,Solved,"0,0860"," (4t+2)","0,0899","(\infty, 44, 30, 5, 24, \infty, 0, 29, 6, 20) (14, 7, 12, 9, 22, 38, 31, 36, 33, 46) (39, 45, 8, 28, 2, 42, 15, 21, 32, 4, 26, 18) (37, 35, 47, 43, 13, 11, 23, 19) (1, 40, 41, 3, 34) (25, 16, 17, 27, 10) "
"OP(10,10,12,8,4,3,3)",0,Solved,"0,0750"," (4t+2)","0,0796","(\infty, 8, 1, 16, 0, \infty, 24, 40, 25, 32) (37, 42, 3, 7, 41, 13, 18, 27, 31, 17) (19, 44, 23, 26, 38, 21, 43, 20, 47, 2, 14, 45) (29, 10, 9, 11, 5, 34, 33, 35) (15, 28, 39, 4) (6, 36, 46) (30, 12, 22) "
"OP(10,10,12,7,7,4)",0,Solved,"0,0670"," (4t+2)","0,0723","(\infty, 40, 5, 6, 8, \infty, 32, 30, 29, 16) (20, 15, 11, 45, 14, 44, 39, 35, 21, 38) (2, 22, 43, 18, 37, 4, 26, 46, 19, 42, 13, 28) (0, 7, 10, 47, 41, 3, 12) (24, 31, 34, 23, 17, 27, 36) (9, 1, 33, 25) "
"OP(13,10,9,7,6,5)",,Infeasible,,Table config is not valid,,
"OP(13,10,9,7,5,3,3)",,Infeasible,,Table config is not valid,,
"OP(13,10,9,7,4,4,3)",,Infeasible,,Table config is not valid,,
"OP(10,10,12,6,6,6)",0,Solved,"0,0570"," (4t+2)","0,0608","(\infty, 37, 30, 27, 7, \infty, 31, 3, 6, 13) (47, 38, 36, 11, 42, 23, 14, 12, 35, 18) (2, 24, 28, 41, 40, 34, 26, 0, 4, 17, 16, 10) (44, 29, 45, 9, 39, 1) (20, 5, 21, 33, 15, 25) (46, 32, 43, 22, 8, 19) "
"OP(10,10,12,6,6,3,3)",0,Solved,"0,0670"," (4t+2)","0,0731","(\infty, 14, 43, 44, 16, \infty, 40, 20, 19, 38) (2, 9, 3, 6, 42, 26, 33, 27, 30, 18) (10, 23, 1, 11, 41, 7, 34, 47, 25, 35, 17, 31) (22, 45, 12, 8, 0, 5) (46, 21, 36, 32, 24, 29) (4, 15, 13) (28, 39, 37) "
"OP(13,10,9,6,5,4,3)",,Infeasible,,Table config is not valid,,
"OP(10,10,12,6,4,4,4)",0,Solved,"0,1690"," (4t+2)","0,1733","(\infty, 7, 13, 43, 11, \infty, 35, 19, 37, 31) (44, 18, 9, 6, 10, 20, 42, 33, 30, 34) (17, 38, 2, 4, 21, 36, 41, 14, 26, 28, 45, 12) (3, 22, 47, 27, 46, 23) (0, 8, 15, 1) (24, 32, 39, 25) (5, 16, 29, 40) "
"OP(10,10,12,6,3,3,3,3)",0,Solved,"0,0960"," (4t+2)","0,1010","(\infty, 8, 2, 14, 40, \infty, 16, 38, 26, 32) (42, 11, 39, 6, 45, 18, 35, 15, 30, 21) (5, 34, 0, 43, 46, 33, 29, 10, 24, 19, 22, 9) (1, 47, 7, 25, 23, 31) (44, 12, 37) (20, 36, 13) (28, 17, 27) (4, 41, 3) "
"OP(13,10,9,5,5,5,3)",,Infeasible,,Table config is not valid,,
"OP(10,10,12,5,5,4,4)",0,Solved,"0,0860"," (4t+2)","0,0907","(\infty, 17, 47, 34, 5, \infty, 29, 10, 23, 41) (3, 7, 13, 11, 22, 27, 31, 37, 35, 46) (36, 15, 18, 28, 19, 44, 12, 39, 42, 4, 43, 20) (32, 40, 14, 0, 1) (8, 16, 38, 24, 25) (30, 2, 9, 45) (6, 26, 33, 21) "
"OP(13,10,9,5,4,3,3,3)",,Infeasible,,Table config is not valid,,
"OP(10,10,12,4,4,4,3,3)",0,Solved,"0,2660"," (4t+2)","0,2702","(\infty, 17, 20, 32, 21, \infty, 45, 8, 44, 41) (42, 19, 5, 14, 13, 18, 43, 29, 38, 37) (34, 16, 23, 27, 6, 4, 10, 40, 47, 3, 30, 28) (36, 7, 24, 46) (12, 31, 0, 22) (9, 1, 33, 25) (11, 39, 26) (35, 15, 2) "
"OP(10,10,12,3,3,3,3,3,3)",0,Solved,"0,2150"," (4t+2)","0,2193","(\infty, 33, 37, 14, 23, \infty, 47, 38, 13, 9) (20, 46, 35, 4, 31, 44, 22, 11, 28, 7) (36, 17, 16, 0, 10, 5, 12, 41, 40, 24, 34, 29) (25, 45, 43) (1, 21, 19) (39, 3, 6) (15, 27, 30) (42, 2, 8) (18, 26, 32) "
"OP(4,10,8,8,8,12)",0,Solved,"0,0950"," (4t+2)","0,0990","(\infty, 18, \infty, 42) (46, 20, 9, 3, 10, 22, 44, 33, 27, 34) (1, 5, 8, 39, 21, 41, 7, 6) (25, 29, 32, 15, 45, 17, 31, 30) (2, 4, 12, 35, 26, 28, 36, 11) (40, 19, 38, 23, 13, 0, 16, 43, 14, 47, 37, 24) "
"OP(8,10,8,8,12,4)",0,Solved,"0,1770"," (4t+2)","0,1807","(\infty, 42, 37, 16, \infty, 40, 13, 18) (35, 15, 31, 12, 4, 11, 39, 7, 36, 28) (5, 30, 47, 1, 10, 24, 46, 43) (29, 6, 23, 25, 34, 0, 22, 19) (41, 8, 14, 2, 3, 21, 17, 32, 38, 26, 27, 45) (44, 9, 20, 33) "
"OP(6,10,8,8,6,12)",0,Solved,"0,0890"," (4t+2)","0,0929","(\infty, 46, 40, \infty, 16, 22) (14, 39, 10, 44, 8, 38, 15, 34, 20, 32) (2, 5, 9, 11, 0, 1, 17, 43) (26, 29, 33, 35, 24, 25, 41, 19) (23, 3, 30, 47, 27, 6) (7, 45, 12, 4, 13, 18, 31, 21, 36, 28, 37, 42) "
"OP(6,10,8,8,12,3,3)",0,Solved,"0,0960"," (4t+2)","0,0993","(\infty, 42, 32, \infty, 8, 18) (30, 33, 44, 29, 34, 6, 9, 20, 5, 10) (28, 27, 46, 0, 36, 45, 37, 2) (4, 3, 22, 24, 12, 21, 13, 26) (35, 14, 31, 47, 40, 17, 11, 38, 7, 23, 16, 41) (25, 39, 43) (1, 15, 19) "
"OP(4,10,8,8,4,4,12)",0,Solved,"0,0580"," (4t+2)","0,0618","(\infty, 34, \infty, 10) (41, 1, 21, 39, 7, 17, 25, 45, 15, 31) (13, 12, 8, 14, 29, 27, 22, 0) (37, 36, 32, 38, 5, 3, 46, 24) (40, 4, 18, 43) (16, 28, 42, 19) (9, 20, 11, 30, 47, 26, 33, 44, 35, 6, 23, 2) "
"OP(6,10,8,7,7,12)",0,Solved,"0,0480"," (4t+2)","0,0521","(\infty, 20, 46, \infty, 22, 44) (15, 5, 3, 6, 11, 39, 29, 27, 30, 35) (17, 4, 0, 18, 41, 28, 24, 42) (16, 7, 1, 8, 9, 21, 37) (40, 31, 25, 32, 33, 45, 13) (2, 10, 47, 14, 43, 12, 26, 34, 23, 38, 19, 36) "
"OP(8,10,8,12,6,6)",0,Solved,"0,0480"," (4t+2)","0,0539","(\infty, 16, 37, 22, \infty, 46, 13, 40) (4, 15, 31, 12, 42, 28, 39, 7, 36, 18) (17, 43, 23, 10, 41, 19, 47, 34) (8, 1, 2, 11, 21, 44, 32, 25, 26, 35, 45, 20) (9, 14, 6, 0, 3, 5) (33, 38, 30, 24, 27, 29) "
"OP(8,10,8,12,6,3,3)",0,Solved,"0,0800"," (4t+2)","0,0843","(\infty, 14, 40, 22, \infty, 46, 16, 38) (39, 19, 12, 6, 1, 15, 43, 36, 30, 25) (13, 5, 4, 2, 37, 29, 28, 26) (45, 18, 47, 35, 20, 10, 21, 42, 23, 11, 44, 34) (7, 3, 0, 31, 27, 24) (17, 8, 33) (41, 32, 9) "
"OP(13,10,8,7,5,4,3)",,Infeasible,,Table config is not valid,,
"OP(8,10,8,12,4,4,4)",0,Solved,"0,1350"," (4t+2)","0,1393","(\infty, 34, 11, 16, \infty, 40, 35, 10) (6, 27, 19, 41, 45, 30, 3, 43, 17, 21) (5, 8, 47, 46, 29, 32, 23, 22) (9, 38, 18, 20, 4, 15, 33, 14, 42, 44, 28, 39) (0, 7, 1, 13) (24, 31, 25, 37) (2, 12, 26, 36) "
"OP(8,10,8,12,3,3,3,3)",0,Solved,"0,2230"," (4t+2)","0,2272","(\infty, 38, 36, 18, \infty, 42, 12, 14) (28, 37, 45, 8, 20, 4, 13, 21, 32, 44) (0, 22, 23, 27, 24, 46, 47, 3) (30, 43, 2, 25, 40, 35, 6, 19, 26, 1, 16, 11) (31, 41, 10) (7, 17, 34) (33, 5, 39) (9, 29, 15) "
"OP(4,10,8,6,6,4,12)",0,Solved,"0,0420"," (4t+2)","0,0452","(\infty, 33, \infty, 9) (18, 43, 0, 46, 16, 42, 19, 24, 22, 40) (7, 8, 20, 14, 31, 32, 44, 38) (21, 11, 15, 34, 1, 28) (45, 35, 39, 10, 25, 4) (13, 29, 37, 5) (3, 23, 12, 26, 17, 30, 27, 47, 36, 2, 41, 6) "
"OP(4,10,8,6,5,5,12)",0,Solved,"0,0860"," (4t+2)","0,0907","(\infty, 0, \infty, 24) (2, 3, 7, 5, 8, 26, 27, 31, 29, 32) (4, 9, 15, 6, 28, 33, 39, 30) (10, 17, 42, 34, 41, 18) (11, 21, 38, 19, 46) (35, 45, 14, 43, 22) (20, 40, 25, 37, 23, 12, 44, 16, 1, 13, 47, 36) "
"OP(6,10,8,6,12,4,4)",0,Solved,"0,1370"," (4t+2)","0,1425","(\infty, 4, 16, \infty, 40, 28) (44, 19, 8, 22, 35, 20, 43, 32, 46, 11) (23, 13, 7, 15, 47, 37, 31, 39) (34, 12, 41, 10, 36, 17) (6, 1, 0, 2, 5, 9, 30, 25, 24, 26, 29, 33) (42, 3, 21, 14) (18, 27, 45, 38) "
"OP(4,10,8,6,4,12,3,3)",0,Solved,"0,1140"," (4t+2)","0,1184","(\infty, 22, \infty, 46) (18, 39, 21, 13, 11, 42, 15, 45, 37, 35) (3, 4, 7, 1, 27, 28, 31, 25) (0, 5, 9, 24, 29, 33) (2, 12, 26, 36) (20, 40, 17, 10, 47, 8, 44, 16, 41, 34, 23, 32) (6, 38, 19) (30, 14, 43) "
"OP(6,10,8,12,5,5,4)",0,Solved,"0,1990"," (4t+2)","0,2046","(\infty, 38, 22, \infty, 46, 14) (5, 42, 25, 13, 28, 29, 18, 1, 37, 4) (40, 0, 19, 26, 16, 24, 43, 2) (7, 3, 8, 34, 47, 33, 31, 27, 32, 10, 23, 9) (21, 30, 36, 11, 39) (45, 6, 12, 35, 15) (41, 44, 17, 20) "
"OP(4,10,8,5,5,12,3,3)",0,Solved,"0,0790"," (4t+2)","0,0822","(\infty, 42, \infty, 18) (30, 26, 32, 46, 39, 6, 2, 8, 22, 15) (38, 29, 13, 16, 14, 5, 37, 40) (0, 11, 41, 31, 36) (24, 35, 17, 7, 12) (33, 34, 47, 21, 1, 28, 9, 10, 23, 45, 25, 4) (19, 44, 27) (43, 20, 3) "
"OP(6,10,8,12,4,4,3,3)",0,Solved,"0,0940"," (4t+2)","0,0983","(\infty, 21, 17, \infty, 41, 45) (11, 23, 6, 9, 24, 35, 47, 30, 33, 0) (15, 2, 20, 1, 39, 26, 44, 25) (3, 46, 5, 13, 19, 18, 27, 22, 29, 37, 43, 42) (38, 4, 36, 16) (14, 28, 12, 40) (10, 8, 31) (34, 32, 7) "
"OP(4,10,8,4,4,4,4,12)",0,Solved,"0,0940"," (4t+2)","0,0973","(\infty, 47, \infty, 23) (28, 14, 7, 44, 42, 4, 38, 31, 20, 18) (33, 46, 34, 30, 9, 22, 10, 6) (35, 26, 29, 12) (11, 2, 5, 36) (0, 43, 37, 15) (24, 19, 13, 39) (27, 8, 40, 41, 1, 21, 3, 32, 16, 17, 25, 45) "
"OP(4,10,8,4,12,3,3,3,3)",0,Solved,"0,1630"," (4t+2)","0,1666","(\infty, 37, \infty, 13) (43, 45, 29, 34, 7, 19, 21, 5, 10, 31) (30, 4, 0, 9, 6, 28, 24, 33) (44, 38, 20, 14) (32, 39, 11, 40, 27, 41, 8, 15, 35, 16, 3, 17) (42, 2, 25) (18, 26, 1) (46, 47, 36) (22, 23, 12) "
"OP(8,10,12,7,7,6)",0,Solved,"0,1140"," (4t+2)","0,1181","(\infty, 33, 37, 3, \infty, 27, 13, 9) (42, 16, 14, 35, 12, 18, 40, 38, 11, 36) (29, 0, 10, 47, 4, 21, 5, 24, 34, 23, 28, 45) (25, 32, 44, 41, 2, 15, 43) (1, 8, 20, 17, 26, 39, 19) (7, 6, 46, 31, 30, 22) "
"OP(8,10,12,7,7,3,3)",0,Solved,"0,1750"," (4t+2)","0,1783","(\infty, 47, 0, 37, \infty, 13, 24, 23) (39, 17, 1, 22, 45, 15, 41, 25, 46, 21) (4, 35, 7, 12, 2, 9, 28, 11, 31, 36, 26, 33) (19, 10, 6, 14, 20, 8, 5) (43, 34, 30, 38, 44, 32, 29) (16, 18, 3) (40, 42, 27) "
"OP(4,10,7,7,6,4,12)",0,Solved,"0,1170"," (4t+2)","0,1214","(\infty, 21, \infty, 45) (11, 2, 18, 16, 4, 35, 26, 42, 40, 28) (9, 1, 12, 17, 23, 43, 22) (33, 25, 36, 41, 47, 19, 46) (6, 7, 0, 30, 31, 24) (3, 13, 27, 37) (8, 5, 20, 39, 14, 10, 32, 29, 44, 15, 38, 34) "
"OP(4,10,7,7,5,5,12)",0,Solved,"0,0430"," (4t+2)","0,0465","(\infty, 37, \infty, 13) (8, 43, 0, 18, 47, 32, 19, 24, 42, 23) (15, 5, 33, 21, 10, 12, 16) (39, 29, 9, 45, 34, 36, 40) (3, 26, 4, 11, 20) (27, 2, 28, 35, 44) (17, 14, 6, 22, 1, 7, 41, 38, 30, 46, 25, 31) "
"OP(6,10,7,7,12,4,4)",0,Solved,"0,1000"," (4t+2)","0,1037","(\infty, 43, 1, \infty, 25, 19) (14, 6, 27, 7, 4, 38, 30, 3, 31, 28) (32, 17, 40, 11, 12, 2, 15) (8, 41, 16, 35, 36, 26, 39) (21, 37, 44, 22, 10, 47, 45, 13, 20, 46, 34, 23) (0, 18, 9, 5) (24, 42, 33, 29) "
"OP(4,10,7,7,4,12,3,3)",0,Solved,"0,0430"," (4t+2)","0,0464","(\infty, 14, \infty, 38) (42, 10, 5, 3, 6, 18, 34, 29, 27, 30) (39, 12, 4, 0, 13, 23, 8) (15, 36, 28, 24, 37, 47, 32) (1, 7, 25, 31) (20, 43, 9, 2, 11, 22, 44, 19, 33, 26, 35, 46) (17, 45, 16) (41, 21, 40) "
"OP(13,10,7,6,6,5,3)",,Infeasible,,Table config is not valid,,
"OP(8,10,12,6,6,4,4)",0,Solved,"0,1310"," (4t+2)","0,1352","(\infty, 3, 34, 5, \infty, 29, 10, 27) (2, 1, 11, 8, 31, 26, 25, 35, 32, 7) (42, 16, 9, 23, 44, 14, 18, 40, 33, 47, 20, 38) (43, 37, 46, 30, 17, 45) (19, 13, 22, 6, 41, 21) (12, 0, 15, 4) (36, 24, 39, 28) "
"OP(8,10,12,6,5,5,4)",0,Solved,"0,1040"," (4t+2)","0,1096","(\infty, 5, 19, 17, \infty, 41, 43, 29) (8, 14, 2, 9, 1, 32, 38, 26, 33, 25) (11, 10, 6, 15, 0, 22, 35, 34, 30, 39, 24, 46) (42, 47, 37, 18, 23, 13) (3, 21, 44, 12, 40) (27, 45, 20, 36, 16) (4, 31, 28, 7) "
"OP(13,10,7,6,5,3,3,3)",,Infeasible,,Table config is not valid,,
"OP(8,10,12,6,4,4,3,3)",0,Solved,"0,0590"," (4t+2)","0,0641","(\infty, 33, 29, 43, \infty, 19, 5, 9) (3, 21, 8, 6, 47, 27, 45, 32, 30, 23) (39, 10, 7, 38, 37, 42, 15, 34, 31, 14, 13, 18) (20, 46, 4, 44, 22, 28) (36, 26, 11, 0) (12, 2, 35, 24) (1, 17, 40) (25, 41, 16) "
"OP(8,10,12,5,5,5,5)",0,Solved,"0,1000"," (4t+2)","0,1044","(\infty, 14, 45, 18, \infty, 42, 21, 38) (9, 29, 43, 17, 36, 33, 5, 19, 41, 12) (0, 15, 2, 13, 11, 1, 24, 39, 26, 37, 35, 25) (28, 44, 8, 16, 10) (4, 20, 32, 40, 34) (6, 7, 46, 3, 47) (30, 31, 22, 27, 23) "
"OP(8,10,12,5,5,4,3,3)",0,Solved,"0,1760"," (4t+2)","0,1808","(\infty, 39, 37, 31, \infty, 7, 13, 15) (41, 3, 29, 47, 46, 17, 27, 5, 23, 22) (43, 38, 1, 24, 36, 40, 19, 14, 25, 0, 12, 16) (33, 2, 35, 44, 30) (9, 26, 11, 20, 6) (34, 42, 10, 18) (4, 32, 45) (28, 8, 21) "
"OP(13,10,7,5,4,4,4,3)",,Infeasible,,Table config is not valid,,
"OP(13,10,7,5,3,3,3,3,3)",,Infeasible,,Table config is not valid,,
"OP(8,10,12,4,4,4,4,4)",0,Solved,"0,1620"," (4t+2)","0,1659","(\infty, 18, 45, 28, \infty, 4, 21, 42) (40, 31, 1, 35, 13, 16, 7, 25, 11, 37) (17, 30, 15, 22, 23, 43, 41, 6, 39, 46, 47, 19) (8, 2, 14, 3) (32, 26, 38, 27) (9, 5, 24, 34) (33, 29, 0, 10) (44, 36, 20, 12) "
"OP(8,10,12,4,4,3,3,3,3)",0,Solved,"0,0610"," (4t+2)","0,0655","(\infty, 46, 11, 42, \infty, 18, 35, 22) (3, 6, 14, 2, 7, 27, 30, 38, 26, 31) (8, 10, 4, 13, 23, 9, 32, 34, 28, 37, 47, 33) (16, 0, 15, 45) (40, 24, 39, 21) (5, 1, 12) (29, 25, 36) (43, 44, 17) (19, 20, 41) "
"OP(4,10,6,6,6,6,12)",0,Solved,"0,0440"," (4t+2)","0,0482","(\infty, 16, \infty, 40) (44, 23, 35, 17, 7, 20, 47, 11, 41, 31) (18, 46, 14, 45, 12, 37) (42, 22, 38, 21, 36, 13) (8, 1, 2, 10, 19, 30) (32, 25, 26, 34, 43, 6) (15, 9, 4, 0, 3, 5, 39, 33, 28, 24, 27, 29) "
"OP(6,10,6,6,6,12,4)",0,Solved,"0,1070"," (4t+2)","0,1121","(\infty, 3, 13, \infty, 37, 27) (12, 46, 11, 7, 0, 36, 22, 35, 31, 24) (21, 15, 4, 9, 8, 6) (45, 39, 28, 33, 32, 30) (40, 17, 43, 16, 41, 19) (5, 14, 44, 47, 18, 1, 29, 38, 20, 23, 42, 25) (2, 10, 26, 34) "
"OP(4,10,6,6,6,12,3,3)",0,Solved,"0,0460"," (4t+2)","0,0498","(\infty, 42, \infty, 18) (15, 5, 27, 32, 9, 39, 29, 3, 8, 33) (36, 20, 6, 14, 34, 1) (12, 44, 30, 38, 10, 25) (46, 17, 21, 22, 41, 45) (47, 16, 43, 2, 0, 11, 23, 40, 19, 26, 24, 35) (37, 31, 28) (13, 7, 4) "
"OP(6,10,6,6,12,5,5)",0,Solved,"0,0710"," (4t+2)","0,0758","(\infty, 21, 47, \infty, 23, 45) (5, 14, 31, 18, 41, 29, 38, 7, 42, 17) (40, 11, 3, 10, 15, 30) (16, 35, 27, 34, 39, 6) (13, 43, 22, 36, 20, 9, 37, 19, 46, 12, 44, 33) (2, 8, 4, 1, 0) (26, 32, 28, 25, 24) "
"OP(6,10,6,6,12,4,3,3)",0,Solved,"0,0790"," (4t+2)","0,0856","(\infty, 47, 19, \infty, 43, 23) (44, 5, 4, 18, 2, 20, 29, 28, 42, 26) (10, 6, 0, 12, 17, 39) (34, 30, 24, 36, 41, 15) (37, 45, 22, 7, 9, 40, 13, 21, 46, 31, 33, 16) (14, 3, 38, 27) (8, 1, 11) (32, 25, 35) "
"OP(4,10,6,6,4,4,4,12)",0,Solved,"0,1500"," (4t+2)","0,1541","(\infty, 2, \infty, 26) (37, 3, 4, 6, 9, 13, 27, 28, 30, 33) (8, 17, 12, 34, 16, 1) (32, 41, 36, 10, 40, 25) (14, 45, 18, 46) (38, 21, 42, 22) (11, 0, 35, 24) (19, 44, 15, 5, 47, 7, 43, 20, 39, 29, 23, 31) "
"OP(4,10,6,6,12,3,3,3,3)",0,Solved,"0,0560"," (4t+2)","0,0604","(\infty, 3, \infty, 27) (21, 43, 14, 4, 12, 45, 19, 38, 28, 36) (9, 5, 7, 10, 37, 20) (33, 29, 31, 34, 13, 44) (23, 46, 18, 0, 6, 11, 47, 22, 42, 24, 30, 35) (8, 17, 1) (32, 41, 25) (15, 2, 16) (39, 26, 40) "
"OP(6,10,6,12,5,5,3,3)",0,Solved,"0,0870"," (4t+2)","0,0912","(\infty, 10, 2, \infty, 26, 34) (11, 9, 3, 42, 12, 35, 33, 27, 18, 36) (4, 21, 47, 28, 45, 23) (8, 5, 16, 43, 15, 20, 32, 29, 40, 19, 39, 44) (17, 13, 6, 22, 7) (41, 37, 30, 46, 31) (1, 14, 0) (25, 38, 24) "
"OP(4,10,6,5,5,4,4,12)",0,Solved,"0,0500"," (4t+2)","0,0537","(\infty, 44, \infty, 20) (31, 39, 43, 40, 33, 7, 15, 19, 16, 9) (27, 37, 46, 3, 13, 22) (36, 38, 4, 24, 42) (12, 14, 28, 0, 18) (1, 26, 47, 32) (25, 2, 23, 8) (5, 41, 6, 35, 34, 45, 29, 17, 30, 11, 10, 21) "
"OP(6,10,6,12,4,4,4,4)",0,Solved,"0,1430"," (4t+2)","0,1466","(\infty, 1, 3, \infty, 27, 25) (44, 16, 6, 17, 35, 20, 40, 30, 41, 11) (34, 18, 39, 10, 42, 15) (0, 4, 9, 22, 8, 7, 24, 28, 33, 46, 32, 31) (38, 2, 5, 47) (14, 26, 29, 23) (43, 36, 13, 21) (19, 12, 37, 45) "
"OP(6,10,6,12,4,3,3,3,3)",0,Solved,"0,2810"," (4t+2)","0,2860","(\infty, \infty, 23, 15, 39, 47) (9, 42, 0, 5, 8, 33, 18, 24, 29, 32) (12, 40, 1, 36, 16, 25) (22, 43, 14, 2, 13, 45, 46, 19, 38, 26, 37, 21) (4, 6, 28, 30) (11, 7, 41) (35, 31, 17) (3, 20, 10) (27, 44, 34) "
"OP(4,10,6,4,4,4,12,3,3)",0,Solved,"0,1030"," (4t+2)","0,1070","(\infty, 14, \infty, 38) (47, 18, 44, 13, 46, 23, 42, 20, 37, 22) (15, 10, 2, 39, 34, 26) (19, 33, 12, 3) (43, 9, 36, 27) (21, 1, 45, 25) (41, 11, 8, 6, 0, 7, 17, 35, 32, 30, 24, 31) (5, 40, 4) (29, 16, 28) "
"OP(4,10,6,12,3,3,3,3,3,3)",0,Solved,"0,1760"," (4t+2)","0,1805","(\infty, 28, \infty, 4) (14, 11, 12, 33, 22, 38, 35, 36, 9, 46) (37, 44, 1, 13, 20, 25) (30, 7, 5, 43, 17, 21, 6, 31, 29, 19, 41, 45) (23, 42, 3) (47, 18, 27) (15, 2, 32) (39, 26, 8) (0, 40, 34) (24, 16, 10) "
"OP(4,10,5,5,5,5,4,12)",0,Solved,"0,0520"," (4t+2)","0,0568","(\infty, 5, \infty, 29) (8, 9, 19, 10, 44, 32, 33, 43, 34, 20) (6, 11, 0, 18, 2) (30, 35, 24, 42, 26) (23, 16, 36, 17, 38) (47, 40, 12, 41, 14) (3, 1, 27, 25) (4, 7, 13, 21, 46, 15, 28, 31, 37, 45, 22, 39) "
"OP(6,10,12,5,5,4,4,4)",0,Solved,"0,0550"," (4t+2)","0,0594","(\infty, 8, 18, \infty, 42, 32) (6, 12, 0, 21, 43, 30, 36, 24, 45, 19) (3, 11, 44, 15, 47, 10, 27, 35, 20, 39, 23, 34) (4, 9, 13, 41, 7) (28, 33, 37, 17, 31) (14, 16, 46, 5) (38, 40, 22, 29) (2, 1, 26, 25) "
"OP(6,10,12,5,5,3,3,3,3)",0,Solved,"0,0540"," (4t+2)","0,0579","(\infty, 2, 4, \infty, 28, 26) (6, 7, 10, 17, 42, 30, 31, 34, 41, 18) (16, 27, 9, 47, 38, 12, 40, 3, 33, 23, 14, 36) (35, 21, 15, 46, 19) (11, 45, 39, 22, 43) (0, 13, 8) (24, 37, 32) (1, 20, 5) (25, 44, 29) "
"OP(4,10,5,5,4,4,12,3,3)",0,Solved,"0,0680"," (4t+2)","0,0727","(\infty, 4, \infty, 28) (5, 6, 2, 15, 13, 29, 30, 26, 39, 37) (14, 8, 3, 10, 31) (38, 32, 27, 34, 7) (21, 11, 0, 12) (45, 35, 24, 36) (47, 18, 46, 16, 1, 9, 23, 42, 22, 40, 25, 33) (17, 20, 43) (41, 44, 19) "
"OP(6,10,12,4,4,4,4,3,3)",0,Solved,"0,0640"," (4t+2)","0,0700","(\infty, 18, 46, \infty, 22, 42) (0, 8, 19, 35, 12, 24, 32, 43, 11, 36) (4, 13, 23, 40, 14, 41, 28, 37, 47, 16, 38, 17) (5, 10, 9, 2) (29, 34, 33, 26) (6, 21, 39, 20) (30, 45, 15, 44) (7, 1, 3) (31, 25, 27) "
"OP(6,10,12,4,3,3,3,3,3,3)",0,Solved,"0,0830"," (4t+2)","0,0878","(\infty, 41, 11, \infty, 35, 17) (20, 43, 23, 45, 12, 44, 19, 47, 21, 36) (13, 4, 3, 1, 6, 16, 37, 28, 27, 25, 30, 40) (18, 7, 42, 31) (14, 0, 8) (38, 24, 32) (22, 39, 10) (46, 15, 34) (9, 2, 5) (33, 26, 29) "
"OP(4,10,4,4,4,4,4,4,12)",0,Solved,"0,1040"," (4t+2)","0,1098","(\infty, 2, \infty, 26) (7, 5, 1, 10, 44, 31, 29, 25, 34, 20) (16, 8, 18, 0) (40, 32, 42, 24) (13, 12, 23, 38) (37, 36, 47, 14) (22, 43, 15, 41) (46, 19, 39, 17) (45, 9, 3, 6, 11, 4, 21, 33, 27, 30, 35, 28) "
"OP(4,10,4,4,4,12,3,3,3,3)",0,Solved,"0,0660"," (4t+2)","0,0767","(\infty, 28, \infty, 4) (40, 20, 9, 14, 30, 16, 44, 33, 38, 6) (3, 34, 1, 42) (27, 10, 25, 18) (32, 26, 8, 2) (21, 0, 35, 23, 22, 19, 45, 24, 11, 47, 46, 43) (39, 31, 29) (15, 7, 5) (13, 36, 17) (37, 12, 41) "
"OP(4,10,12,3,3,3,3,3,3,3,3)",0,Solved,"0,2270"," (4t+2)","0,2320","(\infty, 35, \infty, 11) (1, 7, 27, 39, 10, 25, 31, 3, 15, 34) (19, 44, 46, 16, 38, 6, 43, 20, 22, 40, 14, 30) (42, 37, 45) (18, 13, 21) (36, 29, 2) (12, 5, 26) (17, 0, 4) (41, 24, 28) (47, 8, 9) (23, 32, 33) "
"OP(13,9,9,9,7,3)",,Infeasible,,Table config is not valid,,
"OP(10,12,9,9,6,4)",0,Solved,"0,0880"," (4t+2)","0,0917","(\infty, 37, 6, 32, 3, \infty, 27, 8, 30, 13) (35, 5, 33, 42, 38, 24, 11, 29, 9, 18, 14, 0) (47, 2, 40, 4, 31, 25, 41, 46, 39) (23, 26, 16, 28, 7, 1, 17, 22, 15) (36, 34, 45, 12, 10, 21) (43, 44, 19, 20) "
"OP(10,12,9,9,5,5)",0,Solved,"0,0490"," (4t+2)","0,0552","(\infty, 21, 44, 13, 23, \infty, 47, 37, 20, 45) (4, 16, 32, 19, 46, 17, 28, 40, 8, 43, 22, 41) (30, 15, 7, 1, 2, 11, 18, 36, 10) (6, 39, 31, 25, 26, 35, 42, 12, 34) (9, 14, 0, 3, 5) (33, 38, 24, 27, 29) "
"OP(10,12,9,9,4,3,3)",0,Solved,"0,0410"," (4t+2)","0,0449","(\infty, 2, 4, 7, 6, \infty, 30, 31, 28, 26) (18, 43, 21, 16, 27, 11, 42, 19, 45, 40, 3, 35) (9, 17, 37, 23, 36, 15, 22, 10, 0) (33, 41, 13, 47, 12, 39, 46, 34, 24) (14, 8, 38, 32) (1, 20, 5) (25, 44, 29) "
"OP(4,9,9,8,8,12)",0,Solved,"0,0430"," (4t+2)","0,0473","(\infty, 2, \infty, 26) (3, 4, 6, 9, 1, 5, 11, 22, 12) (27, 28, 30, 33, 25, 29, 35, 46, 36) (8, 20, 34, 19, 41, 13, 40, 21) (32, 44, 10, 43, 17, 37, 16, 45) (14, 39, 23, 18, 0, 7, 38, 15, 47, 42, 24, 31) "
"OP(8,9,9,8,12,4)",0,Solved,"0,0920"," (4t+2)","0,0973","(\infty, 13, 16, 47, \infty, 23, 40, 37) (5, 11, 15, 3, 12, 22, 33, 41, 0) (29, 35, 39, 27, 36, 46, 9, 17, 24) (43, 10, 28, 44, 19, 34, 4, 20) (7, 21, 42, 14, 1, 2, 31, 45, 18, 38, 25, 26) (8, 6, 32, 30) "
"OP(6,9,9,8,6,12)",0,Solved,"0,0770"," (4t+2)","0,0816","(\infty, 10, 20, \infty, 44, 34) (17, 31, 14, 6, 5, 16, 9, 3, 8) (41, 7, 38, 30, 29, 40, 33, 27, 32) (1, 4, 0, 2, 25, 28, 24, 26) (22, 42, 13, 46, 18, 37) (39, 21, 43, 11, 23, 36, 15, 45, 19, 35, 47, 12) "
"OP(6,9,9,8,12,3,3)",0,Solved,"0,0640"," (4t+2)","0,0681","(\infty, 4, 8, \infty, 32, 28) (5, 12, 13, 21, 39, 19, 10, 0, 2) (29, 36, 37, 45, 15, 43, 34, 24, 26) (3, 9, 31, 42, 27, 33, 7, 18) (14, 41, 16, 47, 35, 22, 38, 17, 40, 23, 11, 46) (1, 20, 6) (25, 44, 30) "
"OP(4,9,9,8,4,4,12)",0,Solved,"0,0760"," (4t+2)","0,0824","(\infty, 3, \infty, 27) (4, 5, 7, 13, 39, 43, 6, 1, 20) (28, 29, 31, 37, 15, 19, 30, 25, 44) (26, 11, 8, 16, 2, 35, 32, 40) (23, 46, 18, 36) (47, 22, 42, 12) (14, 45, 9, 0, 10, 17, 38, 21, 33, 24, 34, 41) "
"OP(6,9,9,7,7,12)",0,Solved,"0,0510"," (4t+2)","0,0564","(\infty, 44, 46, \infty, 22, 20) (0, 25, 35, 26, 47, 34, 40, 4, 33) (24, 1, 11, 2, 23, 10, 16, 28, 9) (41, 42, 39, 43, 32, 6, 36) (17, 18, 15, 19, 8, 30, 12) (7, 38, 45, 29, 37, 3, 31, 14, 21, 5, 13, 27) "
"OP(8,9,9,12,6,6)",0,Solved,"0,0680"," (4t+2)","0,0724","(\infty, 18, 0, 14, \infty, 38, 24, 42) (2, 12, 47, 16, 44, 21, 43, 22, 13) (26, 36, 23, 40, 20, 45, 19, 46, 37) (15, 3, 6, 11, 4, 10, 39, 27, 30, 35, 28, 34) (8, 41, 9, 1, 5, 7) (32, 17, 33, 25, 29, 31) "
"OP(8,9,9,12,6,3,3)",0,Solved,"0,0500"," (4t+2)","0,0551","(\infty, 32, 15, 4, \infty, 28, 39, 8) (44, 14, 47, 35, 19, 40, 17, 36, 10) (20, 38, 23, 11, 43, 16, 41, 12, 34) (7, 1, 2, 6, 13, 21, 31, 25, 26, 30, 37, 45) (18, 9, 22, 42, 33, 46) (0, 5, 3) (24, 29, 27) "
"OP(13,9,9,7,5,4,3)",,Infeasible,,Table config is not valid,,
"OP(8,9,9,12,4,4,4)",0,Solved,"0,0760"," (4t+2)","0,0834","(\infty, 34, 30, 4, \infty, 28, 6, 10) (5, 39, 9, 40, 3, 31, 22, 38, 32) (29, 15, 33, 16, 27, 7, 46, 14, 8) (0, 43, 36, 21, 13, 26, 24, 19, 12, 45, 37, 2) (23, 11, 1, 20) (47, 35, 25, 44) (42, 41, 18, 17) "
"OP(8,9,9,12,3,3,3,3)",0,Solved,"0,0410"," (4t+2)","0,0467","(\infty, 32, 15, 4, \infty, 28, 39, 8) (46, 12, 41, 19, 40, 20, 38, 23, 11) (22, 36, 17, 43, 16, 44, 14, 47, 35) (7, 1, 2, 6, 13, 21, 31, 25, 26, 30, 37, 45) (18, 9, 34) (42, 33, 10) (0, 5, 3) (24, 29, 27) "
"OP(4,9,9,6,6,4,12)",0,Solved,"0,0560"," (4t+2)","0,0615","(\infty, 17, \infty, 41) (12, 0, 14, 21, 47, 16, 39, 9, 44) (36, 24, 38, 45, 23, 40, 15, 33, 20) (5, 10, 43, 22, 11, 3) (29, 34, 19, 46, 35, 27) (2, 6, 26, 30) (8, 7, 1, 4, 13, 42, 32, 31, 25, 28, 37, 18) "
"OP(4,9,9,6,5,5,12)",0,Solved,"0,0510"," (4t+2)","0,0558","(\infty, 8, \infty, 32) (17, 33, 46, 20, 43, 23, 11, 0, 18) (41, 9, 22, 44, 19, 47, 35, 24, 42) (2, 7, 16, 26, 31, 40) (5, 13, 6, 3, 1) (29, 37, 30, 27, 25) (4, 10, 39, 12, 45, 14, 28, 34, 15, 36, 21, 38) "
"OP(6,9,9,6,12,4,4)",0,Solved,"0,0590"," (4t+2)","0,0638","(\infty, 17, 47, \infty, 23, 41) (27, 1, 21, 0, 14, 6, 8, 7, 10) (3, 25, 45, 24, 38, 30, 32, 31, 34) (2, 15, 20, 26, 39, 44) (33, 18, 37, 46, 35, 19, 9, 42, 13, 22, 11, 43) (12, 16, 28, 5) (36, 40, 4, 29) "
"OP(4,9,9,6,4,12,3,3)",0,Solved,"0,0560"," (4t+2)","0,0607","(\infty, 21, \infty, 45) (34, 22, 37, 23, 44, 31, 15, 6, 17) (10, 46, 13, 47, 20, 7, 39, 30, 41) (40, 12, 42, 16, 36, 18) (1, 2, 25, 26) (9, 19, 11, 4, 8, 14, 33, 43, 35, 28, 32, 38) (0, 5, 3) (24, 29, 27) "
"OP(6,9,9,12,5,5,4)",0,Solved,"0,0480"," (4t+2)","0,0523","(\infty, 2, 4, \infty, 28, 26) (6, 7, 10, 46, 33, 16, 27, 17, 36) (30, 31, 34, 22, 9, 40, 3, 41, 12) (45, 18, 43, 23, 15, 37, 21, 42, 19, 47, 39, 13) (5, 0, 14, 8, 1) (29, 24, 38, 32, 25) (20, 11, 44, 35) "
"OP(4,9,9,5,5,12,3,3)",0,Solved,"0,0460"," (4t+2)","0,0499","(\infty, 20, \infty, 44) (6, 15, 42, 23, 40, 22, 8, 34, 19) (30, 39, 18, 47, 16, 46, 32, 10, 43) (4, 7, 11, 1, 2) (28, 31, 35, 25, 26) (14, 3, 9, 17, 45, 13, 38, 27, 33, 41, 21, 37) (0, 5, 12) (24, 29, 36) "
"OP(6,9,9,12,4,4,3,3)",0,Solved,"0,0740"," (4t+2)","0,0826","(\infty, 12, 0, \infty, 24, 36) (46, 23, 45, 11, 3, 5, 18, 37, 19) (22, 47, 21, 35, 27, 29, 42, 13, 43) (9, 40, 20, 10, 6, 1, 33, 16, 44, 34, 30, 25) (7, 4, 15, 14) (31, 28, 39, 38) (8, 17, 2) (32, 41, 26) "
"OP(4,9,9,4,4,4,4,12)",0,Solved,"0,0610"," (4t+2)","0,0648","(\infty, 22, \infty, 46) (12, 0, 9, 23, 44, 18, 35, 19, 37) (36, 24, 33, 47, 20, 42, 11, 43, 13) (7, 15, 10, 3) (31, 39, 34, 27) (6, 5, 2, 8) (30, 29, 26, 32) (1, 16, 45, 17, 4, 14, 25, 40, 21, 41, 28, 38) "
"OP(4,9,9,4,12,3,3,3,3)",0,Solved,"0,0570"," (4t+2)","0,0604","(\infty, 14, \infty, 38) (35, 47, 30, 46, 0, 8, 19, 9, 34) (11, 23, 6, 22, 24, 32, 43, 33, 10) (3, 21, 27, 45) (25, 4, 13, 17, 39, 42, 1, 28, 37, 41, 15, 18) (31, 36, 2) (7, 12, 26) (44, 16, 29) (20, 40, 5) "
"OP(10,12,8,8,8,4)",0,Solved,"0,1260"," (4t+2)","0,1315","(\infty, 47, 7, 14, 19, \infty, 43, 38, 31, 23) (34, 16, 17, 11, 9, 30, 10, 40, 41, 35, 33, 6) (42, 5, 2, 21, 25, 0, 36, 3) (18, 29, 26, 45, 1, 24, 12, 27) (13, 39, 4, 20, 37, 15, 28, 44) (46, 32, 22, 8) "
"OP(13,9,8,8,7,5)",,Infeasible,,Table config is not valid,,
"OP(10,12,8,8,6,6)",0,Solved,"0,0450"," (4t+2)","0,0490","(\infty, 2, 4, 5, 10, \infty, 34, 29, 28, 26) (7, 17, 33, 16, 27, 18, 31, 41, 9, 40, 3, 42) (11, 14, 47, 22, 43, 15, 45, 37) (35, 38, 23, 46, 19, 39, 21, 13) (0, 12, 8, 1, 20, 6) (24, 36, 32, 25, 44, 30) "
"OP(10,12,8,8,6,3,3)",0,Solved,"0,0620"," (4t+2)","0,0659","(\infty, 3, 4, 6, 9, \infty, 33, 30, 28, 27) (10, 18, 44, 15, 1, 16, 34, 42, 20, 39, 25, 40) (26, 13, 8, 14, 23, 46, 19, 36) (2, 37, 32, 38, 47, 22, 43, 12) (5, 17, 45, 29, 41, 21) (0, 7, 11) (24, 31, 35) "
"OP(13,9,8,8,5,4,3)",,Infeasible,,Table config is not valid,,
"OP(10,12,8,8,4,4,4)",0,Solved,"0,0900"," (4t+2)","0,0948","(\infty, 45, 38, 39, 43, \infty, 19, 15, 14, 21) (46, 24, 44, 36, 41, 31, 22, 0, 20, 12, 17, 7) (28, 47, 35, 37, 2, 8, 42, 5) (4, 23, 11, 13, 26, 32, 18, 29) (33, 16, 34, 1) (9, 40, 10, 25) (27, 30, 3, 6) "
"OP(10,12,8,8,3,3,3,3)",0,Solved,"0,0600"," (4t+2)","0,0638","(\infty, 3, 4, 6, 9, \infty, 33, 30, 28, 27) (10, 18, 44, 15, 1, 16, 34, 42, 20, 39, 25, 40) (26, 13, 8, 14, 23, 46, 19, 36) (2, 37, 32, 38, 47, 22, 43, 12) (5, 21, 41) (29, 45, 17) (0, 7, 11) (24, 31, 35) "
"OP(10,12,8,7,7,6)",0,Solved,"0,1480"," (4t+2)","0,1526","(\infty, 8, 34, 43, 42, \infty, 18, 19, 10, 32) (2, 4, 33, 39, 3, 36, 26, 28, 9, 15, 27, 12) (38, 31, 47, 44, 14, 7, 23, 20) (17, 30, 35, 1, 29, 46, 21) (41, 6, 11, 25, 5, 22, 45) (24, 13, 40, 0, 37, 16) "
"OP(10,12,8,7,7,3,3)",0,Solved,"0,0580"," (4t+2)","0,0622","(\infty, 20, 34, 15, 2, \infty, 26, 39, 10, 44) (21, 3, 11, 1, 7, 19, 45, 27, 35, 25, 31, 43) (14, 42, 17, 22, 38, 18, 41, 46) (33, 12, 8, 5, 16, 47, 0) (9, 36, 32, 29, 40, 23, 24) (4, 6, 13) (28, 30, 37) "
"OP(13,9,8,7,6,4,3)",,Infeasible,,Table config is not valid,,
"OP(13,9,8,7,5,5,3)",,Infeasible,,Table config is not valid,,
"OP(13,9,8,7,5,4,4)",,Infeasible,,Table config is not valid,,
"OP(13,9,8,7,4,3,3,3)",,Infeasible,,Table config is not valid,,
"OP(13,9,8,6,6,5,3)",,Infeasible,,Table config is not valid,,
"OP(10,12,8,6,6,4,4)",0,Solved,"0,0660"," (4t+2)","0,0698","(\infty, 7, 21, 42, 19, \infty, 43, 18, 45, 31) (32, 14, 9, 6, 4, 0, 8, 38, 33, 30, 28, 24) (2, 3, 10, 16, 26, 27, 34, 40) (22, 37, 17, 39, 23, 35) (46, 13, 41, 15, 47, 11) (12, 1, 20, 29) (36, 25, 44, 5) "
"OP(10,12,8,6,5,5,4)",0,Solved,"0,0640"," (4t+2)","0,0680","(\infty, 5, 6, 8, 11, \infty, 35, 32, 30, 29) (3, 14, 1, 15, 47, 9, 27, 38, 25, 39, 23, 33) (2, 10, 16, 43, 26, 34, 40, 19) (12, 7, 0, 36, 31, 24) (44, 18, 46, 17, 21) (20, 42, 22, 41, 45) (13, 4, 37, 28) "
"OP(13,9,8,6,5,3,3,3)",,Infeasible,,Table config is not valid,,
"OP(10,12,8,6,4,4,3,3)",0,Solved,"0,1750"," (4t+2)","0,1787","(\infty, 4, 5, 11, 8, \infty, 32, 35, 29, 28) (1, 15, 2, 45, 20, 46, 25, 39, 26, 21, 44, 22) (37, 19, 38, 23, 13, 43, 14, 47) (12, 3, 40, 36, 27, 16) (7, 9, 17, 0) (31, 33, 41, 24) (30, 42, 10) (6, 18, 34) "
"OP(10,12,8,5,5,5,5)",0,Solved,"0,0740"," (4t+2)","0,0788","(\infty, 14, 3, 32, 22, \infty, 46, 8, 27, 38) (9, 40, 45, 10, 13, 12, 33, 16, 21, 34, 37, 36) (29, 15, 7, 1, 5, 39, 31, 25) (11, 43, 4, 26, 41) (35, 19, 28, 2, 17) (42, 6, 47, 24, 44) (18, 30, 23, 0, 20) "
"OP(10,12,8,5,5,4,3,3)",0,Solved,"0,1780"," (4t+2)","0,1816","(\infty, 2, 3, 6, 46, \infty, 22, 30, 27, 26) (4, 14, 12, 0, 23, 9, 28, 38, 36, 24, 47, 33) (43, 1, 17, 10, 19, 25, 41, 34) (20, 42, 37, 16, 5) (44, 18, 13, 40, 29) (7, 11, 31, 35) (21, 39, 8) (45, 15, 32) "
"OP(13,9,8,5,4,4,4,3)",,Infeasible,,Table config is not valid,,
"OP(13,9,8,5,3,3,3,3,3)",,Infeasible,,Table config is not valid,,
"OP(10,12,8,4,4,4,4,4)",0,Solved,"0,1740"," (4t+2)","0,1782","(\infty, 45, 15, 7, 5, \infty, 29, 31, 39, 21) (43, 16, 13, 2, 8, 4, 19, 40, 37, 26, 32, 28) (0, 12, 47, 46, 24, 36, 23, 22) (1, 6, 20, 11) (25, 30, 44, 35) (41, 9, 38, 18) (17, 33, 14, 42) (3, 10, 27, 34) "
"OP(10,12,8,4,4,3,3,3,3)",0,Solved,"0,1110"," (4t+2)","0,1158","(\infty, 11, 8, 14, 33, \infty, 9, 38, 32, 35) (39, 13, 44, 1, 29, 27, 15, 37, 20, 25, 5, 3) (16, 0, 30, 31, 40, 24, 6, 7) (21, 17, 4, 42) (45, 41, 28, 18) (10, 43, 2) (34, 19, 26) (36, 22, 47) (12, 46, 23) "
"OP(10,12,7,7,7,7)",0,Solved,"0,0650"," (4t+2)","0,0698","(\infty, 4, 5, 7, 2, \infty, 26, 31, 29, 28) (11, 43, 46, 12, 3, 15, 35, 19, 22, 36, 27, 39) (32, 13, 6, 0, 10, 14, 45) (8, 37, 30, 24, 34, 38, 21) (42, 16, 1, 9, 20, 47, 17) (18, 40, 25, 33, 44, 23, 41) "
"OP(13,9,7,7,7,4,3)",,Infeasible,,Table config is not valid,,
"OP(13,9,7,7,6,5,3)",,Infeasible,,Table config is not valid,,
"OP(10,12,7,7,6,4,4)",0,Solved,"0,0780"," (4t+2)","0,0838","(\infty, 3, 4, 6, 9, \infty, 33, 30, 28, 27) (22, 43, 21, 5, 1, 15, 46, 19, 45, 29, 25, 39) (26, 13, 8, 14, 23, 11, 44) (2, 37, 32, 38, 47, 35, 20) (36, 16, 41, 12, 40, 17) (7, 0, 10, 18) (31, 24, 34, 42) "
"OP(10,12,7,7,5,5,4)",0,Solved,"0,0500"," (4t+2)","0,0545","(\infty, 45, 15, 46, 17, \infty, 41, 22, 39, 21) (9, 1, 7, 32, 18, 23, 33, 25, 31, 8, 42, 47) (2, 4, 16, 36, 20, 19, 6) (26, 28, 40, 12, 44, 43, 30) (3, 10, 37, 11, 0) (27, 34, 13, 35, 24) (5, 14, 29, 38) "
"OP(13,9,7,7,5,3,3,3)",,Infeasible,,Table config is not valid,,
"OP(10,12,7,7,4,4,3,3)",0,Solved,"0,0980"," (4t+2)","0,1025","(\infty, 33, 14, 47, 37, \infty, 13, 23, 38, 9) (42, 10, 3, 11, 22, 36, 18, 34, 27, 35, 46, 12) (6, 4, 16, 41, 19, 32, 15) (30, 28, 40, 17, 43, 8, 39) (1, 7, 2, 5) (25, 31, 26, 29) (20, 21, 0) (44, 45, 24) "
"OP(13,9,7,6,6,6,3)",,Infeasible,,Table config is not valid,,
"OP(13,9,7,6,6,5,4)",,Infeasible,,Table config is not valid,,
"OP(13,9,7,6,6,3,3,3)",,Infeasible,,Table config is not valid,,
"OP(13,9,7,6,5,5,5)",,Infeasible,,Table config is not valid,,
"OP(13,9,7,6,5,4,3,3)",,Infeasible,,Table config is not valid,,
"OP(13,9,7,6,4,4,4,3)",,Infeasible,,Table config is not valid,,
"OP(13,9,7,6,3,3,3,3,3)",,Infeasible,,Table config is not valid,,
"OP(13,9,7,5,5,5,3,3)",,Infeasible,,Table config is not valid,,
"OP(13,9,7,5,5,4,4,3)",,Infeasible,,Table config is not valid,,
"OP(13,9,7,5,4,4,4,4)",,Infeasible,,Table config is not valid,,
"OP(13,9,7,5,4,3,3,3,3)",,Infeasible,,Table config is not valid,,
"OP(13,9,7,4,4,4,3,3,3)",,Infeasible,,Table config is not valid,,
"OP(13,9,7,3,3,3,3,3,3,3)",,Infeasible,,Table config is not valid,,
"OP(10,12,6,6,6,6,4)",0,Solved,"0,0470"," (4t+2)","0,0513","(\infty, 17, 7, 19, 45, \infty, 21, 43, 31, 41) (32, 14, 9, 6, 4, 0, 8, 38, 33, 30, 28, 24) (2, 3, 10, 16, 36, 13) (26, 27, 34, 40, 12, 37) (15, 47, 18, 35, 22, 1) (39, 23, 42, 11, 46, 25) (20, 5, 44, 29) "
"OP(10,12,6,6,6,5,5)",0,Solved,"0,0560"," (4t+2)","0,0601","(\infty, 44, 19, 8, 4, \infty, 28, 32, 43, 20) (46, 11, 3, 9, 21, 1, 22, 35, 27, 33, 45, 25) (2, 17, 18, 36, 10, 7) (26, 41, 42, 12, 34, 31) (5, 14, 0, 29, 38, 24) (15, 13, 6, 16, 47) (39, 37, 30, 40, 23) "
"OP(10,12,6,6,6,4,3,3)",0,Solved,"0,1670"," (4t+2)","0,1717","(\infty, 2, 1, 5, 0, \infty, 24, 29, 25, 26) (3, 9, 40, 4, 6, 17, 27, 33, 16, 28, 30, 41) (7, 15, 34, 20, 11, 37) (31, 39, 10, 44, 35, 13) (14, 46, 23, 38, 22, 47) (45, 42, 21, 18) (19, 32, 12) (43, 8, 36) "
"OP(10,12,6,6,5,5,3,3)",0,Solved,"0,0610"," (4t+2)","0,0651","(\infty, 3, 4, 6, 9, \infty, 33, 30, 28, 27) (10, 18, 43, 15, 1, 16, 34, 42, 19, 39, 25, 40) (26, 13, 8, 14, 23, 45) (2, 37, 32, 38, 47, 21) (20, 36, 46, 29, 41) (44, 12, 22, 5, 17) (0, 7, 11) (24, 31, 35) "
"OP(13,9,6,6,5,4,4,3)",,Infeasible,,Table config is not valid,,
"OP(10,12,6,6,4,4,4,4)",0,Solved,"0,0660"," (4t+2)","0,0703","(\infty, 3, 4, 6, 9, \infty, 33, 30, 28, 27) (21, 43, 22, 5, 1, 15, 45, 19, 46, 29, 25, 39) (26, 13, 8, 14, 23, 11) (2, 37, 32, 38, 47, 35) (17, 36, 20, 40) (41, 12, 44, 16) (7, 0, 10, 18) (31, 24, 34, 42) "
"OP(10,12,6,6,4,3,3,3,3)",0,Solved,"0,2910"," (4t+2)","0,2949","(\infty, 19, 47, 34, 17, \infty, 41, 10, 23, 43) (38, 20, 12, 5, 1, 4, 14, 44, 36, 29, 25, 28) (6, 15, 31, 16, 37, 18) (30, 39, 7, 40, 13, 42) (0, 2, 24, 26) (9, 8, 3) (33, 32, 27) (45, 11, 22) (21, 35, 46) "
"OP(13,9,6,5,5,5,4,3)",,Infeasible,,Table config is not valid,,
"OP(10,12,6,5,5,4,4,4)",0,Solved,"0,0770"," (4t+2)","0,0813","(\infty, 33, 47, 8, 31, \infty, 7, 32, 23, 9) (30, 42, 44, 0, 35, 38, 6, 18, 20, 24, 11, 14) (40, 25, 43, 16, 1, 19) (3, 13, 41, 46, 45) (27, 37, 17, 22, 21) (10, 39, 28, 2) (34, 15, 4, 26) (29, 36, 5, 12) "
"OP(10,12,6,5,5,3,3,3,3)",0,Solved,"0,2630"," (4t+2)","0,2675","(\infty, 34, 46, 39, 26, \infty, 2, 15, 22, 10) (1, 43, 40, 23, 24, 5, 25, 19, 16, 47, 0, 29) (12, 14, 4, 36, 38, 28) (18, 27, 45, 41, 33) (42, 3, 21, 17, 9) (11, 37, 32) (35, 13, 8) (7, 30, 44) (31, 6, 20) "
"OP(13,9,6,5,4,4,3,3,3)",,Infeasible,,Table config is not valid,,
"OP(10,12,6,4,4,4,4,3,3)",0,Solved,"0,0380"," (4t+2)","0,0414","(\infty, 27, 2, 42, 37, \infty, 13, 18, 26, 3) (15, 28, 25, 23, 8, 9, 39, 4, 1, 47, 32, 33) (30, 40, 34, 6, 16, 10) (0, 17, 5, 44) (24, 41, 29, 20) (36, 7, 21, 14) (12, 31, 45, 38) (35, 19, 46) (11, 43, 22) "
"OP(10,12,6,4,3,3,3,3,3,3)",0,Solved,"0,1940"," (4t+2)","0,1976","(\infty, 28, 32, 44, 24, \infty, 0, 20, 8, 4) (1, 19, 46, 31, 26, 35, 25, 43, 22, 7, 2, 11) (33, 27, 41, 9, 3, 17) (21, 34, 45, 10) (47, 40, 18) (23, 16, 42) (39, 38, 36) (15, 14, 12) (37, 29, 6) (13, 5, 30) "
"OP(13,9,5,5,5,5,5,3)",,Infeasible,,Table config is not valid,,
"OP(10,12,5,5,5,5,4,4)",0,Solved,"0,0620"," (4t+2)","0,0660","(\infty, 4, 5, 7, 2, \infty, 26, 31, 29, 28) (20, 43, 22, 13, 3, 15, 44, 19, 46, 37, 27, 39) (34, 21, 6, 0, 8) (10, 45, 30, 24, 32) (17, 35, 18, 38, 1) (41, 11, 42, 14, 25) (9, 12, 16, 23) (33, 36, 40, 47) "
"OP(13,9,5,5,5,4,3,3,3)",,Infeasible,,Table config is not valid,,
"OP(10,12,5,5,4,4,4,3,3)",0,Solved,"0,0710"," (4t+2)","0,0765","(\infty, 6, 20, 7, 2, \infty, 26, 31, 44, 30) (11, 23, 8, 19, 45, 17, 35, 47, 32, 43, 21, 41) (42, 15, 40, 9, 13) (18, 39, 16, 33, 37) (10, 0, 1, 4) (34, 24, 25, 28) (22, 14, 46, 38) (3, 12, 5) (27, 36, 29) "
"OP(10,12,5,5,3,3,3,3,3,3)",0,Solved,"0,1610"," (4t+2)","0,1646","(\infty, 10, 44, 43, 26, \infty, 2, 19, 20, 34) (16, 38, 46, 3, 0, 21, 40, 14, 22, 27, 24, 45) (36, 25, 15, 11, 4) (12, 1, 39, 35, 28) (31, 13, 33) (7, 37, 9) (42, 6, 29) (18, 30, 5) (8, 47, 41) (32, 23, 17) "
"OP(13,9,5,4,4,4,4,4,3)",,Infeasible,,Table config is not valid,,
"OP(13,9,5,4,4,3,3,3,3,3)",,Infeasible,,Table config is not valid,,
"OP(10,12,4,4,4,4,4,4,4)",0,Solved,"0,1840"," (4t+2)","0,1875","(\infty, 4, 2, 7, 16, \infty, 40, 31, 26, 28) (5, 18, 14, 15, 47, 17, 29, 42, 38, 39, 23, 41) (8, 37, 20, 0) (32, 13, 44, 24) (21, 6, 43, 46) (45, 30, 19, 22) (9, 3, 10, 36) (33, 27, 34, 12) (11, 1, 35, 25) "
"OP(10,12,4,4,4,4,3,3,3,3)",0,Solved,"0,1270"," (4t+2)","0,1311","(\infty, 37, 40, 35, 7, \infty, 31, 11, 16, 13) (12, 33, 47, 8, 1, 38, 36, 9, 23, 32, 25, 14) (39, 26, 43, 3) (15, 2, 19, 27) (4, 30, 24, 34) (28, 6, 0, 10) (44, 29, 45) (20, 5, 21) (46, 42, 17) (22, 18, 41) "
"OP(10,12,4,3,3,3,3,3,3,3,3)",0,Solved,"0,2070"," (4t+2)","0,2118","(\infty, 14, 3, 1, 46, \infty, 22, 25, 27, 38) (45, 16, 4, 31, 0, 8, 21, 40, 28, 7, 24, 32) (11, 2, 35, 26) (12, 37, 17) (36, 13, 41) (43, 39, 9) (19, 15, 33) (5, 47, 6) (29, 23, 30) (42, 20, 10) (18, 44, 34) "
"OP(6,8,8,8,8,12)",0,Solved,"0,0460"," (4t+2)","0,0501","(\infty, 15, 45, \infty, 21, 39) (10, 5, 3, 6, 14, 13, 4, 0) (34, 29, 27, 30, 38, 37, 28, 24) (35, 19, 7, 1, 12, 32, 47, 18) (11, 43, 31, 25, 36, 8, 23, 42) (2, 9, 22, 44, 17, 40, 26, 33, 46, 20, 41, 16) "
"OP(8,8,8,8,12,6)",0,Solved,"0,1690"," (4t+2)","0,1729","(\infty, 14, 46, 20, \infty, 44, 22, 38) (42, 47, 45, 15, 43, 29, 26, 9) (18, 23, 21, 39, 19, 5, 2, 33) (13, 40, 31, 8, 37, 16, 7, 32) (41, 3, 11, 4, 10, 6, 17, 27, 35, 28, 34, 30) (0, 1, 36, 24, 25, 12) "
"OP(8,8,8,8,12,3,3)",0,Solved,"0,0670"," (4t+2)","0,0704","(\infty, 35, 0, 1, \infty, 25, 24, 11) (4, 6, 9, 19, 13, 20, 38, 15) (28, 30, 33, 43, 37, 44, 14, 39) (10, 2, 46, 3, 34, 26, 22, 27) (7, 21, 12, 40, 18, 47, 31, 45, 36, 16, 42, 23) (5, 17, 32) (29, 41, 8) "
"OP(4,8,8,8,6,4,12)",0,Solved,"0,0520"," (4t+2)","0,0564","(\infty, 20, \infty, 44) (12, 33, 2, 27, 41, 23, 22, 15) (36, 9, 26, 3, 17, 47, 46, 39) (31, 43, 38, 42, 7, 19, 14, 18) (30, 24, 4, 6, 0, 28) (29, 13, 5, 37) (1, 40, 11, 21, 32, 10, 25, 16, 35, 45, 8, 34) "
"OP(4,8,8,8,5,5,12)",0,Solved,"0,0630"," (4t+2)","0,0697","(\infty, 16, \infty, 40) (24, 4, 29, 21, 10, 32, 41, 9) (0, 28, 5, 45, 34, 8, 17, 33) (35, 39, 25, 13, 11, 15, 1, 37) (18, 31, 14, 19, 12) (42, 7, 38, 43, 36) (47, 26, 44, 6, 3, 22, 23, 2, 20, 30, 27, 46) "
"OP(6,8,8,8,12,4,4)",0,Solved,"0,0740"," (4t+2)","0,0796","(\infty, 29, 3, \infty, 27, 5) (11, 36, 6, 15, 8, 10, 7, 47) (35, 12, 30, 39, 32, 34, 31, 23) (44, 45, 17, 1, 20, 21, 41, 25) (9, 26, 40, 19, 4, 46, 33, 2, 16, 43, 28, 22) (24, 13, 18, 14) (0, 37, 42, 38) "
"OP(4,8,8,8,4,12,3,3)",0,Solved,"0,1460"," (4t+2)","0,1523","(\infty, 33, \infty, 9) (34, 4, 38, 12, 3, 41, 29, 2) (10, 28, 14, 36, 27, 17, 5, 26) (7, 1, 45, 16, 31, 25, 21, 40) (0, 23, 24, 47) (43, 6, 46, 11, 8, 39, 19, 30, 22, 35, 32, 15) (13, 18, 20) (37, 42, 44) "
"OP(8,8,8,12,7,7)",0,Solved,"0,1030"," (4t+2)","0,1065","(\infty, 39, 6, 41, \infty, 17, 30, 15) (8, 22, 42, 19, 36, 20, 9, 38) (32, 46, 18, 43, 12, 44, 33, 14) (13, 4, 1, 5, 10, 16, 37, 28, 25, 29, 34, 40) (11, 3, 2, 0, 7, 45, 23) (35, 27, 26, 24, 31, 21, 47) "
"OP(4,8,8,7,7,4,12)",0,Solved,"0,0490"," (4t+2)","0,0533","(\infty, 5, \infty, 29) (8, 9, 15, 22, 13, 47, 11, 0) (32, 33, 39, 46, 37, 23, 35, 24) (18, 2, 6, 16, 34, 21, 38) (42, 26, 30, 40, 10, 45, 14) (3, 1, 27, 25) (4, 7, 12, 41, 20, 43, 28, 31, 36, 17, 44, 19) "
"OP(13,8,8,7,6,5,3)",,Infeasible,,Table config is not valid,,
"OP(8,8,8,12,6,4,4)",0,Solved,"0,2310"," (4t+2)","0,2358","(\infty, 36, 21, 4, \infty, 28, 45, 12) (39, 11, 37, 18, 41, 9, 0, 1) (15, 35, 13, 42, 17, 33, 24, 25) (32, 38, 43, 29, 2, 6, 8, 14, 19, 5, 26, 30) (7, 47, 44, 31, 23, 20) (16, 46, 34, 27) (40, 22, 10, 3) "
"OP(8,8,8,12,5,5,4)",0,Solved,"0,3170"," (4t+2)","0,3211","(\infty, 47, 22, 7, \infty, 31, 46, 23) (3, 2, 0, 9, 19, 36, 18, 11) (27, 26, 24, 33, 43, 12, 42, 35) (14, 41, 13, 39, 20, 6, 38, 17, 37, 15, 44, 30) (16, 4, 1, 5, 10) (40, 28, 25, 29, 34) (8, 21, 32, 45) "
"OP(13,8,8,7,5,3,3,3)",,Infeasible,,Table config is not valid,,
"OP(8,8,8,12,4,4,3,3)",0,Solved,"0,0440"," (4t+2)","0,0480","(\infty, 1, 4, 13, \infty, 37, 28, 25) (3, 2, 0, 5, 9, 15, 23, 10) (27, 26, 24, 29, 33, 39, 47, 34) (18, 44, 14, 31, 16, 6, 42, 20, 38, 7, 40, 30) (12, 41, 21, 46) (36, 17, 45, 22) (35, 19, 8) (11, 43, 32) "
"OP(4,8,8,6,6,6,12)",0,Solved,"0,0440"," (4t+2)","0,0494","(\infty, 16, \infty, 40) (42, 15, 3, 20, 12, 46, 9, 10) (18, 39, 27, 44, 36, 22, 33, 34) (4, 11, 6, 8, 23, 0) (28, 35, 30, 32, 47, 24) (17, 7, 13, 41, 31, 37) (21, 2, 5, 14, 1, 19, 45, 26, 29, 38, 25, 43) "
"OP(6,8,8,6,6,12,4)",0,Solved,"0,0430"," (4t+2)","0,0470","(\infty, 47, 17, \infty, 41, 23) (36, 11, 38, 21, 10, 22, 42, 20) (12, 35, 14, 45, 34, 46, 18, 44) (7, 16, 8, 1, 2, 4) (31, 40, 32, 25, 26, 28) (43, 30, 15, 9, 5, 0, 19, 6, 39, 33, 29, 24) (3, 13, 27, 37) "
"OP(4,8,8,6,6,12,3,3)",0,Solved,"0,0450"," (4t+2)","0,0491","(\infty, 14, \infty, 38) (7, 1, 10, 2, 12, 43, 22, 8) (31, 25, 34, 26, 36, 19, 46, 32) (6, 9, 5, 16, 23, 4) (30, 33, 29, 40, 47, 28) (11, 44, 21, 41, 15, 3, 35, 20, 45, 17, 39, 27) (18, 0, 13) (42, 24, 37) "
"OP(6,8,8,6,12,5,5)",0,Solved,"0,1070"," (4t+2)","0,1112","(\infty, 10, 2, \infty, 26, 34) (8, 5, 41, 7, 16, 22, 20, 3) (32, 29, 17, 31, 40, 46, 44, 27) (0, 23, 45, 24, 47, 21) (6, 43, 28, 9, 13, 14, 30, 19, 4, 33, 37, 38) (36, 1, 39, 11, 18) (12, 25, 15, 35, 42) "
"OP(6,8,8,6,12,4,3,3)",0,Solved,"0,1470"," (4t+2)","0,1509","(\infty, 17, 45, \infty, 21, 41) (10, 9, 1, 6, 12, 42, 23, 37) (34, 33, 25, 30, 36, 18, 47, 13) (19, 8, 20, 43, 32, 44) (3, 5, 15, 46, 14, 40, 27, 29, 39, 22, 38, 16) (11, 2, 35, 26) (4, 7, 0) (28, 31, 24) "
"OP(4,8,8,6,4,4,4,12)",0,Solved,"0,1280"," (4t+2)","0,1320","(\infty, 2, \infty, 26) (19, 7, 0, 9, 13, 34, 16, 45) (43, 31, 24, 33, 37, 10, 40, 21) (15, 47, 14, 39, 23, 38) (11, 8, 6, 5) (35, 32, 30, 29) (1, 12, 25, 36) (22, 17, 3, 20, 28, 18, 46, 41, 27, 44, 4, 42) "
"OP(4,8,8,6,12,3,3,3,3)",0,Solved,"0,0630"," (4t+2)","0,0675","(\infty, 11, \infty, 35) (10, 2, 8, 31, 12, 16, 9, 47) (34, 26, 32, 7, 36, 40, 33, 23) (0, 5, 44, 24, 29, 20) (45, 18, 15, 46, 28, 6, 21, 42, 39, 22, 4, 30) (13, 1, 14) (37, 25, 38) (19, 3, 17) (43, 27, 41) "
"OP(6,8,8,12,5,5,3,3)",0,Solved,"0,0530"," (4t+2)","0,0595","(\infty, 46, 12, \infty, 36, 22) (40, 13, 38, 21, 39, 17, 4, 20) (16, 37, 14, 45, 15, 41, 28, 44) (23, 8, 5, 3, 2, 10, 47, 32, 29, 27, 26, 34) (18, 11, 7, 1, 6) (42, 35, 31, 25, 30) (9, 19, 0) (33, 43, 24) "
"OP(4,8,8,5,5,4,4,12)",0,Solved,"0,0490"," (4t+2)","0,0538","(\infty, 21, \infty, 45) (3, 18, 46, 20, 32, 16, 47, 17) (27, 42, 22, 44, 8, 40, 23, 41) (11, 19, 14, 10, 1) (35, 43, 38, 34, 25) (2, 13, 36, 15) (26, 37, 12, 39) (4, 5, 7, 0, 6, 9, 28, 29, 31, 24, 30, 33) "
"OP(6,8,8,12,4,4,4,4)",0,Solved,"0,0500"," (4t+2)","0,0543","(\infty, 2, 4, \infty, 28, 26) (5, 6, 14, 47, 37, 16, 27, 11) (29, 30, 38, 23, 13, 40, 3, 35) (19, 31, 18, 22, 45, 15, 43, 7, 42, 46, 21, 39) (12, 9, 0, 17) (36, 33, 24, 41) (8, 1, 20, 34) (32, 25, 44, 10) "
"OP(6,8,8,12,4,3,3,3,3)",0,Solved,"0,0730"," (4t+2)","0,0764","(\infty, 28, 22, \infty, 46, 4) (35, 25, 5, 3, 19, 40, 36, 44) (11, 1, 29, 27, 43, 16, 12, 20) (24, 42, 41, 7, 30, 45, 0, 18, 17, 31, 6, 21) (34, 47, 10, 23) (39, 32, 13) (15, 8, 37) (26, 14, 9) (2, 38, 33) "
"OP(4,8,8,4,4,4,12,3,3)",0,Solved,"0,0800"," (4t+2)","0,0838","(\infty, 43, \infty, 19) (11, 28, 27, 13, 15, 45, 32, 23) (35, 4, 3, 37, 39, 21, 8, 47) (7, 14, 34, 12) (31, 38, 10, 36) (26, 29, 2, 5) (6, 0, 16, 1, 9, 20, 30, 24, 40, 25, 33, 44) (42, 17, 46) (18, 41, 22) "
"OP(4,8,8,12,3,3,3,3,3,3)",0,Solved,"0,0440"," (4t+2)","0,0480","(\infty, 19, \infty, 43) (34, 23, 45, 18, 38, 7, 5, 9) (10, 47, 21, 42, 14, 31, 29, 33) (3, 11, 12, 2, 16, 46, 27, 35, 36, 26, 40, 22) (0, 6, 15) (24, 30, 39) (17, 20, 4) (41, 44, 28) (1, 13, 8) (25, 37, 32) "
"OP(13,8,7,7,7,5,3)",,Infeasible,,Table config is not valid,,
"OP(8,8,12,7,7,4,4)",0,Solved,"0,0480"," (4t+2)","0,0516","(\infty, 2, 6, 8, \infty, 32, 30, 26) (13, 12, 3, 14, 37, 36, 27, 38) (46, 16, 43, 15, 10, 0, 22, 40, 19, 39, 34, 24) (9, 23, 4, 7, 20, 5, 45) (33, 47, 28, 31, 44, 29, 21) (18, 1, 17, 11) (42, 25, 41, 35) "
"OP(4,8,7,7,6,6,12)",0,Solved,"0,0460"," (4t+2)","0,0496","(\infty, 19, \infty, 43) (37, 14, 5, 3, 13, 38, 29, 27) (18, 39, 11, 4, 0, 12, 44) (42, 15, 35, 28, 24, 36, 20) (6, 1, 7, 8, 22, 9) (30, 25, 31, 32, 46, 33) (2, 10, 21, 40, 23, 41, 26, 34, 45, 16, 47, 17) "
"OP(6,8,7,7,6,12,4)",0,Solved,"0,1370"," (4t+2)","0,1411","(\infty, 12, 2, \infty, 26, 36) (0, 14, 41, 42, 24, 38, 17, 18) (3, 9, 21, 44, 22, 13, 5) (27, 33, 45, 20, 46, 37, 29) (7, 4, 11, 31, 28, 35) (1, 6, 10, 39, 23, 40, 25, 30, 34, 15, 47, 16) (19, 8, 43, 32) "
"OP(4,8,7,7,6,12,3,3)",0,Solved,"0,0550"," (4t+2)","0,0588","(\infty, \infty, 23, 47) (39, 9, 0, 4, 15, 33, 24, 28) (46, 17, 45, 20, 35, 19, 36) (22, 41, 21, 44, 11, 43, 12) (40, 6, 42, 16, 30, 18) (34, 13, 8, 5, 3, 2, 10, 37, 32, 29, 27, 26) (1, 14, 7) (25, 38, 31) "
"OP(6,8,7,7,12,5,5)",0,Solved,"0,0810"," (4t+2)","0,0846","(\infty, 11, 3, \infty, 27, 35) (7, 0, 6, 2, 31, 24, 30, 26) (17, 43, 18, 23, 37, 16, 4) (41, 19, 42, 47, 13, 40, 28) (1, 10, 20, 9, 8, 5, 25, 34, 44, 33, 32, 29) (15, 45, 12, 14, 46) (39, 21, 36, 38, 22) "
"OP(6,8,7,7,12,4,3,3)",0,Solved,"0,3120"," (4t+2)","0,3161","(\infty, 41, 47, \infty, 23, 17) (15, 4, 0, 30, 39, 28, 24, 6) (34, 2, 3, 37, 11, 14, 22) (10, 26, 27, 13, 35, 38, 46) (1, 8, 36, 9, 7, 42, 25, 32, 12, 33, 31, 18) (45, 40, 21, 16) (5, 43, 20) (29, 19, 44) "
"OP(4,8,7,7,4,4,4,12)",0,Solved,"0,0370"," (4t+2)","0,0412","(\infty, 18, \infty, 42) (10, 28, 25, 23, 34, 4, 1, 47) (17, 13, 38, 33, 11, 24, 3) (41, 37, 14, 9, 35, 0, 27) (22, 39, 19, 31) (46, 15, 43, 7) (16, 32, 40, 8) (45, 26, 20, 30, 29, 36, 21, 2, 44, 6, 5, 12) "
"OP(4,8,7,7,12,3,3,3,3)",0,Solved,"0,0720"," (4t+2)","0,0764","(\infty, 29, \infty, 5) (33, 47, 38, 25, 9, 23, 14, 1) (32, 7, 34, 6, 28, 40, 3) (8, 31, 10, 30, 4, 16, 27) (2, 46, 39, 24, 41, 44, 26, 22, 15, 0, 17, 20) (43, 45, 35) (19, 21, 11) (36, 42, 37) (12, 18, 13) "
"OP(8,8,12,6,6,6,4)",0,Solved,"0,2630"," (4t+2)","0,2684","(\infty, 17, 2, 3, \infty, 27, 26, 41) (4, 6, 9, 18, 28, 30, 33, 42) (14, 20, 12, 19, 31, 10, 38, 44, 36, 43, 7, 34) (11, 37, 23, 39, 16, 46) (35, 13, 47, 15, 40, 22) (21, 32, 1, 45, 8, 25) (5, 0, 29, 24) "
"OP(8,8,12,6,6,5,5)",0,Solved,"0,0720"," (4t+2)","0,0761","(\infty, 30, 3, 0, \infty, 24, 27, 6) (10, 43, 44, 22, 34, 19, 20, 46) (16, 41, 12, 23, 9, 5, 40, 17, 36, 47, 33, 29) (1, 7, 15, 45, 13, 8) (25, 31, 39, 21, 37, 32) (42, 14, 4, 2, 11) (18, 38, 28, 26, 35) "
"OP(8,8,12,6,6,4,3,3)",0,Solved,"0,0780"," (4t+2)","0,0817","(\infty, 2, 47, 8, \infty, 32, 23, 26) (3, 10, 12, 44, 27, 34, 36, 20) (37, 0, 22, 43, 1, 41, 13, 24, 46, 19, 25, 17) (40, 5, 38, 9, 45, 15) (16, 29, 14, 33, 21, 39) (42, 28, 18, 4) (11, 7, 6) (35, 31, 30) "
"OP(8,8,12,6,5,5,3,3)",0,Solved,"0,1440"," (4t+2)","0,1482","(\infty, 16, 0, 46, \infty, 22, 24, 40) (45, 2, 5, 30, 21, 26, 29, 6) (18, 3, 32, 31, 11, 28, 42, 27, 8, 7, 35, 4) (36, 43, 47, 12, 19, 23) (20, 10, 37, 25, 14) (44, 34, 13, 1, 38) (39, 9, 17) (15, 33, 41) "
"OP(13,8,7,6,5,4,4,3)",,Infeasible,,Table config is not valid,,
"OP(8,8,12,6,4,4,4,4)",0,Solved,"0,1410"," (4t+2)","0,1454","(\infty, 45, 6, 31, \infty, 7, 30, 21) (8, 0, 33, 44, 32, 24, 9, 20) (28, 38, 11, 25, 3, 47, 4, 14, 35, 1, 27, 23) (10, 39, 41, 34, 15, 17) (18, 36, 37, 5) (42, 12, 13, 29) (40, 46, 26, 43) (16, 22, 2, 19) "
"OP(8,8,12,6,4,3,3,3,3)",0,Solved,"0,0420"," (4t+2)","0,0454","(\infty, 32, 34, 38, \infty, 14, 10, 8) (11, 39, 36, 30, 35, 15, 12, 6) (20, 21, 2, 25, 41, 29, 44, 45, 26, 1, 17, 5) (0, 9, 46, 24, 33, 22) (23, 40, 47, 16) (42, 28, 7) (18, 4, 31) (27, 37, 19) (3, 13, 43) "
"OP(13,8,7,5,5,5,4,3)",,Infeasible,,Table config is not valid,,
"OP(8,8,12,5,5,4,4,4)",0,Solved,"0,1320"," (4t+2)","0,1355","(\infty, 39, 16, 47, \infty, 23, 40, 15) (18, 5, 41, 22, 42, 29, 17, 46) (0, 3, 1, 7, 8, 35, 24, 27, 25, 31, 32, 11) (43, 21, 12, 28, 13) (19, 45, 36, 4, 37) (2, 9, 14, 6) (26, 33, 38, 30) (20, 10, 44, 34) "
"OP(8,8,12,5,5,3,3,3,3)",0,Solved,"0,0770"," (4t+2)","0,0816","(\infty, 30, 8, 40, \infty, 16, 32, 6) (43, 23, 2, 38, 19, 47, 26, 14) (37, 46, 15, 7, 25, 0, 13, 22, 39, 31, 1, 24) (28, 27, 41, 36, 34) (4, 3, 17, 12, 10) (33, 29, 44) (9, 5, 20) (35, 42, 45) (11, 18, 21) "
"OP(13,8,7,5,4,4,3,3,3)",,Infeasible,,Table config is not valid,,
"OP(8,8,12,4,4,4,4,3,3)",0,Solved,"0,1150"," (4t+2)","0,1200","(\infty, 47, 10, 11, \infty, 35, 34, 23) (13, 0, 8, 17, 37, 24, 32, 41) (12, 6, 4, 7, 3, 19, 36, 30, 28, 31, 27, 43) (16, 46, 21, 42) (40, 22, 45, 18) (20, 1, 15, 5) (44, 25, 39, 29) (2, 14, 9) (26, 38, 33) "
"OP(8,8,12,4,3,3,3,3,3,3)",0,Solved,"0,0770"," (4t+2)","0,0810","(\infty, 29, 7, 39, \infty, 15, 31, 5) (34, 33, 23, 27, 10, 9, 47, 3) (40, 1, 26, 44, 36, 43, 16, 25, 2, 20, 12, 19) (41, 46, 17, 22) (38, 32, 4) (14, 8, 28) (35, 24, 37) (11, 0, 13) (42, 30, 45) (18, 6, 21) "
"OP(6,8,6,6,6,6,12)",0,Solved,"0,0510"," (4t+2)","0,0561","(\infty, 2, 4, \infty, 28, 26) (5, 6, 9, 14, 29, 30, 33, 38) (7, 16, 27, 13, 34, 17) (31, 40, 3, 37, 10, 41) (11, 46, 21, 15, 23, 43) (35, 22, 45, 39, 47, 19) (0, 12, 8, 1, 20, 42, 24, 36, 32, 25, 44, 18) "
"OP(6,8,6,6,6,12,3,3)",0,Solved,"0,2360"," (4t+2)","0,2413","(\infty, 17, 5, \infty, 29, 41) (34, 43, 32, 3, 10, 19, 8, 27) (16, 37, 9, 47, 45, 2) (40, 13, 33, 23, 21, 26) (38, 22, 44, 14, 46, 20) (11, 42, 0, 4, 1, 36, 35, 18, 24, 28, 25, 12) (6, 39, 31) (30, 15, 7) "
"OP(4,8,6,6,6,4,4,12)",0,Solved,"0,0400"," (4t+2)","0,0439","(\infty, 17, \infty, 41) (9, 12, 45, 23, 33, 36, 21, 47) (15, 6, 14, 16, 37, 3) (39, 30, 38, 40, 13, 27) (10, 11, 4, 34, 35, 28) (18, 43, 8, 24) (42, 19, 32, 0) (44, 7, 2, 22, 5, 1, 20, 31, 26, 46, 29, 25) "
"OP(4,8,6,6,5,5,4,12)",0,Solved,"0,1550"," (4t+2)","0,1591","(\infty, 38, \infty, 14) (41, 44, 31, 33, 17, 20, 7, 9) (29, 28, 36, 10, 43, 24) (5, 4, 12, 34, 19, 0) (46, 37, 26, 1, 42) (22, 13, 2, 25, 18) (40, 30, 16, 6) (35, 8, 39, 45, 27, 47, 11, 32, 15, 21, 3, 23) "
"OP(6,8,6,6,12,4,4,4)",0,Solved,"0,1430"," (4t+2)","0,1463","(\infty, 13, 15, \infty, 39, 37) (43, 10, 31, 44, 19, 34, 7, 20) (32, 28, 47, 35, 27, 26) (8, 4, 23, 11, 3, 2) (6, 45, 42, 25, 41, 0, 30, 21, 18, 1, 17, 24) (29, 9, 14, 40) (5, 33, 38, 16) (12, 22, 36, 46) "
"OP(6,8,6,6,12,3,3,3,3)",0,Solved,"0,1180"," (4t+2)","0,1224","(\infty, 17, 5, \infty, 29, 41) (9, 18, 37, 19, 33, 42, 13, 43) (7, 32, 10, 11, 4, 12) (31, 8, 34, 35, 28, 36) (2, 22, 6, 23, 20, 16, 26, 46, 30, 47, 44, 40) (21, 15, 0) (45, 39, 24) (3, 14, 1) (27, 38, 25) "
"OP(4,8,6,6,4,4,12,3,3)",0,Solved,"0,0590"," (4t+2)","0,0629","(\infty, 20, \infty, 44) (37, 6, 32, 42, 13, 30, 8, 18) (35, 46, 41, 38, 23, 7) (11, 22, 17, 14, 47, 31) (34, 40, 39, 26) (10, 16, 15, 2) (27, 36, 29, 43, 45, 33, 3, 12, 5, 19, 21, 9) (28, 1, 24) (4, 25, 0) "
"OP(4,8,6,5,5,5,5,12)",0,Solved,"0,0440"," (4t+2)","0,0484","(\infty, 11, \infty, 35) (16, 8, 5, 3, 40, 32, 29, 27) (21, 43, 12, 45, 19, 36) (4, 0, 14, 34, 13) (28, 24, 38, 10, 37) (1, 6, 18, 17, 7) (25, 30, 42, 41, 31) (2, 9, 22, 47, 15, 44, 26, 33, 46, 23, 39, 20) "
"OP(6,8,6,12,5,5,4,4)",0,Solved,"0,0460"," (4t+2)","0,0509","(\infty, 13, 43, \infty, 19, 37) (46, 7, 1, 44, 22, 31, 25, 20) (15, 42, 11, 39, 18, 35) (9, 6, 17, 3, 10, 8, 33, 30, 41, 27, 34, 32) (0, 16, 45, 5, 4) (24, 40, 21, 29, 28) (47, 12, 2, 14) (23, 36, 26, 38) "
"OP(4,8,6,5,5,4,12,3,3)",0,Solved,"0,0870"," (4t+2)","0,0915","(\infty, 2, \infty, 26) (4, 5, 7, 45, 28, 29, 31, 21) (8, 11, 44, 32, 35, 20) (9, 13, 18, 10, 23) (33, 37, 42, 34, 47) (6, 0, 30, 24) (27, 38, 22, 41, 16, 25, 3, 14, 46, 17, 40, 1) (12, 19, 39) (36, 43, 15) "
"OP(6,8,6,12,4,4,4,3,3)",0,Solved,"0,1390"," (4t+2)","0,1438","(\infty, 40, 10, \infty, 34, 16) (8, 7, 42, 17, 32, 31, 18, 41) (2, 4, 9, 26, 28, 33) (23, 39, 20, 14, 6, 13, 47, 15, 44, 38, 30, 37) (22, 43, 21, 11) (46, 19, 45, 35) (5, 1, 29, 25) (12, 3, 0) (36, 27, 24) "
"OP(6,8,6,12,3,3,3,3,3,3)",0,Solved,"0,0420"," (4t+2)","0,0468","(\infty, 17, 5, \infty, 29, 41) (16, 7, 3, 33, 40, 31, 27, 9) (45, 0, 2, 21, 24, 26) (10, 47, 19, 25, 8, 13, 34, 23, 43, 1, 32, 37) (14, 39, 6) (38, 15, 30) (35, 22, 36) (11, 46, 12) (42, 4, 20) (18, 28, 44) "
"OP(4,8,6,4,4,4,4,4,12)",0,Solved,"0,1070"," (4t+2)","0,1112","(\infty, 19, \infty, 43) (8, 0, 1, 3, 32, 24, 25, 27) (39, 2, 5, 15, 26, 29) (4, 9, 13, 20) (28, 33, 37, 44) (7, 21, 46, 34) (31, 45, 22, 10) (14, 23, 38, 47) (18, 35, 17, 30, 36, 16, 42, 11, 41, 6, 12, 40) "
"OP(4,8,6,4,4,12,3,3,3,3)",0,Solved,"0,0540"," (4t+2)","0,0585","(\infty, 21, \infty, 45) (2, 4, 11, 10, 26, 28, 35, 34) (20, 43, 14, 44, 19, 38) (7, 16, 5, 1) (31, 40, 29, 25) (12, 22, 39, 17, 37, 23, 36, 46, 15, 41, 13, 47) (18, 6, 33) (42, 30, 9) (0, 8, 3) (24, 32, 27) "
"OP(6,8,12,5,5,5,5,4)",0,Solved,"0,2110"," (4t+2)","0,2155","(\infty, 21, 19, \infty, 43, 45) (36, 10, 44, 15, 12, 34, 20, 39) (4, 22, 13, 38, 5, 16, 28, 46, 37, 14, 29, 40) (3, 9, 1, 8, 35) (27, 33, 25, 32, 11) (0, 17, 7, 42, 47) (24, 41, 31, 18, 23) (6, 2, 30, 26) "
"OP(4,8,5,5,5,5,12,3,3)",0,Solved,"0,0450"," (4t+2)","0,0490","(\infty, 7, \infty, 31) (8, 17, 37, 22, 32, 41, 13, 46) (4, 6, 9, 14, 0) (28, 30, 33, 38, 24) (2, 3, 10, 16, 29) (26, 27, 34, 40, 5) (19, 45, 15, 47, 35, 18, 43, 21, 39, 23, 11, 42) (1, 20, 12) (25, 44, 36) "
"OP(6,8,12,5,5,4,4,3,3)",0,Solved,"0,0480"," (4t+2)","0,0522","(\infty, 17, 47, \infty, 23, 41) (16, 28, 7, 8, 40, 4, 31, 32) (21, 36, 25, 18, 5, 19, 45, 12, 1, 42, 29, 43) (13, 30, 33, 10, 15) (37, 6, 9, 34, 39) (27, 35, 26, 46) (3, 11, 2, 22) (38, 44, 0) (14, 20, 24) "
"OP(4,8,5,5,4,4,4,4,12)",0,Solved,"0,1060"," (4t+2)","0,1091","(\infty, 20, \infty, 44) (15, 43, 14, 6, 39, 19, 38, 30) (7, 17, 4, 0, 2) (31, 41, 28, 24, 26) (21, 46, 16, 37) (45, 22, 40, 13) (3, 12, 9, 10) (27, 36, 33, 34) (1, 23, 11, 5, 42, 8, 25, 47, 35, 29, 18, 32) "
"OP(4,8,5,5,4,12,3,3,3,3)",0,Solved,"0,0440"," (4t+2)","0,0479","(\infty, 1, \infty, 25) (12, 3, 9, 2, 36, 27, 33, 26) (0, 22, 21, 4, 8) (24, 46, 45, 28, 32) (17, 6, 41, 30) (37, 19, 7, 23, 42, 40, 13, 43, 31, 47, 18, 16) (5, 10, 20) (29, 34, 44) (14, 39, 11) (38, 15, 35) "
"OP(6,8,12,4,4,4,4,4,4)",0,Solved,"0,0950"," (4t+2)","0,1000","(\infty, 34, 4, \infty, 28, 10) (6, 12, 7, 14, 30, 36, 31, 38) (8, 16, 37, 26, 17, 42, 32, 40, 13, 2, 41, 18) (1, 0, 3, 5) (25, 24, 27, 29) (35, 22, 39, 20) (11, 46, 15, 44) (9, 21, 43, 23) (33, 45, 19, 47) "
"OP(6,8,12,4,4,4,3,3,3,3)",0,Solved,"0,0740"," (4t+2)","0,0773","(\infty, 9, 37, \infty, 13, 33) (30, 15, 4, 2, 6, 39, 28, 26) (40, 18, 21, 7, 1, 8, 16, 42, 45, 31, 25, 32) (14, 5, 17, 44) (38, 29, 41, 20) (22, 3, 46, 27) (0, 10, 23) (24, 34, 47) (43, 12, 11) (19, 36, 35) "
"OP(6,8,12,3,3,3,3,3,3,3,3)",0,Solved,"0,3640"," (4t+2)","0,3684","(\infty, 8, 22, \infty, 46, 32) (0, 17, 28, 47, 24, 41, 4, 23) (12, 13, 40, 20, 38, 45, 36, 37, 16, 44, 14, 21) (18, 3, 6) (42, 27, 30) (10, 15, 2) (34, 39, 26) (19, 9, 35) (43, 33, 11) (1, 7, 5) (25, 31, 29) "
"OP(4,8,4,4,4,4,4,12,3,3)",0,Solved,"0,1240"," (4t+2)","0,1283","(\infty, 10, \infty, 34) (4, 12, 13, 38, 28, 36, 37, 14) (9, 43, 23, 5) (33, 19, 47, 29) (18, 6, 22, 7) (42, 30, 46, 31) (3, 1, 27, 25) (40, 11, 20, 17, 0, 21, 16, 35, 44, 41, 24, 45) (15, 2, 8) (39, 26, 32) "
"OP(4,8,4,4,12,3,3,3,3,3,3)",0,Solved,"0,0380"," (4t+2)","0,0414","(\infty, 42, \infty, 18) (33, 45, 24, 44, 9, 21, 0, 20) (1, 41, 7, 32) (25, 17, 31, 8) (37, 39, 29, 38, 43, 46, 13, 15, 5, 14, 19, 22) (35, 36, 6) (11, 12, 30) (47, 40, 3) (23, 16, 27) (2, 28, 34) (26, 4, 10) "
"OP(4,7,7,7,7,6,12)",0,Solved,"0,0430"," (4t+2)","0,0468","(\infty, 9, \infty, 33) (10, 17, 39, 19, 46, 12, 23) (34, 41, 15, 43, 22, 36, 47) (0, 18, 2, 7, 16, 20, 8) (24, 42, 26, 31, 40, 44, 32) (6, 3, 1, 30, 27, 25) (4, 5, 11, 21, 38, 13, 28, 29, 35, 45, 14, 37) "
"OP(6,7,7,7,7,12,4)",0,Solved,"0,1670"," (4t+2)","0,1709","(\infty, 46, 2, \infty, 26, 22) (39, 32, 7, 45, 36, 44, 38) (15, 8, 31, 21, 12, 20, 14) (24, 41, 5, 27, 43, 25, 4) (0, 17, 29, 3, 19, 1, 28) (33, 35, 6, 40, 37, 42, 9, 11, 30, 16, 13, 18) (34, 47, 10, 23) "
"OP(4,7,7,7,7,12,3,3)",0,Solved,"0,0280"," (4t+2)","0,0323","(\infty, 22, \infty, 46) (43, 18, 32, 14, 13, 1, 11) (19, 42, 8, 38, 37, 25, 35) (9, 4, 12, 41, 21, 47, 20) (33, 28, 36, 17, 45, 23, 44) (7, 5, 2, 6, 15, 0, 31, 29, 26, 30, 39, 24) (3, 10, 16) (27, 34, 40) "
"OP(8,12,7,7,6,6,4)",0,Solved,"0,2490"," (4t+2)","0,2534","(\infty, 40, 2, 14, \infty, 38, 26, 16) (8, 23, 21, 0, 9, 12, 32, 47, 45, 24, 33, 36) (43, 13, 5, 1, 17, 39, 20) (19, 37, 29, 25, 41, 15, 44) (4, 46, 11, 6, 7, 18) (28, 22, 35, 30, 31, 42) (3, 10, 27, 34) "
"OP(8,12,7,7,6,5,5)",0,Solved,"0,0600"," (4t+2)","0,0645","(\infty, 15, 21, 11, \infty, 35, 45, 39) (46, 0, 16, 42, 2, 47, 22, 24, 40, 18, 26, 23) (13, 1, 14, 5, 10, 3, 31) (37, 25, 38, 29, 34, 27, 7) (44, 17, 6, 20, 41, 30) (36, 32, 33, 4, 19) (12, 8, 9, 28, 43) "
"OP(8,12,7,7,6,4,3,3)",0,Solved,"0,1610"," (4t+2)","0,1644","(\infty, 5, 3, 17, \infty, 41, 27, 29) (1, 43, 39, 4, 12, 22, 25, 19, 15, 28, 36, 46) (8, 45, 20, 2, 38, 6, 13) (32, 21, 44, 26, 14, 30, 37) (18, 40, 23, 42, 16, 47) (9, 0, 33, 24) (31, 10, 11) (7, 34, 35) "
"OP(8,12,7,7,5,5,3,3)",0,Solved,"0,0670"," (4t+2)","0,0713","(\infty, 34, 39, 42, \infty, 18, 15, 10) (41, 26, 38, 40, 33, 44, 17, 2, 14, 16, 9, 20) (32, 4, 46, 29, 3, 37, 24) (8, 28, 22, 5, 27, 13, 0) (31, 47, 43, 25, 6) (7, 23, 19, 1, 30) (45, 36, 35) (21, 12, 11) "
"OP(13,7,7,7,5,4,4,3)",,Infeasible,,Table config is not valid,,
"OP(8,12,7,7,4,4,4,4)",0,Solved,"0,2340"," (4t+2)","0,2390","(\infty, 17, 5, 7, \infty, 31, 29, 41) (16, 8, 1, 6, 3, 2, 40, 32, 25, 30, 27, 26) (21, 10, 4, 0, 9, 22, 36) (45, 34, 28, 24, 33, 46, 12) (18, 43, 15, 47) (42, 19, 39, 23) (38, 11, 37, 20) (14, 35, 13, 44) "
"OP(8,12,7,7,4,3,3,3,3)",0,Solved,"0,1870"," (4t+2)","0,1908","(\infty, 2, 5, 4, \infty, 28, 29, 26) (17, 3, 7, 34, 21, 12, 41, 27, 31, 10, 45, 36) (19, 37, 47, 11, 44, 16, 42) (43, 13, 23, 35, 20, 40, 18) (15, 22, 39, 46) (0, 6, 8) (24, 30, 32) (1, 38, 33) (25, 14, 9) "
"OP(6,7,7,6,6,6,12)",0,Solved,"0,1180"," (4t+2)","0,1214","(\infty, \infty, 23, 45, 21, 47) (43, 38, 18, 26, 7, 10, 4) (19, 14, 42, 2, 31, 34, 28) (40, 13, 20, 33, 8, 39) (16, 37, 44, 9, 32, 15) (11, 1, 5, 35, 25, 29) (12, 24, 22, 6, 17, 3, 36, 0, 46, 30, 41, 27) "
"OP(6,7,7,6,6,12,3,3)",0,Solved,"0,1210"," (4t+2)","0,1249","(\infty, 35, 9, \infty, 33, 11) (8, 42, 19, 39, 21, 40, 23) (32, 18, 43, 15, 45, 16, 47) (1, 2, 4, 46, 37, 5) (25, 26, 28, 22, 13, 29) (20, 10, 3, 0, 12, 7, 44, 34, 27, 24, 36, 31) (6, 14, 41) (30, 38, 17) "
"OP(4,7,7,6,6,4,4,12)",0,Solved,"0,0580"," (4t+2)","0,0624","(\infty, 17, \infty, 41) (23, 3, 45, 43, 26, 42, 33) (47, 27, 21, 19, 2, 18, 9) (30, 34, 39, 36, 25, 11) (6, 10, 15, 12, 1, 35) (8, 20, 13, 38) (32, 44, 37, 14) (0, 40, 5, 4, 31, 46, 24, 16, 29, 28, 7, 22) "
"OP(4,7,7,6,5,5,4,12)",0,Solved,"0,0560"," (4t+2)","0,0600","(\infty, 21, \infty, 45) (35, 47, 18, 41, 14, 36, 19) (11, 23, 42, 17, 38, 12, 43) (46, 16, 8, 22, 40, 32) (1, 0, 2, 5, 10) (25, 24, 26, 29, 34) (3, 7, 27, 31) (20, 9, 15, 28, 13, 6, 44, 33, 39, 4, 37, 30) "
"OP(6,7,7,6,12,4,4,4)",0,Solved,"0,2870"," (4t+2)","0,2903","(\infty, 9, 23, \infty, 47, 33) (1, 6, 10, 40, 19, 12, 21) (25, 30, 34, 16, 43, 36, 45) (11, 44, 13, 35, 20, 37) (46, 8, 14, 2, 0, 3, 22, 32, 38, 26, 24, 27) (4, 17, 42, 5) (28, 41, 18, 29) (15, 7, 39, 31) "
"OP(6,7,7,6,12,3,3,3,3)",0,Solved,"0,0560"," (4t+2)","0,0602","(\infty, 43, 9, \infty, 33, 19) (12, 40, 17, 2, 4, 21, 42) (36, 16, 41, 26, 28, 45, 18) (44, 8, 15, 20, 32, 39) (0, 13, 10, 6, 5, 14, 24, 37, 34, 30, 29, 38) (7, 1, 23) (31, 25, 47) (22, 11, 3) (46, 35, 27) "
"OP(4,7,7,6,4,4,12,3,3)",0,Solved,"0,0700"," (4t+2)","0,0732","(\infty, 3, \infty, 27) (4, 6, 9, 22, 45, 31, 11) (28, 30, 33, 46, 21, 7, 35) (1, 18, 26, 25, 42, 2) (13, 8, 14, 23) (37, 32, 38, 47) (40, 10, 36, 20, 41, 5, 16, 34, 12, 44, 17, 29) (0, 15, 19) (24, 39, 43) "
"OP(4,7,7,5,5,5,5,12)",0,Solved,"0,0450"," (4t+2)","0,0490","(\infty, 19, \infty, 43) (42, 15, 5, 3, 6, 11, 12) (18, 39, 29, 27, 30, 35, 36) (4, 0, 20, 46, 17) (28, 24, 44, 22, 41) (1, 7, 16, 33, 8) (25, 31, 40, 9, 32) (2, 10, 21, 37, 23, 38, 26, 34, 45, 13, 47, 14) "
"OP(6,7,7,12,5,5,4,4)",0,Solved,"0,1780"," (4t+2)","0,1829","(\infty, 46, 40, \infty, 16, 22) (13, 2, 11, 43, 18, 45, 33) (37, 26, 35, 19, 42, 21, 9) (44, 14, 7, 4, 17, 12, 20, 38, 31, 28, 41, 36) (47, 0, 34, 5, 3) (23, 24, 10, 29, 27) (32, 6, 39, 1) (8, 30, 15, 25) "
"OP(4,7,7,5,5,4,12,3,3)",0,Solved,"0,0420"," (4t+2)","0,0453","(\infty, 11, \infty, 35) (4, 9, 5, 6, 43, 21, 12) (28, 33, 29, 30, 19, 45, 36) (10, 7, 0, 14, 46) (34, 31, 24, 38, 22) (8, 2, 32, 26) (44, 13, 23, 3, 16, 1, 20, 37, 47, 27, 40, 25) (15, 42, 17) (39, 18, 41) "
"OP(6,7,7,12,4,4,4,3,3)",0,Solved,"0,0920"," (4t+2)","0,0966","(\infty, 15, 47, \infty, 23, 39) (3, 9, 22, 41, 40, 19, 10) (27, 33, 46, 17, 16, 43, 34) (42, 8, 0, 11, 21, 6, 18, 32, 24, 35, 45, 30) (12, 38, 20, 37) (36, 14, 44, 13) (1, 5, 25, 29) (7, 4, 2) (31, 28, 26) "
"OP(6,7,7,12,3,3,3,3,3,3)",0,Solved,"0,1380"," (4t+2)","0,1434","(\infty, 34, 12, \infty, 36, 10) (46, 26, 42, 44, 9, 45, 27) (22, 2, 18, 20, 33, 21, 3) (5, 1, 0, 43, 4, 15, 29, 25, 24, 19, 28, 39) (38, 30, 7) (14, 6, 31) (35, 8, 41) (11, 32, 17) (37, 40, 47) (13, 16, 23) "
"OP(4,7,7,4,4,4,4,4,12)",0,Solved,"0,0500"," (4t+2)","0,0563","(\infty, 10, \infty, 34) (12, 22, 35, 18, 7, 19, 37) (36, 46, 11, 42, 31, 43, 13) (45, 23, 44, 16) (21, 47, 20, 40) (8, 1, 2, 17) (32, 25, 26, 41) (6, 14, 30, 38) (15, 9, 4, 0, 3, 5, 39, 33, 28, 24, 27, 29) "
"OP(4,7,7,4,4,12,3,3,3,3)",0,Solved,"0,0430"," (4t+2)","0,0473","(\infty, 4, \infty, 28) (7, 12, 19, 9, 18, 32, 15) (31, 36, 43, 33, 42, 8, 39) (6, 0, 2, 3) (30, 24, 26, 27) (10, 21, 37, 17, 38, 16, 34, 45, 13, 41, 14, 40) (22, 35, 47) (46, 11, 23) (1, 20, 5) (25, 44, 29) "
"OP(8,12,6,6,6,6,6)",0,Solved,"0,1130"," (4t+2)","0,1178","(\infty, 12, 31, 8, \infty, 32, 7, 36) (45, 41, 46, 34, 6, 43, 21, 17, 22, 10, 30, 19) (25, 42, 26, 29, 47, 40) (1, 18, 2, 5, 23, 16) (33, 35, 44, 4, 38, 39) (9, 11, 20, 28, 14, 15) (0, 27, 37, 24, 3, 13) "
"OP(8,12,6,6,6,6,3,3)",0,Solved,"0,1850"," (4t+2)","0,1881","(\infty, 38, 1, 2, \infty, 26, 25, 14) (13, 22, 42, 17, 32, 16, 37, 46, 18, 41, 8, 40) (15, 21, 4, 44, 6, 10) (39, 45, 28, 20, 30, 34) (23, 5, 3, 0, 35, 9) (47, 29, 27, 24, 11, 33) (12, 19, 31) (36, 43, 7) "
"OP(13,7,6,6,6,5,4,3)",,Infeasible,,Table config is not valid,,
"OP(8,12,6,6,6,4,4,4)",0,Solved,"0,2990"," (4t+2)","0,3025","(\infty, \infty, 23, 7, 17, 41, 31, 47) (13, 0, 4, 16, 15, 10, 37, 24, 28, 40, 39, 34) (12, 6, 21, 46, 20, 1) (36, 30, 45, 22, 44, 25) (3, 11, 9, 27, 35, 33) (5, 14, 42, 8) (29, 38, 18, 32) (2, 19, 26, 43) "
"OP(8,12,6,6,6,3,3,3,3)",0,Solved,"0,1290"," (4t+2)","0,1327","(\infty, 24, 16, 36, \infty, 12, 40, 0) (41, 28, 29, 46, 1, 47, 17, 4, 5, 22, 25, 23) (9, 43, 34, 2, 44, 32) (33, 19, 10, 26, 20, 8) (39, 13, 42, 15, 37, 18) (21, 11, 6) (45, 35, 30) (7, 3, 14) (31, 27, 38) "
"OP(13,7,6,6,5,5,5,3)",,Infeasible,,Table config is not valid,,
"OP(8,12,6,6,5,5,4,4)",0,Solved,"0,0740"," (4t+2)","0,0786","(\infty, 47, 10, 19, \infty, 43, 34, 23) (12, 41, 16, 44, 13, 3, 36, 17, 40, 20, 37, 27) (21, 9, 11, 4, 7, 15) (45, 33, 35, 28, 31, 39) (5, 32, 46, 14, 18) (29, 8, 22, 38, 42) (24, 6, 1, 2) (0, 30, 25, 26) "
"OP(13,7,6,6,5,4,3,3,3)",,Infeasible,,Table config is not valid,,
"OP(8,12,6,6,4,4,4,3,3)",0,Solved,"0,2090"," (4t+2)","0,2128","(\infty, 5, 0, 11, \infty, 35, 24, 29) (43, 17, 3, 10, 7, 1, 19, 41, 27, 34, 31, 25) (21, 33, 12, 2, 15, 44) (45, 9, 36, 26, 39, 20) (14, 6, 4, 13) (38, 30, 28, 37) (18, 22, 42, 46) (40, 8, 23) (16, 32, 47) "
"OP(8,12,6,6,3,3,3,3,3,3)",0,Solved,"0,0450"," (4t+2)","0,0486","(\infty, 14, 11, 2, \infty, 26, 35, 38) (28, 3, 30, 22, 7, 8, 4, 27, 6, 46, 31, 32) (19, 13, 24, 42, 25, 41) (43, 37, 0, 18, 1, 17) (21, 33, 23) (45, 9, 47) (34, 20, 39) (10, 44, 15) (40, 5, 12) (16, 29, 36) "
"OP(8,12,6,5,5,5,5,4)",0,Solved,"0,2830"," (4t+2)","0,2870","(\infty, 19, 36, 11, \infty, 35, 12, 43) (9, 23, 39, 21, 41, 14, 33, 47, 15, 45, 17, 38) (44, 18, 7, 20, 42, 31) (3, 4, 16, 8, 1) (27, 28, 40, 32, 25) (2, 5, 10, 0, 6) (26, 29, 34, 24, 30) (13, 22, 37, 46) "
"OP(13,7,6,5,5,5,3,3,3)",,Infeasible,,Table config is not valid,,
"OP(8,12,6,5,5,4,4,3,3)",0,Solved,"0,0860"," (4t+2)","0,0896","(\infty, 18, 46, 0, \infty, 24, 22, 42) (23, 2, 3, 9, 14, 37, 47, 26, 27, 33, 38, 13) (8, 4, 1, 32, 28, 25) (43, 31, 15, 6, 17) (19, 7, 39, 30, 41) (10, 40, 11, 45) (34, 16, 35, 21) (12, 5, 20) (36, 29, 44) "
"OP(13,7,6,5,4,4,4,4,3)",,Infeasible,,Table config is not valid,,
"OP(13,7,6,5,4,3,3,3,3,3)",,Infeasible,,Table config is not valid,,
"OP(8,12,6,4,4,4,4,4,4)",0,Solved,"0,0790"," (4t+2)","0,0824","(\infty, 3, 7, 47, \infty, 23, 31, 27) (21, 46, 9, 44, 11, 6, 45, 22, 33, 20, 35, 30) (0, 34, 2, 24, 10, 26) (16, 4, 25, 18) (40, 28, 1, 42) (15, 5, 8, 14) (39, 29, 32, 38) (12, 41, 13, 43) (36, 17, 37, 19) "
"OP(8,12,6,4,4,4,3,3,3,3)",0,Solved,"0,2560"," (4t+2)","0,2607","(\infty, 39, 46, 9, \infty, 33, 22, 15) (0, 16, 3, 13, 14, 2, 24, 40, 27, 37, 38, 26) (5, 7, 47, 29, 31, 23) (19, 44, 41, 10) (43, 20, 17, 34) (4, 8, 28, 32) (1, 35, 6) (25, 11, 30) (18, 12, 45) (42, 36, 21) "
"OP(8,12,6,3,3,3,3,3,3,3,3)",0,Solved,"0,2920"," (4t+2)","0,2963","(\infty, 34, 11, 2, \infty, 26, 35, 10) (43, 9, 42, 30, 22, 0, 19, 33, 18, 6, 46, 24) (1, 5, 32, 25, 29, 8) (40, 20, 3) (16, 44, 27) (28, 38, 41) (4, 14, 17) (13, 12, 7) (37, 36, 31) (15, 47, 45) (39, 23, 21) "
"OP(8,12,5,5,5,5,5,5)",0,Solved,"0,0570"," (4t+2)","0,0613","(\infty, 32, 15, 28, \infty, 4, 39, 8) (36, 17, 16, 7, 11, 6, 12, 41, 40, 31, 35, 30) (13, 34, 24, 9, 45) (37, 10, 0, 33, 21) (5, 46, 1, 47, 19) (29, 22, 25, 23, 43) (20, 42, 2, 27, 38) (44, 18, 26, 3, 14) "
"OP(8,12,5,5,5,5,4,3,3)",0,Solved,"0,2340"," (4t+2)","0,2374","(\infty, 0, 1, 34, \infty, 10, 25, 24) (43, 5, 47, 20, 7, 38, 19, 29, 23, 44, 31, 14) (4, 2, 9, 12, 16) (28, 26, 33, 36, 40) (15, 35, 13, 8, 45) (39, 11, 37, 32, 21) (6, 46, 30, 22) (42, 3, 17) (18, 27, 41) "
"OP(13,7,5,5,5,4,4,4,3)",,Infeasible,,Table config is not valid,,
"OP(13,7,5,5,5,3,3,3,3,3)",,Infeasible,,Table config is not valid,,
"OP(8,12,5,5,4,4,4,4,4)",0,Solved,"0,0530"," (4t+2)","0,0567","(\infty, 38, 20, 36, \infty, 12, 44, 14) (45, 23, 0, 11, 13, 42, 21, 47, 24, 35, 37, 18) (5, 15, 46, 34, 19) (29, 39, 22, 10, 43) (1, 8, 3, 9) (25, 32, 27, 33) (17, 16, 7, 4) (41, 40, 31, 28) (2, 6, 26, 30) "
"OP(8,12,5,5,4,4,3,3,3,3)",0,Solved,"0,1590"," (4t+2)","0,1629","(\infty, 10, 22, 28, \infty, 4, 46, 34) (9, 16, 31, 44, 14, 36, 33, 40, 7, 20, 38, 12) (47, 30, 11, 32, 43) (23, 6, 35, 8, 19) (45, 17, 42, 2) (21, 41, 18, 26) (39, 0, 1) (15, 24, 25) (3, 37, 5) (27, 13, 29) "
"OP(13,7,5,4,4,4,4,3,3,3)",,Infeasible,,Table config is not valid,,
"OP(13,7,5,4,3,3,3,3,3,3,3)",,Infeasible,,Table config is not valid,,
"OP(8,12,4,4,4,4,4,4,3,3)",0,Solved,"0,2560"," (4t+2)","0,2597","(\infty, 18, 17, 46, \infty, 22, 41, 42) (19, 35, 10, 0, 8, 23, 43, 11, 34, 24, 32, 47) (16, 37, 15, 4) (40, 13, 39, 28) (21, 7, 20, 38) (45, 31, 44, 14) (6, 12, 3, 1) (30, 36, 27, 25) (9, 5, 2) (33, 29, 26) "
"OP(8,12,4,4,4,3,3,3,3,3,3)",0,Solved,"0,1300"," (4t+2)","0,1333","(\infty, 28, 24, 40, \infty, 16, 0, 4) (36, 10, 44, 7, 27, 42, 12, 34, 20, 31, 3, 18) (38, 11, 2, 33) (14, 35, 26, 9) (46, 45, 22, 21) (8, 5, 43) (32, 29, 19) (30, 37, 1) (6, 13, 25) (47, 41, 39) (23, 17, 15) "
"OP(8,12,3,3,3,3,3,3,3,3,3,3)",0,Solved,"0,0400"," (4t+2)","0,0450","(\infty, 21, 46, 17, \infty, 41, 22, 45) (40, 20, 47, 14, 8, 0, 16, 44, 23, 38, 32, 24) (42, 11, 12) (18, 35, 36) (4, 15, 2) (28, 39, 26) (19, 7, 33) (43, 31, 9) (5, 1, 10) (29, 25, 34) (6, 3, 13) (30, 27, 37) "
"OP(4,6,6,6,6,6,4,12)",0,Solved,"0,1670"," (4t+2)","0,1717","(\infty, 31, \infty, 7) (41, 9, 34, 14, 12, 2) (17, 33, 10, 38, 36, 26) (1, 4, 16, 8, 45, 27) (25, 28, 40, 32, 21, 3) (0, 15, 11, 24, 39, 35) (13, 18, 37, 42) (47, 5, 46, 19, 20, 6, 23, 29, 22, 43, 44, 30) "
"OP(4,6,6,6,6,5,5,12)",0,Solved,"0,0480"," (4t+2)","0,0519","(\infty, 20, \infty, 44) (43, 15, 5, 3, 6, 11) (19, 39, 29, 27, 30, 35) (17, 4, 0, 47, 13, 46) (41, 28, 24, 23, 37, 22) (1, 7, 16, 33, 8) (25, 31, 40, 9, 32) (2, 10, 21, 42, 12, 38, 26, 34, 45, 18, 36, 14) "
"OP(6,6,6,6,6,12,4,4)",0,Solved,"0,0470"," (4t+2)","0,0516","(\infty, 40, 14, \infty, 38, 16) (6, 5, 3, 10, 19, 35) (30, 29, 27, 34, 43, 11) (4, 0, 12, 22, 9, 1) (28, 24, 36, 46, 33, 25) (20, 37, 23, 8, 2, 7, 44, 13, 47, 32, 26, 31) (42, 17, 45, 15) (18, 41, 21, 39) "
"OP(4,6,6,6,6,4,12,3,3)",0,Solved,"0,0450"," (4t+2)","0,0489","(\infty, 24, \infty, 0) (7, 22, 10, 9, 41, 35) (31, 46, 34, 33, 17, 11) (14, 32, 27, 2, 39, 12) (38, 8, 3, 26, 15, 36) (42, 28, 18, 4) (23, 45, 1, 30, 43, 40, 47, 21, 25, 6, 19, 16) (20, 37, 29) (44, 13, 5) "
"OP(6,6,6,6,12,5,5,4)",0,Solved,"0,0610"," (4t+2)","0,0656","(\infty, 21, 7, \infty, 31, 45) (10, 3, 9, 12, 39, 23) (34, 27, 33, 36, 15, 47) (6, 1, 11, 30, 25, 35) (20, 8, 0, 4, 2, 13, 44, 32, 24, 28, 26, 37) (18, 43, 17, 16, 46) (42, 19, 41, 40, 22) (14, 5, 38, 29) "
"OP(4,6,6,6,5,5,12,3,3)",0,Solved,"0,0460"," (4t+2)","0,0496","(\infty, 2, \infty, 26) (3, 4, 6, 9, 1, 7) (27, 28, 30, 33, 25, 31) (8, 15, 41, 32, 39, 17) (10, 20, 35, 19, 46) (34, 44, 11, 43, 22) (13, 38, 21, 40, 12, 23, 37, 14, 45, 16, 36, 47) (18, 0, 5) (42, 24, 29) "
"OP(6,6,6,6,12,4,4,3,3)",0,Solved,"0,1550"," (4t+2)","0,1587","(\infty, 15, 3, \infty, 27, 39) (12, 46, 16, 44, 43, 14) (36, 22, 40, 20, 19, 38) (42, 9, 41, 18, 33, 17) (11, 21, 29, 8, 2, 13, 35, 45, 5, 32, 26, 37) (1, 10, 23, 6) (25, 34, 47, 30) (0, 7, 4) (24, 31, 28) "
"OP(4,6,6,6,4,4,4,4,12)",0,Solved,"0,0410"," (4t+2)","0,0443","(\infty, 19, \infty, 43) (22, 39, 20, 13, 4, 12) (46, 15, 44, 37, 28, 36) (11, 7, 2, 35, 31, 26) (32, 18, 5, 16) (8, 42, 29, 40) (6, 3, 1, 0) (30, 27, 25, 24) (23, 41, 14, 34, 9, 21, 47, 17, 38, 10, 33, 45) "
"OP(4,6,6,6,4,12,3,3,3,3)",0,Solved,"0,2370"," (4t+2)","0,2408","(\infty, 19, \infty, 43) (22, 38, 21, 47, 18, 4) (46, 14, 45, 23, 42, 28) (0, 6, 34, 24, 30, 10) (2, 11, 26, 35) (44, 17, 12, 1, 9, 13, 20, 41, 36, 25, 33, 37) (39, 16, 3) (15, 40, 27) (5, 7, 8) (29, 31, 32) "
"OP(6,6,6,12,5,5,5,5)",0,Solved,"0,0380"," (4t+2)","0,0423","(\infty, 24, 18, \infty, 42, 0) (40, 20, 37, 19, 29, 17) (16, 44, 13, 43, 5, 41) (4, 12, 11, 26, 33, 31, 28, 36, 35, 2, 9, 7) (46, 32, 27, 14, 25) (22, 8, 3, 38, 1) (39, 23, 45, 6, 10) (15, 47, 21, 30, 34) "
"OP(6,6,6,12,5,5,4,3,3)",0,Solved,"0,2920"," (4t+2)","0,2952","(\infty, 12, 46, \infty, 22, 36) (2, 10, 5, 1, 11, 4) (26, 34, 29, 25, 35, 28) (18, 40, 9, 41, 20, 45, 42, 16, 33, 17, 44, 21) (47, 19, 7, 13, 0) (23, 43, 31, 37, 24) (6, 15, 30, 39) (14, 32, 3) (38, 8, 27) "
"OP(4,6,6,5,5,4,4,4,12)",0,Solved,"0,1930"," (4t+2)","0,1974","(\infty, 29, \infty, 5) (28, 35, 36, 0, 42, 8) (4, 11, 12, 24, 18, 32) (41, 46, 37, 19, 3) (17, 22, 13, 43, 27) (14, 45, 30, 33) (38, 21, 6, 9) (23, 1, 47, 25) (10, 2, 39, 16, 20, 7, 34, 26, 15, 40, 44, 31) "
"OP(4,6,6,5,5,12,3,3,3,3)",0,Solved,"0,0490"," (4t+2)","0,0533","(\infty, 2, \infty, 26) (4, 5, 7, 10, 17, 35) (28, 29, 31, 34, 41, 11) (16, 27, 14, 37, 22) (40, 3, 38, 13, 46) (42, 21, 43, 15, 47, 9, 18, 45, 19, 39, 23, 33) (0, 12, 8) (24, 36, 32) (1, 20, 6) (25, 44, 30) "
"OP(6,6,6,12,4,4,4,4,4)",0,Solved,"0,1160"," (4t+2)","0,1192","(\infty, 6, 36, \infty, 12, 30) (45, 38, 47, 41, 28, 24) (21, 14, 23, 17, 4, 0) (31, 39, 44, 33, 1, 29, 7, 15, 20, 9, 25, 5) (34, 46, 32, 3) (10, 22, 8, 27) (37, 35, 2, 40) (13, 11, 26, 16) (43, 42, 19, 18) "
"OP(6,6,6,12,4,4,3,3,3,3)",0,Solved,"0,1690"," (4t+2)","0,1759","(\infty, 21, 47, \infty, 23, 45) (14, 1, 11, 22, 42, 9) (38, 25, 35, 46, 18, 33) (7, 5, 12, 4, 8, 2, 31, 29, 36, 28, 32, 26) (20, 34, 13, 43) (44, 10, 37, 19) (16, 0, 17) (40, 24, 41) (15, 6, 3) (39, 30, 27) "
"OP(4,6,6,4,4,4,4,12,3,3)",0,Solved,"0,0560"," (4t+2)","0,0598","(\infty, 8, \infty, 32) (1, 6, 9, 2, 23, 5) (25, 30, 33, 26, 47, 29) (0, 11, 3, 16) (24, 35, 27, 40) (21, 12, 10, 44) (45, 36, 34, 20) (4, 46, 15, 14, 42, 13, 28, 22, 39, 38, 18, 37) (43, 17, 7) (19, 41, 31) "
"OP(4,6,6,4,12,3,3,3,3,3,3)",0,Solved,"0,0900"," (4t+2)","0,0936","(\infty, 1, \infty, 25) (10, 42, 14, 22, 0, 47) (34, 18, 38, 46, 24, 23) (11, 21, 35, 45) (13, 44, 17, 5, 2, 8, 37, 20, 41, 29, 26, 32) (6, 4, 19) (30, 28, 43) (12, 7, 3) (36, 31, 27) (39, 16, 9) (15, 40, 33) "
"OP(6,6,12,5,5,5,5,3,3)",0,Solved,"0,2080"," (4t+2)","0,2119","(\infty, 31, 45, \infty, 21, 7) (33, 23, 4, 9, 47, 28) (34, 18, 46, 38, 20, 35, 10, 42, 22, 14, 44, 11) (25, 13, 39, 12, 16) (1, 37, 15, 36, 40) (0, 3, 5, 6, 41) (24, 27, 29, 30, 17) (8, 2, 19) (32, 26, 43) "
"OP(4,6,5,5,5,5,4,4,12)",0,Solved,"0,0540"," (4t+2)","0,0580","(\infty, 4, \infty, 28) (45, 0, 35, 21, 24, 11) (5, 7, 18, 41, 13) (29, 31, 42, 17, 37) (2, 8, 20, 19, 9) (26, 32, 44, 43, 33) (46, 16, 47, 14) (22, 40, 23, 38) (1, 6, 10, 39, 12, 3, 25, 30, 34, 15, 36, 27) "
"OP(6,6,12,5,5,4,4,4,4)",0,Solved,"0,0400"," (4t+2)","0,0446","(\infty, 11, 23, \infty, 47, 35) (39, 14, 4, 15, 38, 28) (10, 42, 13, 46, 16, 8, 34, 18, 37, 22, 40, 32) (12, 6, 1, 2, 19) (36, 30, 25, 26, 43) (7, 20, 41, 21) (31, 44, 17, 45) (9, 0, 3, 5) (33, 24, 27, 29) "
"OP(6,6,12,5,5,4,3,3,3,3)",0,Solved,"0,1500"," (4t+2)","0,1548","(\infty, 30, 20, \infty, 44, 6) (10, 7, 3, 34, 31, 27) (40, 26, 17, 35, 13, 28, 16, 2, 41, 11, 37, 4) (47, 18, 46, 33, 39) (23, 42, 22, 9, 15) (0, 25, 24, 1) (43, 36, 38) (19, 12, 14) (21, 5, 32) (45, 29, 8) "
"OP(4,6,5,5,4,4,4,12,3,3)",0,Solved,"0,1330"," (4t+2)","0,1377","(\infty, 22, \infty, 46) (47, 6, 15, 23, 30, 39) (13, 41, 3, 20, 31) (37, 17, 27, 44, 7) (10, 29, 2, 45) (34, 5, 26, 21) (0, 25, 24, 1) (33, 19, 4, 16, 32, 35, 9, 43, 28, 40, 8, 11) (12, 18, 14) (36, 42, 38) "
"OP(4,6,5,5,12,3,3,3,3,3,3)",0,Solved,"0,0970"," (4t+2)","0,1008","(\infty, 9, \infty, 33) (21, 8, 14, 45, 32, 38) (20, 22, 2, 40, 4) (44, 46, 26, 16, 28) (23, 34, 7, 0, 15, 18, 47, 10, 31, 24, 39, 42) (27, 36, 13) (3, 12, 37) (6, 5, 1) (30, 29, 25) (35, 17, 43) (11, 41, 19) "
"OP(6,6,12,4,4,4,4,4,3,3)",0,Solved,"0,0750"," (4t+2)","0,0794","(\infty, 2, 12, \infty, 36, 26) (10, 5, 19, 34, 29, 43) (9, 0, 13, 21, 44, 17, 33, 24, 37, 45, 20, 41) (11, 8, 1, 7) (35, 32, 25, 31) (47, 18, 46, 16) (23, 42, 22, 40) (6, 4, 30, 28) (3, 15, 14) (27, 39, 38) "
"OP(6,6,12,4,4,3,3,3,3,3,3)",0,Solved,"0,1760"," (4t+2)","0,1801","(\infty, 46, 16, \infty, 40, 22) (10, 37, 17, 34, 13, 41) (6, 2, 8, 19, 33, 18, 30, 26, 32, 43, 9, 42) (15, 44, 21, 47) (39, 20, 45, 23) (4, 3, 12) (28, 27, 36) (1, 14, 11) (25, 38, 35) (7, 0, 5) (31, 24, 29) "
"OP(4,6,4,4,4,4,4,4,4,12)",0,Solved,"0,0480"," (4t+2)","0,0515","(\infty, 11, \infty, 35) (23, 10, 37, 47, 34, 13) (18, 7, 19, 36) (42, 31, 43, 12) (22, 45, 16, 44) (46, 21, 40, 20) (8, 1, 2, 17) (32, 25, 26, 41) (6, 14, 30, 38) (15, 9, 4, 0, 3, 5, 39, 33, 28, 24, 27, 29) "
"OP(4,6,4,4,4,4,12,3,3,3,3)",0,Solved,"0,0580"," (4t+2)","0,0626","(\infty, 4, \infty, 28) (5, 6, 2, 29, 30, 26) (7, 17, 42, 22) (31, 41, 18, 46) (3, 8, 19, 10) (27, 32, 43, 34) (12, 0, 13, 35, 38, 20, 36, 24, 37, 11, 14, 44) (15, 1, 9) (39, 25, 33) (16, 45, 47) (40, 21, 23) "
"OP(4,6,4,12,3,3,3,3,3,3,3,3)",0,Solved,"0,1090"," (4t+2)","0,1138","(\infty, 4, \infty, 28) (2, 8, 40, 26, 32, 16) (22, 5, 46, 29) (17, 44, 18, 0, 13, 1, 41, 20, 42, 24, 37, 25) (21, 6, 11) (45, 30, 35) (10, 7, 9) (34, 31, 33) (12, 3, 23) (36, 27, 47) (43, 39, 14) (19, 15, 38) "
"OP(4,5,5,5,5,5,5,4,12)",0,Solved,"0,0530"," (4t+2)","0,0571","(\infty, 5, \infty, 29) (8, 9, 19, 10, 44) (32, 33, 43, 34, 20) (6, 11, 0, 18, 2) (30, 35, 24, 42, 26) (23, 16, 36, 17, 38) (47, 40, 12, 41, 14) (3, 1, 27, 25) (4, 7, 13, 21, 46, 15, 28, 31, 37, 45, 22, 39) "
"OP(6,12,5,5,5,5,4,4,4)",0,Solved,"0,0420"," (4t+2)","0,0464","(\infty, 1, 41, \infty, 17, 25) (14, 40, 15, 20, 18, 6, 38, 16, 39, 44, 42, 30) (36, 23, 2, 35, 7) (12, 47, 26, 11, 31) (9, 43, 13, 10, 0) (33, 19, 37, 34, 24) (4, 8, 45, 3) (28, 32, 21, 27) (5, 46, 29, 22) "
"OP(6,12,5,5,5,5,3,3,3,3)",0,Solved,"0,2790"," (4t+2)","0,2845","(\infty, 46, 12, \infty, 36, 22) (15, 14, 2, 8, 0, 23, 39, 38, 26, 32, 24, 47) (6, 19, 41, 10, 1) (30, 43, 17, 34, 25) (18, 20, 5, 16, 45) (42, 44, 29, 40, 21) (13, 3, 33) (37, 27, 9) (4, 11, 7) (28, 35, 31) "
"OP(4,5,5,5,5,4,4,12,3,3)",0,Solved,"0,0490"," (4t+2)","0,0533","(\infty, 13, \infty, 37) (0, 3, 19, 40, 9) (24, 27, 43, 16, 33) (35, 42, 14, 15, 45) (11, 18, 38, 39, 21) (41, 5, 1, 12) (17, 29, 25, 36) (46, 23, 28, 6, 20, 7, 22, 47, 4, 30, 44, 31) (10, 8, 2) (34, 32, 26) "
"OP(6,12,5,5,4,4,4,4,3,3)",0,Solved,"0,0420"," (4t+2)","0,0455","(\infty, 2, 4, \infty, 28, 26) (6, 7, 14, 22, 10, 16, 30, 31, 38, 46, 34, 40) (27, 18, 41, 9, 47) (3, 42, 17, 33, 23) (19, 36, 15, 45) (43, 12, 39, 21) (11, 0, 13, 8) (35, 24, 37, 32) (1, 20, 5) (25, 44, 29) "
"OP(6,12,5,5,4,3,3,3,3,3,3)",0,Solved,"0,1760"," (4t+2)","0,1799","(\infty, 20, 38, \infty, 14, 44) (16, 23, 6, 41, 4, 0, 40, 47, 30, 17, 28, 24) (18, 9, 37, 15, 34) (42, 33, 13, 39, 10) (1, 22, 25, 46) (7, 19, 5) (31, 43, 29) (36, 11, 21) (12, 35, 45) (8, 3, 2) (32, 27, 26) "
"OP(4,5,5,4,4,4,4,4,4,12)",0,Solved,"0,0810"," (4t+2)","0,0845","(\infty, 17, \infty, 41) (2, 3, 1, 13, 7) (26, 27, 25, 37, 31) (6, 20, 35, 22) (30, 44, 11, 46) (4, 8, 5, 45) (28, 32, 29, 21) (10, 36, 16, 47) (34, 12, 40, 23) (42, 15, 38, 19, 9, 0, 18, 39, 14, 43, 33, 24) "
"OP(4,5,5,4,4,4,12,3,3,3,3)",0,Solved,"0,2030"," (4t+2)","0,2071","(\infty, 3, \infty, 27) (15, 41, 8, 11, 38) (39, 17, 32, 35, 14) (12, 5, 10, 1) (36, 29, 34, 25) (0, 18, 24, 42) (6, 19, 9, 7, 47, 13, 30, 43, 33, 31, 23, 37) (20, 16, 4) (44, 40, 28) (21, 22, 2) (45, 46, 26) "
"OP(4,5,5,12,3,3,3,3,3,3,3,3)",0,Solved,"0,0440"," (4t+2)","0,0486","(\infty, \infty, 23, 47) (43, 31, 14, 6, 17) (19, 7, 38, 30, 41) (36, 18, 39, 11, 21, 44, 12, 42, 15, 35, 45, 20) (4, 1, 2) (28, 25, 26) (8, 37, 22) (32, 13, 46) (3, 16, 10) (27, 40, 34) (0, 5, 9) (24, 29, 33) "
"OP(6,12,4,4,4,4,4,4,4,4)",0,Solved,"0,2620"," (4t+2)","0,2658","(\infty, 40, 20, \infty, 44, 16) (7, 5, 42, 17, 3, 10, 31, 29, 18, 41, 27, 34) (38, 43, 1, 0) (14, 19, 25, 24) (13, 4, 12, 9) (37, 28, 36, 33) (6, 32, 2, 21) (30, 8, 26, 45) (47, 15, 46, 11) (23, 39, 22, 35) "
"OP(6,12,4,4,4,4,4,3,3,3,3)",0,Solved,"0,2120"," (4t+2)","0,2155","(\infty, 41, 13, \infty, 37, 17) (44, 45, 0, 12, 2, 42, 20, 21, 24, 36, 26, 18) (32, 14, 43, 28) (8, 38, 19, 4) (5, 7, 1, 40) (29, 31, 25, 16) (46, 39, 22, 15) (23, 9, 34) (47, 33, 10) (6, 11, 27) (30, 35, 3) "
"OP(6,12,4,4,3,3,3,3,3,3,3,3)",0,Solved,"0,0740"," (4t+2)","0,0782","(\infty, 42, 12, \infty, 36, 18) (2, 9, 23, 8, 14, 10, 26, 33, 47, 32, 38, 34) (6, 7, 44, 15) (30, 31, 20, 39) (5, 17, 40) (29, 41, 16) (21, 4, 1) (45, 28, 25) (3, 11, 13) (27, 35, 37) (22, 43, 0) (46, 19, 24) "
"OP(4,4,4,4,4,4,4,4,12,3,3)",0,Solved,"0,1780"," (4t+2)","0,1821","(\infty, 17, \infty, 41) (3, 7, 1, 0) (27, 31, 25, 24) (36, 6, 40, 13) (12, 30, 16, 37) (15, 44, 46, 5) (39, 20, 22, 29) (10, 2, 34, 26) (4, 43, 8, 45, 23, 11, 28, 19, 32, 21, 47, 35) (14, 9, 42) (38, 33, 18) "
"OP(4,4,4,4,4,12,3,3,3,3,3,3)",0,Solved,"0,1720"," (4t+2)","0,1764","(\infty, 9, \infty, 33) (10, 5, 15, 12) (34, 29, 39, 36) (3, 11, 2, 17) (27, 35, 26, 41) (23, 16, 22, 0, 4, 20, 47, 40, 46, 24, 28, 44) (42, 6, 19) (18, 30, 43) (7, 8, 37) (31, 32, 13) (45, 14, 25) (21, 38, 1) "
"OP(4,4,12,3,3,3,3,3,3,3,3,3,3)",0,Solved,"0,2410"," (4t+2)","0,2451","(\infty, 29, \infty, 5) (3, 17, 27, 41) (47, 4, 37, 7, 39, 12, 23, 28, 13, 31, 15, 36) (30, 10, 18) (6, 34, 42) (0, 35, 44) (24, 11, 20) (38, 9, 40) (14, 33, 16) (8, 1, 2) (32, 25, 26) (46, 43, 21) (22, 19, 45) "
"OP(4,12,12)",0,Solved,"0,0530"," (4t+2)","0,0570","(\infty, 1, \infty, 25) (2, 8, 9, 16, 6, 19, 5, 21, 12, 7, 3, 0) (26, 32, 33, 40, 30, 43, 29, 45, 36, 31, 27, 24) "
"OP(12,12,12,10,4)",0,Solved,"0,0560"," (4t+2)","0,0605","(\infty, 14, 0, 11, 41, 18, \infty, 42, 17, 35, 24, 38) (19, 21, 1, 5, 31, 15, 8, 37, 22, 10, 16, 6) (43, 45, 25, 29, 7, 39, 32, 13, 46, 34, 40, 30) (4, 12, 3, 2, 33, 28, 36, 27, 26, 9) (47, 20, 23, 44) "
"OP(6,12,8)",0,Solved,"0,1970"," (4t+2)","0,2010","(\infty, 15, 37, \infty, 13, 39) (0, 29, 2, 6, 43, 27, 24, 5, 26, 30, 19, 3) (33, 16, 4, 34, 9, 40, 28, 10) "
"OP(12,12,12,8,6)",0,Solved,"0,0620"," (4t+2)","0,0661","(\infty, 14, 17, 19, 44, 18, \infty, 42, 20, 43, 41, 38) (45, 26, 37, 3, 12, 7, 23, 11, 15, 32, 5, 4) (21, 2, 13, 27, 36, 31, 47, 35, 39, 8, 29, 28) (1, 9, 22, 40, 25, 33, 46, 16) (6, 0, 10, 30, 24, 34) "
"OP(12,12,12,8,3,3)",0,Solved,"0,1090"," (4t+2)","0,1126","(\infty, 19, 8, 0, 1, 3, \infty, 27, 25, 24, 32, 43) (39, 4, 7, 2, 9, 5, 11, 38, 21, 36, 20, 10) (15, 28, 31, 26, 33, 29, 35, 14, 45, 12, 44, 34) (13, 22, 47, 17, 37, 46, 23, 41) (30, 42, 16) (6, 18, 40) "
"OP(12,12,12,7,7)",0,Solved,"0,0810"," (4t+2)","0,0847","(\infty, 3, 41, 0, 6, 9, \infty, 33, 30, 24, 17, 27) (7, 11, 32, 45, 19, 14, 2, 10, 1, 15, 16, 5) (31, 35, 8, 21, 43, 38, 26, 34, 25, 39, 40, 29) (13, 28, 47, 22, 42, 12, 44) (37, 4, 23, 46, 18, 36, 20) "
"OP(4,12,6,4)",0,Solved,"0,0970"," (4t+2)","0,1009","(\infty, 0, \infty, 24) (2, 3, 7, 5, 8, 13, 26, 27, 31, 29, 32, 37) (4, 10, 17, 28, 34, 41) (6, 14, 30, 38) "
"OP(4,12,5,5)",0,Solved,"0,0530"," (4t+2)","0,0563","(\infty, 16, \infty, 40) (42, 13, 5, 3, 9, 39, 18, 37, 29, 27, 33, 15) (7, 4, 0, 22, 21) (31, 28, 24, 46, 45) "
"OP(12,12,12,6,4,4)",0,Solved,"0,0500"," (4t+2)","0,0536","(\infty, 21, 8, 35, 19, 47, \infty, 23, 43, 11, 32, 45) (31, 14, 44, 18, 37, 22, 12, 6, 1, 2, 10, 17) (7, 38, 20, 42, 13, 46, 36, 30, 25, 26, 34, 41) (40, 15, 4, 16, 39, 28) (9, 0, 3, 5) (33, 24, 27, 29) "
"OP(12,12,12,5,5,4)",0,Solved,"0,0490"," (4t+2)","0,0536","(\infty, 2, 4, 7, 6, 36, \infty, 12, 30, 31, 28, 26) (46, 33, 16, 27, 37, 21, 42, 17, 43, 23, 15, 34) (22, 9, 40, 3, 13, 45, 18, 41, 19, 47, 39, 10) (5, 0, 14, 8, 1) (29, 24, 38, 32, 25) (20, 11, 44, 35) "
"OP(4,12,4,3,3)",0,Solved,"0,0680"," (4t+2)","0,0719","(\infty, 19, \infty, 43) (12, 6, 5, 14, 2, 47, 36, 30, 29, 38, 26, 23) (9, 4, 33, 28) (3, 41, 15) (27, 17, 39) "
"OP(12,12,12,4,4,3,3)",0,Solved,"0,0490"," (4t+2)","0,0528","(\infty, 46, 19, 41, 11, 42, \infty, 18, 35, 17, 43, 22) (2, 4, 7, 13, 23, 36, 20, 45, 30, 16, 8, 1) (26, 28, 31, 37, 47, 12, 44, 21, 6, 40, 32, 25) (14, 34, 15, 3) (38, 10, 39, 27) (9, 0, 5) (33, 24, 29) "
"OP(12,11,11,12,4)",0,Solved,"0,0560"," (4t+2)","0,0657","(\infty, 6, 23, 10, 42, 22, \infty, 46, 18, 34, 47, 30) (19, 12, 7, 4, 0, 2, 3, 9, 17, 38, 8) (43, 36, 31, 28, 24, 26, 27, 33, 41, 14, 32) (15, 40, 21, 35, 13, 1, 39, 16, 45, 11, 37, 25) (20, 5, 44, 29) "
"OP(6,12,10)",0,Solved,"0,0990"," (4t+2)","0,1043","(\infty, 0, 2, \infty, 26, 24) (3, 6, 5, 9, 4, 10, 27, 30, 29, 33, 28, 34) (7, 14, 22, 8, 18, 31, 38, 46, 32, 42) "
"OP(10,12,6)",0,Solved,"0,0930"," (4t+2)","0,0977","(\infty, 17, 2, 3, 1, \infty, 25, 27, 26, 41) (9, 20, 42, 23, 40, 19, 33, 44, 18, 47, 16, 43) (31, 13, 4, 7, 37, 28) "
"OP(10,12,3,3)",0,Solved,"0,0480"," (4t+2)","0,0526","(\infty, 29, 16, 27, 11, \infty, 35, 3, 40, 5) (20, 6, 28, 10, 18, 41, 44, 30, 4, 34, 42, 17) (9, 13, 23) (33, 37, 47) "
"OP(8,12,8)",0,Solved,"0,1090"," (4t+2)","0,1131","(\infty, 41, 8, 37, \infty, 13, 32, 17) (35, 7, 45, 42, 2, 43, 11, 31, 21, 18, 26, 19) (39, 44, 33, 29, 15, 20, 9, 5) "
"OP(4,12,8,4)",0,Solved,"0,0500"," (4t+2)","0,0540","(\infty, 5, \infty, 29) (6, 12, 13, 18, 9, 43, 30, 36, 37, 42, 33, 19) (15, 8, 0, 2, 39, 32, 24, 26) (3, 7, 27, 31) "
"OP(12,12,11,7,5,3)",,Infeasible,,Table config is not valid,,
"OP(8,12,4,4)",0,Solved,"0,0470"," (4t+2)","0,0518","(\infty, 1, 4, 11, \infty, 35, 28, 25) (3, 2, 0, 5, 9, 15, 27, 26, 24, 29, 33, 39) (6, 14, 23, 41) (30, 38, 47, 17) "
"OP(4,12,6,6)",0,Solved,"0,0470"," (4t+2)","0,0506","(\infty, 1, \infty, 25) (4, 3, 6, 2, 0, 5, 28, 27, 30, 26, 24, 29) (14, 34, 18, 9, 19, 41) (38, 10, 42, 33, 43, 17) "
"OP(6,12,6,4)",0,Solved,"0,1420"," (4t+2)","0,1461","(\infty, 7, 21, \infty, 45, 31) (18, 46, 38, 16, 47, 12, 42, 22, 14, 40, 23, 36) (43, 20, 13, 19, 44, 37) (15, 5, 39, 29) "
"OP(4,12,6,3,3)",0,Solved,"0,0440"," (4t+2)","0,0475","(\infty, 38, \infty, 14) (4, 37, 25, 42, 47, 41, 28, 13, 1, 18, 23, 17) (39, 43, 36, 15, 19, 12) (0, 34, 33) (24, 10, 9) "
"OP(6,12,5,5)",0,Solved,"0,0510"," (4t+2)","0,0552","(\infty, 2, 4, \infty, 28, 26) (5, 6, 12, 17, 42, 16, 29, 30, 36, 41, 18, 40) (27, 10, 22, 14, 47) (3, 34, 46, 38, 23) "
"OP(6,12,4,3,3)",0,Solved,"0,1860"," (4t+2)","0,1903","(\infty, 4, 6, \infty, 30, 28) (0, 22, 37, 10, 3, 14, 24, 46, 13, 34, 27, 38) (5, 8, 29, 32) (12, 47, 42) (36, 23, 18) "
"OP(4,12,4,4,4)",0,Solved,"0,1470"," (4t+2)","0,1508","(\infty, 0, \infty, 24) (1, 2, 4, 7, 12, 34, 25, 26, 28, 31, 36, 10) (40, 9, 3, 44) (16, 33, 27, 20) (5, 13, 29, 37) "
"OP(4,12,3,3,3,3)",0,Solved,"0,0420"," (4t+2)","0,0460","(\infty, 19, \infty, 43) (4, 21, 39, 16, 0, 47, 28, 45, 15, 40, 24, 23) (10, 6, 11) (34, 30, 35) (1, 22, 20) (25, 46, 44) "
"OP(12,12,10,10,6)",0,Solved,"0,1520"," (4t+2)","0,1553","(\infty, 37, 8, 5, 4, 21, \infty, 45, 28, 29, 32, 13) (2, 16, 36, 20, 7, 19, 26, 40, 12, 44, 31, 43) (47, 14, 3, 11, 33, 6, 0, 46, 42, 17) (23, 38, 27, 35, 9, 30, 24, 22, 18, 41) (1, 10, 15, 25, 34, 39) "
"OP(12,12,10,10,3,3)",0,Solved,"0,0880"," (4t+2)","0,0922","(\infty, 10, 2, 4, 13, 38, \infty, 14, 37, 28, 26, 34) (20, 5, 21, 43, 1, 6, 44, 29, 45, 19, 25, 30) (11, 7, 0, 3, 15, 16, 33, 46, 18, 32) (35, 31, 24, 27, 39, 40, 9, 22, 42, 8) (23, 41, 12) (47, 17, 36) "
"OP(8,9,9)",0,Solved,"0,0930"," (4t+2)","0,0965","(\infty, 17, 2, 3, \infty, 27, 26, 41) (1, 6, 8, 11, 22, 34, 16, 42, 7) (25, 30, 32, 35, 46, 10, 40, 18, 31) "
"OP(4,9,9,4)",0,Solved,"0,0640"," (4t+2)","0,0680","(\infty, 15, \infty, 39) (10, 16, 5, 0, 13, 9, 2, 3, 1) (34, 40, 29, 24, 37, 33, 26, 27, 25) (4, 7, 28, 31) "
"OP(12,12,10,8,8)",0,Solved,"0,0550"," (4t+2)","0,0584","(\infty, 1, 2, 4, 0, 3, \infty, 27, 24, 28, 26, 25) (23, 6, 13, 32, 19, 5, 47, 30, 37, 8, 43, 29) (35, 17, 38, 12, 22, 11, 41, 14, 36, 46) (10, 15, 31, 16, 44, 21, 9, 18) (34, 39, 7, 40, 20, 45, 33, 42) "
"OP(4,10,8,4)",0,Solved,"0,0700"," (4t+2)","0,0737","(\infty, 4, \infty, 28) (5, 6, 2, 15, 13, 29, 30, 26, 39, 37) (14, 8, 3, 10, 38, 32, 27, 34) (19, 22, 43, 46) "
"OP(12,12,10,8,4,4)",0,Solved,"0,1330"," (4t+2)","0,1368","(\infty, 2, 1, 6, 8, 14, \infty, 38, 32, 30, 25, 26) (3, 15, 41, 9, 16, 35, 27, 39, 17, 33, 40, 11) (0, 4, 7, 20, 10, 24, 28, 31, 44, 34) (12, 29, 18, 45, 36, 5, 42, 21) (13, 43, 23, 46) (37, 19, 47, 22) "
"OP(4,10,6,6)",0,Solved,"0,0480"," (4t+2)","0,0521","(\infty, 2, \infty, 26) (4, 5, 7, 10, 18, 28, 29, 31, 34, 42) (47, 16, 27, 41, 19, 14) (23, 40, 3, 17, 43, 38) "
"OP(6,10,6,4)",0,Solved,"0,1480"," (4t+2)","0,1534","(\infty, 38, 12, \infty, 36, 14) (0, 1, 3, 6, 10, 24, 25, 27, 30, 34) (21, 5, 35, 45, 29, 11) (9, 2, 33, 26) "
"OP(4,10,6,3,3)",0,Solved,"0,0480"," (4t+2)","0,0514","(\infty, 47, \infty, 23) (35, 24, 40, 43, 38, 11, 0, 16, 19, 14) (27, 34, 32, 3, 10, 8) (36, 44, 26) (12, 20, 2) "
"OP(12,12,10,6,6,4)",0,Solved,"0,1570"," (4t+2)","0,1612","(\infty, 2, 37, 3, 4, 6, \infty, 30, 28, 27, 13, 26) (7, 19, 39, 12, 45, 20, 31, 43, 15, 36, 21, 44) (1, 8, 11, 16, 42, 25, 32, 35, 40, 18) (9, 0, 10, 14, 22, 41) (33, 24, 34, 38, 46, 17) (47, 5, 23, 29) "
"OP(12,12,10,6,5,5)",0,Solved,"0,1440"," (4t+2)","0,1474","(\infty, 8, 1, 47, 10, 16, \infty, 40, 34, 23, 25, 32) (3, 36, 19, 41, 29, 24, 27, 12, 43, 17, 5, 0) (45, 20, 30, 31, 13, 21, 44, 6, 7, 37) (42, 28, 9, 18, 4, 33) (26, 46, 14, 35, 39) (2, 22, 38, 11, 15) "
"OP(12,12,10,6,4,3,3)",0,Solved,"0,1370"," (4t+2)","0,1410","(\infty, 47, 3, 39, 34, 1, \infty, 25, 10, 15, 27, 23) (43, 30, 41, 44, 37, 45, 19, 6, 17, 20, 13, 21) (29, 38, 24, 42, 26, 5, 14, 0, 18, 2) (36, 46, 40, 12, 22, 16) (32, 31, 8, 7) (4, 33, 35) (28, 9, 11) "
"OP(12,12,10,5,5,3,3)",0,Solved,"0,1130"," (4t+2)","0,1178","(\infty, 14, 44, 15, 2, 46, \infty, 22, 26, 39, 20, 38) (8, 23, 7, 41, 0, 11, 32, 47, 31, 17, 24, 35) (5, 10, 13, 4, 3, 29, 34, 37, 28, 27) (6, 16, 18, 43, 12) (30, 40, 42, 19, 36) (9, 21, 1) (33, 45, 25) "
"OP(4,10,4,4,4)",0,Solved,"0,0630"," (4t+2)","0,0671","(\infty, 4, \infty, 28) (5, 6, 2, 15, 13, 29, 30, 26, 39, 37) (19, 8, 3, 10) (43, 32, 27, 34) (20, 23, 44, 47) "
"OP(12,12,10,4,4,4,4)",0,Solved,"0,0440"," (4t+2)","0,0485","(\infty, 2, 4, 5, 17, 12, \infty, 36, 41, 29, 28, 26) (18, 31, 16, 27, 43, 21, 42, 7, 40, 3, 19, 45) (22, 47, 13, 33, 15, 46, 23, 37, 9, 39) (14, 6, 0, 10) (38, 30, 24, 34) (8, 1, 20, 11) (32, 25, 44, 35) "
"OP(12,12,10,4,3,3,3,3)",0,Solved,"0,4500"," (4t+2)","0,4544","(\infty, 4, 5, 13, 2, 6, \infty, 30, 26, 37, 29, 28) (8, 40, 10, 1, 43, 18, 32, 16, 34, 25, 19, 42) (14, 17, 15, 36, 21, 38, 41, 39, 12, 45) (3, 46, 27, 22) (23, 11, 33) (47, 35, 9) (7, 0, 20) (31, 24, 44) "
"OP(12,12,9,9,8)",0,Solved,"0,0520"," (4t+2)","0,0566","(\infty, 1, 33, 41, 34, 39, \infty, 15, 10, 17, 9, 25) (46, 28, 45, 43, 40, 26, 22, 4, 21, 19, 16, 2) (31, 37, 38, 29, 3, 36, 47, 24, 44) (7, 13, 14, 5, 27, 12, 23, 0, 20) (32, 42, 6, 35, 8, 18, 30, 11) "
"OP(4,9,9,4)",0,Solved,"0,0680"," (4t+2)","0,0735","(\infty, 15, \infty, 39) (10, 16, 5, 0, 13, 9, 2, 3, 1) (34, 40, 29, 24, 37, 33, 26, 27, 25) (4, 7, 28, 31) "
"OP(12,12,9,9,4,4)",0,Solved,"0,1720"," (4t+2)","0,1761","(\infty, 35, 1, 45, 34, 39, \infty, 15, 10, 21, 25, 11) (32, 33, 46, 26, 5, 37, 8, 9, 22, 2, 29, 13) (38, 30, 4, 40, 43, 36, 27, 42, 44) (14, 6, 28, 16, 19, 12, 3, 18, 20) (41, 23, 0, 31) (17, 47, 24, 7) "
"OP(4,8,8,6)",0,Solved,"0,0380"," (4t+2)","0,0428","(\infty, 22, \infty, 46) (4, 18, 37, 17, 40, 10, 31, 15) (28, 42, 13, 41, 16, 34, 7, 39) (14, 47, 21, 38, 23, 45) "
"OP(6,8,8,4)",0,Solved,"0,0750"," (4t+2)","0,0790","(\infty, 2, 4, \infty, 28, 26) (5, 6, 45, 7, 10, 44, 8, 12) (29, 30, 21, 31, 34, 20, 32, 36) (9, 41, 33, 17) "
"OP(4,8,8,3,3)",0,Solved,"0,0560"," (4t+2)","0,0599","(\infty, 21, \infty, 45) (16, 10, 7, 5, 0, 9, 17, 35) (40, 34, 31, 29, 24, 33, 41, 11) (46, 30, 15) (22, 6, 39) "
"OP(4,8,7,7)",0,Solved,"0,0540"," (4t+2)","0,0582","(\infty, 20, \infty, 44) (39, 14, 5, 3, 15, 38, 29, 27) (21, 42, 11, 4, 0, 19, 41) (45, 18, 35, 28, 24, 43, 17) "
"OP(8,8,6,4)",0,Solved,"0,0910"," (4t+2)","0,0948","(\infty, 17, 2, 3, \infty, 27, 26, 41) (1, 6, 8, 11, 25, 30, 32, 35) (34, 46, 15, 10, 22, 39) (33, 14, 9, 38) "
"OP(8,8,5,5)",0,Solved,"0,0530"," (4t+2)","0,0572","(\infty, 42, 22, 6, \infty, 30, 46, 18) (16, 4, 17, 47, 40, 28, 41, 23) (32, 43, 10, 36, 15) (8, 19, 34, 12, 39) "
"OP(8,8,4,3,3)",0,Solved,"0,3200"," (4t+2)","0,3237","(\infty, 0, 2, 8, \infty, 32, 26, 24) (11, 6, 3, 7, 35, 30, 27, 31) (9, 19, 33, 43) (38, 23, 16) (14, 47, 40) "
"OP(6,8,6,6)",0,Solved,"0,0780"," (4t+2)","0,0817","(\infty, 6, 42, \infty, 18, 30) (12, 39, 0, 13, 36, 15, 24, 37) (20, 46, 14, 43, 10, 3) (44, 22, 38, 19, 34, 27) "
"OP(6,8,6,3,3)",0,Solved,"0,1820"," (4t+2)","0,1856","(\infty, 39, 5, \infty, 29, 15) (35, 43, 36, 37, 11, 19, 12, 13) (24, 41, 32, 0, 17, 8) (47, 45, 40) (23, 21, 16) "
"OP(4,8,6,4,4)",0,Solved,"0,0480"," (4t+2)","0,0513","(\infty, 1, \infty, 25) (2, 3, 0, 6, 26, 27, 24, 30) (23, 8, 4, 47, 32, 28) (5, 19, 7, 14) (29, 43, 31, 38) "
"OP(4,8,5,5,4)",0,Solved,"0,0620"," (4t+2)","0,0664","(\infty, 9, \infty, 33) (3, 18, 44, 14, 27, 42, 20, 38) (23, 7, 5, 2, 13) (47, 31, 29, 26, 37) (11, 6, 35, 30) "
"OP(6,8,4,4,4)",0,Solved,"0,0890"," (4t+2)","0,0942","(\infty, 2, 4, \infty, 28, 26) (5, 6, 45, 7, 29, 30, 21, 31) (10, 44, 9, 16) (34, 20, 33, 40) (47, 15, 23, 39) "
"OP(6,8,3,3,3,3)",0,Solved,"0,0710"," (4t+2)","0,0748","(\infty, 32, 42, \infty, 18, 8) (39, 43, 38, 47, 15, 19, 14, 23) (41, 29, 6) (17, 5, 30) (24, 2, 36) (0, 26, 12) "
"OP(4,8,4,4,3,3)",0,Solved,"0,0490"," (4t+2)","0,0529","(\infty, 2, \infty, 26) (3, 4, 6, 10, 27, 28, 30, 34) (1, 7, 12, 15) (25, 31, 36, 39) (11, 20, 5) (35, 44, 29) "
"OP(4,7,7,8)",0,Solved,"0,0550"," (4t+2)","0,0593","(\infty, 4, \infty, 28) (22, 41, 20, 9, 0, 10, 23) (46, 17, 44, 33, 24, 34, 47) (16, 38, 21, 7, 40, 14, 45, 31) "
"OP(12,12,8,8,6,4)",0,Solved,"0,0520"," (4t+2)","0,0565","(\infty, 18, 6, 17, 35, 22, \infty, 46, 11, 41, 30, 42) (20, 43, 16, 47, 21, 12, 44, 19, 40, 23, 45, 36) (14, 8, 1, 2, 4, 7, 15, 34) (38, 32, 25, 26, 28, 31, 39, 10) (9, 5, 0, 33, 29, 24) (13, 3, 37, 27) "
"OP(12,12,8,8,5,5)",0,Solved,"0,0630"," (4t+2)","0,0672","(\infty, 5, 13, 45, 10, 43, \infty, 19, 34, 21, 37, 29) (16, 41, 15, 6, 0, 2, 40, 17, 39, 30, 24, 26) (3, 7, 14, 42, 12, 46, 9, 8) (27, 31, 38, 18, 36, 22, 33, 32) (35, 4, 1, 20, 47) (11, 28, 25, 44, 23) "
"OP(12,12,8,8,4,3,3)",0,Solved,"0,0660"," (4t+2)","0,0703","(\infty, 5, 13, 23, 40, 17, \infty, 41, 16, 47, 37, 29) (12, 42, 15, 6, 0, 2, 36, 18, 39, 30, 24, 26) (3, 7, 14, 34, 19, 45, 9, 8) (27, 31, 38, 10, 43, 21, 33, 32) (35, 22, 11, 46) (1, 20, 4) (25, 44, 28) "
"OP(12,12,8,7,7,4)",0,Solved,"0,1160"," (4t+2)","0,1222","(\infty, 19, 8, 0, 1, 3, \infty, 27, 25, 24, 32, 43) (39, 4, 7, 2, 9, 5, 15, 28, 31, 26, 33, 29) (10, 35, 44, 12, 34, 11, 20, 36) (18, 47, 13, 41, 14, 45, 30) (42, 23, 37, 17, 38, 21, 6) (22, 16, 46, 40) "
"OP(6,7,7,6)",0,Solved,"0,0460"," (4t+2)","0,0506","(\infty, 40, 10, \infty, 34, 16) (15, 7, 5, 0, 6, 2, 22) (39, 31, 29, 24, 30, 26, 46) (18, 1, 13, 42, 25, 37) "
"OP(6,7,7,3,3)",0,Solved,"0,0700"," (4t+2)","0,0747","(\infty, 26, 36, \infty, 12, 2) (44, 27, 43, 42, 39, 5, 31) (20, 3, 19, 18, 15, 29, 7) (35, 24, 47) (11, 0, 23) "
"OP(4,7,7,4,4)",0,Solved,"0,0430"," (4t+2)","0,0468","(\infty, 1, \infty, 25) (4, 3, 6, 2, 0, 5, 11) (28, 27, 30, 26, 24, 29, 35) (19, 9, 22, 38) (43, 33, 46, 14) "
"OP(12,12,8,6,6,6)",0,Solved,"0,0900"," (4t+2)","0,0944","(\infty, 40, 18, 35, 21, 46, \infty, 22, 45, 11, 42, 16) (10, 5, 1, 7, 8, 19, 34, 29, 25, 31, 32, 43) (0, 20, 41, 12, 24, 44, 17, 36) (13, 4, 2, 9, 39, 23) (37, 28, 26, 33, 15, 47) (3, 6, 14, 27, 30, 38) "
"OP(12,12,8,6,6,3,3)",0,Solved,"0,0500"," (4t+2)","0,0541","(\infty, 2, 3, 5, 8, 14, \infty, 38, 32, 29, 27, 26) (1, 6, 10, 17, 9, 36, 25, 30, 34, 41, 33, 12) (7, 19, 35, 44, 31, 43, 11, 20) (37, 22, 39, 16, 45, 23) (13, 46, 15, 40, 21, 47) (18, 0, 28) (42, 24, 4) "
"OP(4,8,5,5,4)",0,Solved,"0,0610"," (4t+2)","0,0650","(\infty, 9, \infty, 33) (3, 18, 44, 14, 27, 42, 20, 38) (23, 7, 5, 2, 13) (47, 31, 29, 26, 37) (11, 6, 35, 30) "
"OP(12,12,8,6,4,4,4)",0,Solved,"0,1060"," (4t+2)","0,1106","(\infty, 19, 8, 0, 1, 3, \infty, 27, 25, 24, 32, 43) (39, 4, 7, 2, 9, 5, 15, 28, 31, 26, 33, 29) (10, 35, 21, 12, 34, 11, 45, 36) (13, 41, 20, 37, 17, 44) (14, 47, 18, 30) (38, 23, 42, 6) (22, 16, 46, 40) "
"OP(12,12,8,6,3,3,3,3)",0,Solved,"0,1930"," (4t+2)","0,1970","(\infty, 38, 6, 10, 21, 42, \infty, 18, 45, 34, 30, 14) (23, 43, 20, 33, 15, 37, 47, 19, 44, 9, 39, 13) (2, 4, 11, 12, 26, 28, 35, 36) (41, 29, 46, 17, 5, 22) (0, 3, 8) (24, 27, 32) (7, 16, 1) (31, 40, 25) "
"OP(4,8,4,5,5)",0,Solved,"0,0470"," (4t+2)","0,0510","(\infty, 1, \infty, 25) (12, 3, 9, 2, 36, 27, 33, 26) (0, 21, 24, 45) (14, 4, 8, 19, 6) (38, 28, 32, 43, 30) "
"OP(12,12,8,5,5,4,4)",0,Solved,"0,0730"," (4t+2)","0,0772","(\infty, 11, 37, 30, 15, 23, \infty, 47, 39, 6, 13, 35) (2, 12, 24, 21, 16, 20, 26, 36, 0, 45, 40, 44) (7, 32, 41, 10, 31, 8, 17, 34) (33, 19, 38, 3, 1) (9, 43, 14, 27, 25) (4, 5, 42, 22) (28, 29, 18, 46) "
"OP(4,8,4,4,3,3)",0,Solved,"0,0490"," (4t+2)","0,0526","(\infty, 2, \infty, 26) (3, 4, 6, 10, 27, 28, 30, 34) (1, 7, 12, 15) (25, 31, 36, 39) (11, 20, 5) (35, 44, 29) "
"OP(12,12,8,4,4,4,3,3)",0,Solved,"0,0580"," (4t+2)","0,0631","(\infty, 46, 18, 0, 21, 40, \infty, 16, 45, 24, 42, 22) (19, 3, 14, 47, 30, 4, 43, 27, 38, 23, 6, 28) (8, 5, 10, 44, 32, 29, 34, 20) (2, 15, 17, 9) (26, 39, 41, 33) (12, 13, 36, 37) (7, 11, 1) (31, 35, 25) "
"OP(12,12,8,3,3,3,3,3,3)",0,Solved,"0,0550"," (4t+2)","0,0587","(\infty, 42, 13, 47, 22, 44, \infty, 20, 46, 23, 37, 18) (38, 17, 4, 8, 5, 6, 14, 41, 28, 32, 29, 30) (12, 1, 11, 16, 36, 25, 35, 40) (21, 15, 3) (45, 39, 27) (2, 34, 19) (26, 10, 43) (7, 9, 0) (31, 33, 24) "
"OP(6,6,7,7)",0,Solved,"0,0510"," (4t+2)","0,0565","(\infty, 1, 11, \infty, 35, 25) (3, 10, 2, 27, 34, 26) (0, 21, 17, 4, 16, 15, 6) (24, 45, 41, 28, 40, 39, 30) "
"OP(12,12,7,7,6,6)",0,Solved,"0,0490"," (4t+2)","0,0531","(\infty, 5, 13, 43, 10, 47, \infty, 23, 34, 19, 37, 29) (16, 41, 15, 6, 0, 2, 40, 17, 39, 30, 24, 26) (3, 7, 14, 42, 21, 9, 8) (27, 31, 38, 18, 45, 33, 32) (22, 35, 4, 1, 20, 36) (46, 11, 28, 25, 44, 12) "
"OP(12,12,7,7,6,3,3)",0,Solved,"0,0530"," (4t+2)","0,0578","(\infty, 4, 5, 7, 2, 18, \infty, 42, 26, 31, 29, 28) (45, 23, 12, 3, 15, 44, 21, 47, 36, 27, 39, 20) (13, 6, 0, 10, 14, 11, 41) (37, 30, 24, 34, 38, 35, 17) (16, 1, 9, 40, 25, 33) (8, 22, 43) (32, 46, 19) "
"OP(4,7,7,4,4)",0,Solved,"0,0430"," (4t+2)","0,0483","(\infty, 1, \infty, 25) (4, 3, 6, 2, 0, 5, 11) (28, 27, 30, 26, 24, 29, 35) (19, 9, 22, 38) (43, 33, 46, 14) "
"OP(12,12,7,7,4,4,4)",0,Solved,"0,1160"," (4t+2)","0,1197","(\infty, 7, 13, 16, 21, 11, \infty, 35, 45, 40, 37, 31) (12, 42, 6, 4, 3, 19, 36, 18, 30, 28, 27, 43) (34, 20, 41, 15, 2, 46, 9) (10, 44, 17, 39, 26, 22, 33) (0, 29, 1, 8) (24, 5, 25, 32) (14, 23, 38, 47) "
"OP(12,12,7,7,3,3,3,3)",0,Solved,"0,0690"," (4t+2)","0,0722","(\infty, 22, 23, 1, 19, 6, \infty, 30, 43, 25, 47, 46) (11, 4, 14, 16, 7, 39, 35, 28, 38, 40, 31, 15) (42, 17, 2, 21, 0, 36, 8) (18, 41, 26, 45, 24, 12, 32) (5, 13, 10) (29, 37, 34) (9, 20, 3) (33, 44, 27) "
"OP(4,6,6,6,4)",0,Solved,"0,0680"," (4t+2)","0,0722","(\infty, 4, \infty, 28) (5, 6, 2, 15, 13, 19) (29, 30, 26, 39, 37, 43) (8, 3, 10, 32, 27, 34) (20, 23, 44, 47) "
"OP(4,6,6,5,5)",0,Solved,"0,0540"," (4t+2)","0,0595","(\infty, 1, \infty, 25) (4, 3, 6, 2, 0, 9) (28, 27, 30, 26, 24, 33) (45, 34, 19, 7, 20) (21, 10, 43, 31, 44) "
"OP(6,6,6,4,4)",0,Solved,"0,0800"," (4t+2)","0,0850","(\infty, 16, 44, \infty, 20, 40) (23, 42, 21, 35, 2, 13) (47, 18, 45, 11, 26, 37) (8, 17, 34, 9) (32, 41, 10, 33) "
"OP(4,6,6,4,3,3)",0,Solved,"0,0530"," (4t+2)","0,0566","(\infty, 2, \infty, 26) (3, 4, 6, 9, 1, 7) (27, 28, 30, 33, 25, 31) (8, 15, 32, 39) (11, 20, 10) (35, 44, 34) "
"OP(6,6,5,5,4)",0,Solved,"0,0490"," (4t+2)","0,0526","(\infty, 6, 34, \infty, 10, 30) (15, 42, 23, 39, 18, 47) (19, 12, 7, 4, 0) (43, 36, 31, 28, 24) (2, 3, 26, 27) "
"OP(4,6,5,5,3,3)",0,Solved,"0,1130"," (4t+2)","0,1164","(\infty, 19, \infty, 43) (8, 0, 1, 32, 24, 25) (2, 39, 3, 7, 4) (26, 15, 27, 31, 28) (5, 10, 17) (29, 34, 41) "
"OP(6,6,4,4,3,3)",0,Solved,"0,1330"," (4t+2)","0,1373","(\infty, 41, 45, \infty, 21, 17) (30, 46, 27, 6, 22, 3) (40, 29, 7, 37) (16, 5, 31, 13) (28, 8, 44) (4, 32, 20) "
"OP(4,6,4,4,4,4)",0,Solved,"0,0700"," (4t+2)","0,0734","(\infty, 43, \infty, 19) (38, 47, 44, 14, 23, 20) (39, 32, 31, 41) (15, 8, 7, 17) (36, 4, 30, 42) (12, 28, 6, 18) "
"OP(4,6,4,3,3,3,3)",0,Solved,"0,1930"," (4t+2)","0,1974","(\infty, 22, \infty, 46) (40, 10, 3, 16, 34, 27) (5, 0, 29, 24) (42, 20, 9) (18, 44, 33) (6, 4, 8) (30, 28, 32) "
"OP(4,5,5,6,6)",0,Solved,"0,0370"," (4t+2)","0,0407","(\infty, 18, \infty, 42) (12, 0, 4, 15, 34) (36, 24, 28, 39, 10) (9, 16, 31, 41, 6, 1) (33, 40, 7, 17, 30, 25) "
"OP(12,12,6,6,6,4,4)",0,Solved,"0,1450"," (4t+2)","0,1493","(\infty, 31, 2, 36, 19, 37, \infty, 13, 43, 12, 26, 7) (33, 0, 46, 23, 16, 29, 9, 24, 22, 47, 40, 5) (3, 4, 8, 34, 45, 35) (27, 28, 32, 10, 21, 11) (39, 30, 42, 15, 6, 18) (1, 44, 38, 41) (25, 20, 14, 17) "
"OP(12,12,6,6,5,5,4)",0,Solved,"0,1930"," (4t+2)","0,1966","(\infty, 1, 11, 2, 18, 5, \infty, 29, 42, 26, 35, 25) (13, 44, 16, 31, 4, 23, 37, 20, 40, 7, 28, 47) (9, 17, 43, 0, 36, 39) (33, 41, 19, 24, 12, 15) (14, 3, 10, 6, 8) (38, 27, 34, 30, 32) (46, 21, 22, 45) "
"OP(4,5,5,6,3,3)",0,Solved,"0,0460"," (4t+2)","0,0497","(\infty, 2, \infty, 26) (4, 5, 7, 13, 18) (28, 29, 31, 37, 42) (23, 16, 27, 47, 40, 3) (11, 19, 45) (35, 43, 21) "
"OP(12,12,6,6,4,4,3,3)",0,Solved,"0,0450"," (4t+2)","0,0483","(\infty, 15, 4, 13, 30, 45, \infty, 21, 6, 37, 28, 39) (20, 8, 22, 38, 10, 23, 44, 32, 46, 14, 34, 47) (11, 7, 1, 2, 9, 19) (35, 31, 25, 26, 33, 43) (16, 41, 12, 42) (40, 17, 36, 18) (0, 5, 3) (24, 29, 27) "
"OP(12,12,6,5,5,5,5)",0,Solved,"0,0580"," (4t+2)","0,0627","(\infty, 3, 4, 6, 9, 21, \infty, 45, 33, 30, 28, 27) (11, 40, 5, 1, 15, 26, 35, 16, 29, 25, 39, 2) (13, 8, 14, 37, 32, 38) (23, 41, 19, 36, 44) (47, 17, 43, 12, 20) (22, 7, 0, 10, 42) (46, 31, 24, 34, 18) "
"OP(12,12,6,5,5,4,3,3)",0,Solved,"0,2490"," (4t+2)","0,2527","(\infty, 36, 3, 22, 33, 20, \infty, 44, 9, 46, 27, 12) (0, 40, 6, 15, 8, 29, 24, 16, 30, 39, 32, 5) (1, 23, 7, 25, 47, 31) (37, 34, 11, 42, 43) (13, 10, 35, 18, 19) (21, 17, 45, 41) (28, 38, 26) (4, 14, 2) "
"OP(4,5,5,4,4,4)",0,Solved,"0,0420"," (4t+2)","0,0465","(\infty, 1, \infty, 25) (8, 3, 6, 2, 0) (32, 27, 30, 26, 24) (18, 4, 5, 11) (42, 28, 29, 35) (16, 7, 40, 31) "
"OP(4,5,5,3,3,3,3)",0,Solved,"0,0660"," (4t+2)","0,0697","(\infty, 13, \infty, 37) (41, 12, 23, 44, 16) (17, 36, 47, 20, 40) (1, 2, 9) (25, 26, 33) (18, 32, 45) (42, 8, 21) "
"OP(12,12,6,4,4,4,4,4)",0,Solved,"0,0890"," (4t+2)","0,0952","(\infty, 2, 3, 0, 4, 6, \infty, 30, 28, 24, 27, 26) (32, 16, 47, 17, 43, 37, 8, 40, 23, 41, 19, 13) (22, 34, 9, 46, 10, 33) (14, 42, 15, 1) (38, 18, 39, 25) (45, 5, 12, 7) (21, 29, 36, 31) (11, 20, 35, 44) "
"OP(12,12,6,4,4,3,3,3,3)",0,Solved,"0,0400"," (4t+2)","0,0442","(\infty, 41, 13, 6, 3, 15, \infty, 39, 27, 30, 37, 17) (12, 8, 7, 23, 44, 14, 36, 32, 31, 47, 20, 38) (19, 5, 18, 43, 29, 42) (10, 4, 21, 2) (34, 28, 45, 26) (16, 11, 1) (40, 35, 25) (9, 0, 46) (33, 24, 22) "
"OP(12,12,5,5,5,5,3,3)",0,Solved,"0,0840"," (4t+2)","0,0901","(\infty, 2, 10, 4, 13, 0, \infty, 24, 37, 28, 34, 26) (23, 8, 42, 14, 41, 15, 47, 32, 18, 38, 17, 39) (19, 1, 12, 11, 7) (43, 25, 36, 35, 31) (16, 9, 6, 44, 21) (40, 33, 30, 20, 45) (5, 3, 22) (29, 27, 46) "
"OP(4,4,4,4,5,5)",0,Solved,"0,0620"," (4t+2)","0,0664","(\infty, 4, \infty, 28) (5, 6, 2, 14) (29, 30, 26, 38) (12, 15, 36, 39) (8, 3, 10, 41, 18) (32, 27, 34, 17, 42) "
"OP(12,12,5,5,4,4,4,4)",0,Solved,"0,0470"," (4t+2)","0,0515","(\infty, 2, 4, 5, 17, 12, \infty, 36, 41, 29, 28, 26) (13, 31, 16, 27, 47, 21, 37, 7, 40, 3, 23, 45) (42, 19, 33, 46, 15) (18, 43, 9, 22, 39) (14, 6, 0, 10) (38, 30, 24, 34) (8, 1, 20, 11) (32, 25, 44, 35) "
"OP(12,12,5,5,4,3,3,3,3)",0,Solved,"0,1740"," (4t+2)","0,1783","(\infty, 3, 4, 6, 1, 13, \infty, 37, 25, 30, 28, 27) (10, 14, 21, 15, 43, 18, 34, 38, 45, 39, 19, 42) (33, 16, 46, 17, 7) (9, 40, 22, 41, 31) (20, 5, 44, 29) (23, 36, 2) (47, 12, 26) (8, 0, 11) (32, 24, 35) "
"OP(4,4,4,4,4,3,3)",0,Solved,"0,0280"," (4t+2)","0,0357","(\infty, 1, \infty, 25) (8, 3, 5, 2) (32, 27, 29, 26) (0, 10, 11, 4) (24, 34, 35, 28) (6, 14, 23) (30, 38, 47) "
"OP(4,4,3,3,3,3,3,3)",0,Solved,"0,0550"," (4t+2)","0,0585","(\infty, 12, \infty, 36) (9, 1, 33, 25) (17, 46, 16) (41, 22, 40) (5, 3, 6) (29, 27, 30) (15, 0, 4) (39, 24, 28) "
"OP(12,12,4,4,4,4,4,3,3)",0,Solved,"0,0470"," (4t+2)","0,0510","(\infty, 12, 3, 33, 0, 8, \infty, 32, 24, 9, 27, 36) (13, 30, 1, 46, 47, 31, 37, 6, 25, 22, 23, 7) (34, 41, 45, 11) (10, 17, 21, 35) (5, 26, 38, 43) (29, 2, 14, 19) (28, 39, 4, 15) (42, 16, 44) (18, 40, 20) "
"OP(12,12,4,4,3,3,3,3,3,3)",0,Solved,"0,1010"," (4t+2)","0,1046","(\infty, 10, 5, 7, 13, 22, \infty, 46, 37, 31, 29, 34) (36, 19, 33, 18, 6, 47, 12, 43, 9, 42, 30, 23) (15, 44, 21, 41) (39, 20, 45, 17) (35, 3, 14) (11, 27, 38) (8, 16, 26) (32, 40, 2) (1, 0, 4) (25, 24, 28) "
"OP(6,11,11)",0,Solved,"0,0440"," (4t+2)","0,0484","(\infty, 4, 14, \infty, 38, 28) (16, 44, 17, 34, 22, 7, 23, 12, 37, 15, 45) (40, 20, 41, 10, 46, 31, 47, 36, 13, 39, 21) "
"OP(12,11,11,10,6)",0,Solved,"0,0390"," (4t+2)","0,0430","(\infty, 4, 13, 23, 45, 14, \infty, 38, 21, 47, 37, 28) (16, 31, 19, 44, 33, 17, 10, 6, 1, 2, 8) (40, 7, 43, 20, 9, 41, 34, 30, 25, 26, 32) (11, 39, 18, 36, 22, 35, 15, 42, 12, 46) (0, 3, 5, 24, 27, 29) "
"OP(12,11,11,10,3,3)",0,Solved,"0,0560"," (4t+2)","0,0600","(\infty, 1, 12, 20, 34, 13, \infty, 37, 10, 44, 36, 25) (8, 18, 31, 15, 43, 17, 5, 0, 6, 3, 4) (32, 42, 7, 39, 19, 41, 29, 24, 30, 27, 28) (40, 22, 47, 14, 45, 16, 46, 23, 38, 21) (11, 9, 2) (35, 33, 26) "
"OP(8,11,11,8,12)",0,Solved,"0,0470"," (4t+2)","0,0503","(\infty, 19, 38, 23, \infty, 47, 14, 43) (6, 3, 5, 12, 13, 4, 0, 10, 21, 9, 1) (30, 27, 29, 36, 37, 28, 24, 34, 45, 33, 25) (7, 20, 41, 11, 31, 44, 17, 35) (2, 8, 22, 39, 16, 42, 26, 32, 46, 15, 40, 18) "
"OP(4,11,11,8,4,12)",0,Solved,"0,0440"," (4t+2)","0,0480","(\infty, \infty, 23, 47) (38, 20, 35, 16, 7, 19, 36, 46, 18, 45, 13) (14, 44, 11, 40, 31, 43, 12, 22, 42, 21, 37) (8, 1, 2, 10, 32, 25, 26, 34) (6, 17, 30, 41) (15, 9, 4, 0, 3, 5, 39, 33, 28, 24, 27, 29) "
"OP(12,11,11,8,8)",0,Solved,"0,0440"," (4t+2)","0,0482","(\infty, 1, 2, 4, 9, 15, \infty, 39, 33, 28, 26, 25) (3, 6, 17, 5, 32, 19, 10, 0, 14, 7, 47) (27, 30, 41, 29, 8, 43, 34, 24, 38, 31, 23) (11, 36, 21, 37, 20, 42, 22, 40) (35, 12, 45, 13, 44, 18, 46, 16) "
"OP(4,11,11,8,4,12)",0,Solved,"0,0440"," (4t+2)","0,0486","(\infty, \infty, 23, 47) (38, 20, 35, 16, 7, 19, 36, 46, 18, 45, 13) (14, 44, 11, 40, 31, 43, 12, 22, 42, 21, 37) (8, 1, 2, 10, 32, 25, 26, 34) (6, 17, 30, 41) (15, 9, 4, 0, 3, 5, 39, 33, 28, 24, 27, 29) "
"OP(12,11,11,8,4,4)",0,Solved,"0,0430"," (4t+2)","0,0469","(\infty, 10, 23, 4, 13, 2, \infty, 26, 37, 28, 47, 34) (22, 40, 20, 43, 21, 15, 3, 18, 8, 6, 5) (46, 16, 44, 19, 45, 39, 27, 42, 32, 30, 29) (0, 7, 11, 38, 24, 31, 35, 14) (12, 9, 1, 17) (36, 33, 25, 41) "
"OP(4,11,11,6,6,12)",0,Solved,"0,0460"," (4t+2)","0,0494","(\infty, 14, \infty, 38) (16, 47, 35, 17, 7, 20, 36, 13, 46, 18, 45) (40, 23, 11, 41, 31, 44, 12, 37, 22, 42, 21) (8, 1, 2, 10, 19, 30) (32, 25, 26, 34, 43, 6) (15, 9, 4, 0, 3, 5, 39, 33, 28, 24, 27, 29) "
"OP(6,11,11,6,12,4)",0,Solved,"0,0600"," (4t+2)","0,0641","(\infty, 9, 39, \infty, 15, 33) (7, 28, 38, 46, 20, 5, 11, 6, 8, 40, 21) (31, 4, 14, 22, 44, 29, 35, 30, 32, 16, 45) (1, 0, 36, 25, 24, 12) (18, 43, 2, 47, 34, 3, 42, 19, 26, 23, 10, 27) (41, 13, 17, 37) "
"OP(4,11,11,6,12,3,3)",0,Solved,"0,0650"," (4t+2)","0,0696","(\infty, 4, \infty, 28) (5, 6, 2, 36, 17, 14, 8, 3, 10, 19, 7) (29, 30, 26, 12, 41, 38, 32, 27, 34, 43, 31) (11, 0, 20, 35, 24, 44) (46, 16, 39, 18, 1, 9, 22, 40, 15, 42, 25, 33) (13, 23, 45) (37, 47, 21) "
"OP(12,11,11,6,6,4)",0,Solved,"0,2750"," (4t+2)","0,2819","(\infty, 14, 2, 4, 13, 12, \infty, 36, 37, 28, 26, 38) (15, 8, 21, 0, 20, 31, 6, 16, 1, 18, 10) (39, 32, 45, 24, 44, 7, 30, 40, 25, 42, 34) (3, 22, 19, 5, 9, 35) (27, 46, 43, 29, 33, 11) (23, 17, 47, 41) "
"OP(12,11,11,6,5,5)",0,Solved,"0,0380"," (4t+2)","0,0428","(\infty, 12, 34, 31, 43, 20, \infty, 44, 19, 7, 10, 36) (25, 21, 8, 42, 4, 22, 39, 24, 13, 14, 6) (1, 45, 32, 18, 28, 46, 15, 0, 37, 38, 30) (23, 17, 26, 47, 41, 2) (35, 40, 33, 5, 3) (11, 16, 9, 29, 27) "
"OP(12,11,11,6,4,3,3)",0,Solved,"0,0440"," (4t+2)","0,0486","(\infty, 8, 13, 15, 47, 18, \infty, 42, 23, 39, 37, 32) (30, 17, 14, 36, 3, 45, 20, 28, 19, 40, 26) (6, 41, 38, 12, 27, 21, 44, 4, 43, 16, 2) (34, 46, 9, 10, 22, 33) (24, 31, 0, 7) (29, 11, 1) (5, 35, 25) "
"OP(12,11,11,5,5,3,3)",0,Solved,"0,0400"," (4t+2)","0,0440","(\infty, 4, 14, 30, 17, 46, \infty, 22, 41, 6, 38, 28) (18, 32, 44, 13, 34, 19, 11, 7, 1, 2, 9) (42, 8, 20, 37, 10, 43, 35, 31, 25, 26, 33) (12, 23, 45, 15, 40) (36, 47, 21, 39, 16) (0, 5, 3) (24, 29, 27) "
"OP(4,11,11,4,4,4,12)",0,Solved,"0,0460"," (4t+2)","0,0500","(\infty, 22, \infty, 46) (36, 16, 35, 18, 7, 19, 37, 47, 20, 45, 10) (12, 40, 11, 42, 31, 43, 13, 23, 44, 21, 34) (8, 1, 2, 17) (32, 25, 26, 41) (6, 14, 30, 38) (15, 9, 4, 0, 3, 5, 39, 33, 28, 24, 27, 29) "
"OP(12,11,11,4,4,4,4)",0,Solved,"0,0440"," (4t+2)","0,0485","(\infty, 45, 23, 42, 14, 35, \infty, 11, 38, 18, 47, 21) (17, 31, 44, 19, 37, 22, 12, 6, 1, 2, 10) (41, 7, 20, 43, 13, 46, 36, 30, 25, 26, 34) (15, 32, 16, 4) (39, 8, 40, 28) (9, 0, 3, 5) (33, 24, 27, 29) "
"OP(12,11,11,4,3,3,3,3)",0,Solved,"0,0480"," (4t+2)","0,0525","(\infty, 2, 4, 7, 6, 12, \infty, 36, 30, 31, 28, 26) (22, 34, 16, 27, 18, 41, 14, 45, 19, 35, 15) (46, 10, 40, 3, 42, 17, 38, 21, 43, 11, 39) (9, 23, 33, 47) (0, 13, 8) (24, 37, 32) (1, 20, 5) (25, 44, 29) "
"OP(8,10,10)",0,Solved,"0,0670"," (4t+2)","0,0702","(\infty, 2, 5, 12, \infty, 36, 29, 26) (10, 4, 9, 8, 16, 0, 13, 3, 1, 22) (34, 28, 33, 32, 40, 24, 37, 27, 25, 46) "
"OP(4,10,10,4)",0,Solved,"0,0820"," (4t+2)","0,0874","(\infty, 0, \infty, 24) (2, 3, 7, 5, 8, 13, 4, 23, 15, 9) (26, 27, 31, 29, 32, 37, 28, 47, 39, 33) (6, 16, 30, 40) "
"OP(10,10,8)",0,Solved,"0,0490"," (4t+2)","0,0532","(\infty, 2, 3, 5, 8, \infty, 32, 29, 27, 26) (9, 1, 10, 14, 4, 33, 25, 34, 38, 28) (7, 19, 35, 46, 31, 43, 11, 22) "
"OP(12,11,10,9,5,3)",,Infeasible,,Table config is not valid,,
"OP(10,10,4,4)",0,Solved,"0,1440"," (4t+2)","0,1488","(\infty, 38, 16, 13, 34, \infty, 10, 37, 40, 14) (39, 29, 47, 31, 24, 15, 5, 23, 7, 0) (45, 28, 3, 2) (21, 4, 27, 26) "
"OP(4,10,8,6)",0,Solved,"0,0710"," (4t+2)","0,0750","(\infty, 20, \infty, 44) (35, 14, 30, 16, 41, 11, 38, 6, 40, 17) (21, 12, 31, 9, 45, 36, 7, 33) (10, 43, 23, 34, 19, 47) "
"OP(6,10,8,4)",0,Solved,"0,1300"," (4t+2)","0,1351","(\infty, 4, 42, \infty, 18, 28) (5, 6, 8, 13, 47, 29, 30, 32, 37, 23) (0, 7, 10, 16, 24, 31, 34, 40) (1, 12, 25, 36) "
"OP(4,10,8,3,3)",0,Solved,"0,0400"," (4t+2)","0,0455","(\infty, 20, \infty, 44) (22, 9, 2, 5, 16, 46, 33, 26, 29, 40) (10, 1, 7, 17, 34, 25, 31, 41) (4, 6, 18) (28, 30, 42) "
"OP(4,10,7,7)",0,Solved,"0,0440"," (4t+2)","0,0482","(\infty, 17, \infty, 41) (46, 16, 39, 2, 24, 22, 40, 15, 26, 0) (27, 23, 10, 31, 12, 6, 13) (3, 47, 34, 7, 36, 30, 37) "
"OP(8,10,6,4)",0,Solved,"0,0670"," (4t+2)","0,0711","(\infty, 4, 6, 42, \infty, 18, 30, 28) (1, 2, 40, 15, 7, 25, 26, 16, 39, 31) (47, 32, 46, 23, 8, 22) (11, 37, 35, 13) "
"OP(8,10,5,5)",0,Solved,"0,2850"," (4t+2)","0,2898","(\infty, 6, 20, 40, \infty, 16, 44, 30) (3, 12, 11, 18, 43, 27, 36, 35, 42, 19) (32, 5, 1, 7, 2) (8, 29, 25, 31, 26) "
"OP(8,10,4,3,3)",0,Solved,"0,0890"," (4t+2)","0,0935","(\infty, 46, 15, 26, \infty, 2, 39, 22) (41, 29, 8, 4, 20, 17, 5, 32, 28, 44) (3, 36, 27, 12) (38, 24, 42) (14, 0, 18) "
"OP(6,10,6,6)",0,Solved,"0,0450"," (4t+2)","0,0495","(\infty, 4, 14, \infty, 38, 28) (13, 39, 21, 44, 16, 37, 15, 45, 20, 40) (7, 23, 12, 41, 10, 22) (31, 47, 36, 17, 34, 46) "
"OP(6,10,6,3,3)",0,Solved,"0,0720"," (4t+2)","0,0762","(\infty, 11, 45, \infty, 21, 35) (15, 2, 7, 1, 19, 39, 26, 31, 25, 43) (5, 12, 3, 29, 36, 27) (14, 4, 8) (38, 28, 32) "
"OP(4,10,6,4,4)",0,Solved,"0,0820"," (4t+2)","0,0865","(\infty, 46, \infty, 22) (47, 3, 35, 44, 45, 23, 27, 11, 20, 21) (34, 0, 40, 10, 24, 16) (43, 41, 26, 14) (19, 17, 2, 38) "
"OP(4,10,5,5,4)",0,Solved,"0,0540"," (4t+2)","0,0585","(\infty, 1, \infty, 25) (2, 3, 9, 12, 37, 26, 27, 33, 36, 13) (5, 19, 38, 22, 40) (29, 43, 14, 46, 16) (7, 0, 31, 24) "
"OP(6,10,4,4,4)",0,Solved,"0,0540"," (4t+2)","0,0578","(\infty, 45, 19, \infty, 43, 21) (14, 39, 23, 12, 2, 38, 15, 47, 36, 26) (44, 13, 40, 22) (20, 37, 16, 46) (42, 9, 18, 33) "
"OP(6,10,3,3,3,3)",0,Solved,"0,0460"," (4t+2)","0,0513","(\infty, 2, 4, \infty, 28, 26) (6, 7, 10, 17, 42, 30, 31, 34, 41, 18) (16, 27, 9) (40, 3, 33) (43, 11, 38) (19, 35, 14) "
"OP(4,10,4,4,3,3)",0,Solved,"0,0760"," (4t+2)","0,0804","(\infty, 30, \infty, 6) (3, 0, 10, 44, 14, 27, 24, 34, 20, 38) (23, 11, 43, 12) (47, 35, 19, 36) (22, 13, 5) (46, 37, 29) "
"OP(10,9,9)",0,Solved,"0,0450"," (4t+2)","0,0506","(\infty, 1, 2, 4, 9, \infty, 33, 28, 26, 25) (5, 17, 14, 39, 12, 43, 13, 6, 0) (29, 41, 38, 15, 36, 19, 37, 30, 24) "
"OP(4,9,9,6)",0,Solved,"0,0480"," (4t+2)","0,0527","(\infty, 1, \infty, 25) (4, 3, 6, 2, 0, 5, 31, 17, 10) (28, 27, 30, 26, 24, 29, 7, 41, 34) (39, 14, 43, 15, 38, 19) "
"OP(6,9,9,4)",0,Solved,"0,0940"," (4t+2)","0,0981","(\infty, 13, 17, \infty, 41, 37) (39, 19, 0, 45, 22, 38, 8, 6, 5) (15, 43, 24, 21, 46, 14, 32, 30, 29) (3, 18, 27, 42) "
"OP(4,9,9,3,3)",0,Solved,"0,0720"," (4t+2)","0,0757","(\infty, 20, \infty, 44) (10, 39, 17, 7, 1, 5, 6, 19, 40) (34, 15, 41, 31, 25, 29, 30, 43, 16) (14, 46, 18) (38, 22, 42) "
"OP(12,11,9,8,7,3)",,Infeasible,,Table config is not valid,,
"OP(10,8,6,4)",0,Solved,"0,1050"," (4t+2)","0,1090","(\infty, 13, 8, 9, 15, \infty, 39, 33, 32, 37) (38, 20, 5, 31, 14, 44, 29, 7) (17, 10, 1, 41, 34, 25) (11, 19, 35, 43) "
"OP(10,8,5,5)",0,Solved,"0,0490"," (4t+2)","0,0536","(\infty, 40, 14, 43, 18, \infty, 42, 19, 38, 16) (3, 5, 12, 13, 27, 29, 36, 37) (4, 0, 10, 21, 9) (28, 24, 34, 45, 33) "
"OP(10,8,4,3,3)",0,Solved,"0,1270"," (4t+2)","0,1301","(\infty, 1, 5, 6, 15, \infty, 39, 30, 29, 25) (20, 40, 9, 42, 44, 16, 33, 18) (10, 17, 34, 41) (43, 14, 4) (19, 38, 28) "
"OP(10,7,7,4)",0,Solved,"0,1070"," (4t+2)","0,1122","(\infty, 2, 4, 7, 0, \infty, 24, 31, 28, 26) (13, 12, 20, 39, 9, 41, 35) (37, 36, 44, 15, 33, 17, 11) (23, 43, 47, 19) "
"OP(12,11,9,7,6,5)",,Infeasible,,Table config is not valid,,
"OP(12,11,9,7,5,3,3)",,Infeasible,,Table config is not valid,,
"OP(12,11,9,7,4,4,3)",,Infeasible,,Table config is not valid,,
"OP(10,6,6,6)",0,Solved,"0,0520"," (4t+2)","0,0565","(\infty, 2, 3, 5, 8, \infty, 32, 29, 27, 26) (6, 1, 9, 20, 7, 16) (30, 25, 33, 44, 31, 40) (35, 21, 41, 11, 45, 17) "
"OP(10,6,6,3,3)",0,Solved,"0,0510"," (4t+2)","0,0547","(\infty, 2, 4, 7, 6, \infty, 30, 31, 28, 26) (11, 42, 34, 16, 27, 17) (35, 18, 10, 40, 3, 41) (38, 12, 46) (14, 36, 22) "
"OP(12,11,9,6,5,4,3)",,Infeasible,,Table config is not valid,,
"OP(10,6,4,4,4)",0,Solved,"0,0520"," (4t+2)","0,0560","(\infty, 11, 38, 23, 43, \infty, 19, 47, 14, 35) (2, 6, 13, 26, 30, 37) (3, 9, 18, 32) (27, 33, 42, 8) (20, 12, 44, 36) "
"OP(10,6,3,3,3,3)",0,Solved,"0,0550"," (4t+2)","0,0597","(\infty, 17, 18, 45, 23, \infty, 47, 21, 42, 41) (0, 34, 14, 24, 10, 38) (6, 2, 7) (30, 26, 31) (13, 4, 1) (37, 28, 25) "
"OP(12,11,9,5,5,5,3)",,Infeasible,,Table config is not valid,,
"OP(10,5,5,4,4)",0,Solved,"0,0400"," (4t+2)","0,0443","(\infty, 40, 7, 36, 20, \infty, 44, 12, 31, 16) (3, 5, 13, 14, 4) (27, 29, 37, 38, 28) (0, 11, 23, 10) (24, 35, 47, 34) "
"OP(12,11,9,5,4,3,3,3)",,Infeasible,,Table config is not valid,,
"OP(10,4,4,4,3,3)",0,Solved,"0,1980"," (4t+2)","0,2024","(\infty, 17, 9, 8, 39, \infty, 15, 32, 33, 41) (2, 11, 45, 47) (26, 35, 21, 23) (19, 44, 43, 20) (14, 4, 10) (38, 28, 34) "
"OP(10,3,3,3,3,3,3)",0,Solved,"0,0600"," (4t+2)","0,0645","(\infty, 16, 47, 22, 44, \infty, 20, 46, 23, 40) (4, 18, 5) (28, 42, 29) (6, 8, 11) (30, 32, 35) (15, 21, 2) (39, 45, 26) "
"OP(4,8,8,8)",0,Solved,"0,0780"," (4t+2)","0,0813","(\infty, 46, \infty, 22) (2, 23, 13, 45, 12, 34, 31, 38) (26, 47, 37, 21, 36, 10, 7, 14) (41, 6, 25, 16, 17, 30, 1, 40) "
"OP(8,8,8,4)",0,Solved,"0,1820"," (4t+2)","0,1882","(\infty, 16, 34, 42, \infty, 18, 10, 40) (21, 8, 27, 39, 19, 41, 14, 46) (45, 32, 3, 15, 43, 17, 38, 22) (7, 2, 31, 26) "
"OP(6,8,8,6)",0,Solved,"0,0690"," (4t+2)","0,0720","(\infty, 0, 2, \infty, 26, 24) (3, 6, 5, 9, 15, 4, 16, 8) (27, 30, 29, 33, 39, 28, 40, 32) (7, 14, 41, 31, 38, 17) "
"OP(6,8,8,3,3)",0,Solved,"0,0450"," (4t+2)","0,0495","(\infty, 2, 4, \infty, 28, 26) (6, 7, 23, 43, 33, 16, 27, 45) (30, 31, 47, 19, 9, 40, 3, 21) (11, 17, 42) (35, 41, 18) "
"OP(4,8,8,4,4)",0,Solved,"0,0910"," (4t+2)","0,0958","(\infty, 0, \infty, 24) (2, 3, 7, 5, 8, 13, 19, 9) (26, 27, 31, 29, 32, 37, 43, 33) (4, 12, 21, 34) (28, 36, 45, 10) "
"OP(6,8,7,7)",0,Solved,"0,0430"," (4t+2)","0,0463","(\infty, 1, 31, \infty, 7, 25) (12, 35, 43, 16, 36, 11, 19, 40) (37, 26, 33, 17, 32, 10, 27) (13, 2, 9, 41, 8, 34, 3) "
"OP(8,8,6,6)",0,Solved,"0,0470"," (4t+2)","0,0513","(\infty, 36, 16, 4, \infty, 28, 40, 12) (41, 7, 20, 47, 17, 31, 44, 23) (15, 37, 18, 34, 19, 8) (39, 13, 42, 10, 43, 32) "
"OP(8,8,6,3,3)",0,Solved,"0,1300"," (4t+2)","0,1336","(\infty, 38, 3, 28, \infty, 4, 27, 14) (6, 39, 35, 8, 30, 15, 11, 32) (25, 45, 46, 1, 21, 22) (37, 29, 40) (13, 5, 16) "
"OP(12,11,8,7,5,4,3)",,Infeasible,,Table config is not valid,,
"OP(8,8,4,4,4)",0,Solved,"0,0540"," (4t+2)","0,0579","(\infty, 44, 25, 2, \infty, 26, 1, 20) (5, 33, 34, 46, 29, 9, 10, 22) (43, 40, 24, 37) (19, 16, 0, 13) (47, 32, 23, 8) "
"OP(8,8,3,3,3,3)",0,Solved,"0,1130"," (4t+2)","0,1174","(\infty, 24, 19, 38, \infty, 14, 43, 0) (34, 32, 2, 23, 10, 8, 26, 47) (40, 39, 22) (16, 15, 46) (36, 11, 5) (12, 35, 29) "
"OP(4,8,6,6,4)",0,Solved,"0,0430"," (4t+2)","0,0495","(\infty, \infty, 23, 47) (38, 18, 13, 2, 14, 42, 37, 26) (40, 15, 41, 20, 3, 21) (16, 39, 17, 44, 27, 45) (10, 19, 34, 43) "
"OP(4,8,6,5,5)",0,Solved,"0,0600"," (4t+2)","0,0643","(\infty, 16, \infty, 40) (39, 34, 23, 33, 15, 10, 47, 9) (11, 14, 26, 35, 38, 2) (32, 0, 28, 13, 19) (8, 24, 4, 37, 43) "
"OP(6,8,6,4,4)",0,Solved,"0,0420"," (4t+2)","0,0460","(\infty, 43, 35, \infty, 11, 19) (26, 44, 29, 33, 2, 20, 5, 9) (0, 13, 36, 24, 37, 12) (41, 38, 1, 30) (17, 14, 25, 6) "
"OP(4,8,6,4,3,3)",0,Solved,"0,0470"," (4t+2)","0,0512","(\infty, 2, \infty, 26) (3, 4, 6, 10, 27, 28, 30, 34) (1, 7, 12, 25, 31, 36) (5, 14, 29, 38) (9, 16, 13) (33, 40, 37) "
"OP(6,8,5,5,4)",0,Solved,"0,1500"," (4t+2)","0,1538","(\infty, 9, 39, \infty, 15, 33) (45, 13, 3, 14, 21, 37, 27, 38) (10, 2, 11, 36, 22) (34, 26, 35, 12, 46) (5, 0, 29, 24) "
"OP(4,8,5,5,3,3)",0,Solved,"0,0840"," (4t+2)","0,0883","(\infty, 17, \infty, 41) (2, 3, 1, 10, 26, 27, 25, 34) (9, 23, 43, 13, 38) (33, 47, 19, 37, 14) (31, 16, 4) (7, 40, 28) "
"OP(6,8,4,4,3,3)",0,Solved,"0,0450"," (4t+2)","0,0491","(\infty, 2, 4, \infty, 28, 26) (6, 7, 10, 42, 30, 31, 34, 18) (33, 16, 27, 36) (9, 40, 3, 12) (11, 41, 21) (35, 17, 45) "
"OP(4,8,4,4,4,4)",0,Solved,"0,0610"," (4t+2)","0,0649","(\infty, 3, \infty, 27) (4, 5, 7, 14, 28, 29, 31, 38) (9, 15, 40, 1) (33, 39, 16, 25) (11, 26, 13, 8) (35, 2, 37, 32) "
"OP(4,8,4,3,3,3,3)",0,Solved,"0,0870"," (4t+2)","0,0915","(\infty, 21, \infty, 45) (42, 7, 8, 4, 18, 31, 32, 28) (24, 40, 0, 16) (1, 44, 6) (25, 20, 30) (9, 11, 17) (33, 35, 41) "
"OP(8,7,7,6)",0,Solved,"0,0980"," (4t+2)","0,1012","(\infty, 4, 6, 10, \infty, 34, 30, 28) (9, 38, 11, 45, 17, 22, 7) (33, 14, 35, 21, 41, 46, 31) (0, 8, 5, 24, 32, 29) "
"OP(8,7,7,3,3)",0,Solved,"0,1730"," (4t+2)","0,1780","(\infty, 1, 6, 3, \infty, 27, 30, 25) (14, 5, 20, 36, 16, 37, 8) (38, 29, 44, 12, 40, 13, 32) (21, 39, 17) (45, 15, 41) "
"OP(4,7,7,6,4)",0,Solved,"0,0810"," (4t+2)","0,0847","(\infty, 0, \infty, 24) (2, 3, 7, 5, 8, 13, 19) (26, 27, 31, 29, 32, 37, 43) (4, 11, 20, 28, 35, 44) (6, 16, 30, 40) "
"OP(4,7,7,5,5)",0,Solved,"0,0400"," (4t+2)","0,0443","(\infty, 1, \infty, 25) (4, 3, 6, 2, 0, 5, 11) (28, 27, 30, 26, 24, 29, 35) (19, 9, 23, 12, 38) (43, 33, 47, 36, 14) "
"OP(6,7,7,4,4)",0,Solved,"0,0630"," (4t+2)","0,0693","(\infty, 37, 11, \infty, 35, 13) (36, 28, 18, 3, 0, 31, 17) (12, 4, 42, 27, 24, 7, 41) (43, 20, 8, 6) (19, 44, 32, 30) "
"OP(4,7,7,4,3,3)",0,Solved,"0,1690"," (4t+2)","0,1727","(\infty, 12, \infty, 36) (5, 9, 14, 45, 20, 0, 19) (29, 33, 38, 21, 44, 24, 43) (22, 16, 46, 40) (34, 18, 3) (10, 42, 27) "
"OP(12,11,7,6,6,5,3)",,Infeasible,,Table config is not valid,,
"OP(8,6,6,4,4)",0,Solved,"0,0720"," (4t+2)","0,0762","(\infty, 15, 2, 11, \infty, 35, 26, 39) (41, 9, 5, 3, 10, 0) (17, 33, 29, 27, 34, 24) (6, 1, 12, 20) (30, 25, 36, 44) "
"OP(8,6,5,5,4)",0,Solved,"0,0580"," (4t+2)","0,0619","(\infty, 11, 46, 13, \infty, 37, 22, 35) (20, 43, 7, 44, 19, 31) (3, 17, 15, 4, 21) (27, 41, 39, 28, 45) (40, 12, 16, 36) "
"OP(12,11,7,6,5,3,3,3)",,Infeasible,,Table config is not valid,,
"OP(8,6,4,4,3,3)",0,Solved,"0,0520"," (4t+2)","0,0559","(\infty, 43, 36, 3, \infty, 27, 12, 19) (39, 5, 35, 15, 29, 11) (45, 40, 41, 37) (21, 16, 17, 13) (0, 32, 9) (24, 8, 33) "
"OP(8,5,5,5,5)",0,Solved,"0,1080"," (4t+2)","0,1123","(\infty, 3, 5, 45, \infty, 21, 29, 27) (38, 16, 43, 8, 22) (14, 40, 19, 32, 46) (41, 9, 20, 11, 36) (17, 33, 44, 35, 12) "
"OP(8,5,5,4,3,3)",0,Solved,"0,0560"," (4t+2)","0,0599","(\infty, 2, 11, 44, \infty, 20, 35, 26) (3, 16, 14, 6, 13) (27, 40, 38, 30, 37) (1, 12, 25, 36) (43, 9, 5) (19, 33, 29) "
"OP(12,11,7,5,4,4,4,3)",,Infeasible,,Table config is not valid,,
"OP(12,11,7,5,3,3,3,3,3)",,Infeasible,,Table config is not valid,,
"OP(8,4,4,4,4,4)",0,Solved,"0,1250"," (4t+2)","0,1293","(\infty, 1, 15, 5, \infty, 29, 39, 25) (4, 47, 20, 7) (28, 23, 44, 31) (33, 10, 13, 6) (9, 34, 37, 30) (18, 36, 42, 12) "
"OP(8,4,4,3,3,3,3)",0,Solved,"0,1510"," (4t+2)","0,1549","(\infty, 13, 44, 11, \infty, 35, 20, 37) (33, 1, 39, 45) (9, 25, 15, 21) (16, 19, 10) (40, 43, 34) (17, 28, 3) (41, 4, 27) "
"OP(4,6,6,6,6)",0,Solved,"0,0500"," (4t+2)","0,0537","(\infty, 1, \infty, 25) (2, 3, 9, 13, 46, 12) (26, 27, 33, 37, 22, 36) (7, 10, 42, 29, 11, 0) (31, 34, 18, 5, 35, 24) "
"OP(6,6,6,6,4)",0,Solved,"0,1470"," (4t+2)","0,1504","(\infty, 19, 45, \infty, 21, 43) (13, 23, 3, 18, 9, 2) (37, 47, 27, 42, 33, 26) (12, 7, 1, 36, 31, 25) (44, 17, 20, 41) "
"OP(4,6,6,6,3,3)",0,Solved,"0,0500"," (4t+2)","0,0544","(\infty, 31, \infty, 7) (37, 36, 41, 24, 33, 39) (13, 12, 17, 0, 9, 15) (43, 28, 44, 19, 4, 20) (5, 32, 35) (29, 8, 11) "
"OP(6,6,6,5,5)",0,Solved,"0,0990"," (4t+2)","0,1033","(\infty, 43, 11, \infty, 35, 19) (5, 13, 46, 21, 47, 3) (29, 37, 22, 45, 23, 27) (20, 8, 1, 6, 41) (44, 32, 25, 30, 17) "
"OP(6,6,6,4,3,3)",0,Solved,"0,0480"," (4t+2)","0,0530","(\infty, 2, 4, \infty, 28, 26) (6, 7, 10, 17, 47, 16) (30, 31, 34, 41, 23, 40) (27, 11, 3, 35) (36, 22, 14) (12, 46, 38) "
"OP(4,6,6,4,4,4)",0,Solved,"0,0470"," (4t+2)","0,0509","(\infty, 40, \infty, 16) (36, 32, 1, 33, 5, 6) (12, 8, 25, 9, 29, 30) (4, 39, 37, 27) (28, 15, 13, 3) (43, 38, 19, 14) "
"OP(4,6,6,3,3,3,3)",0,Solved,"0,0490"," (4t+2)","0,0536","(\infty, 46, \infty, 22) (17, 3, 10, 14, 4, 16) (41, 27, 34, 38, 28, 40) (47, 7, 1) (23, 31, 25) (33, 5, 24) (9, 29, 0) "
"OP(6,6,5,5,3,3)",0,Solved,"0,0480"," (4t+2)","0,0524","(\infty, 2, 4, \infty, 28, 26) (6, 7, 21, 30, 31, 45) (22, 34, 16, 27, 43) (46, 10, 40, 3, 19) (18, 38, 12) (42, 14, 36) "
"OP(4,6,5,5,4,4)",0,Solved,"0,0750"," (4t+2)","0,0788","(\infty, 19, \infty, 43) (11, 37, 18, 35, 13, 42) (3, 12, 22, 7, 6) (27, 36, 46, 31, 30) (15, 8, 2, 4) (39, 32, 26, 28) "
"OP(6,6,4,4,4,4)",0,Solved,"0,0810"," (4t+2)","0,0862","(\infty, 42, 12, \infty, 36, 18) (35, 7, 2, 11, 31, 26) (39, 14, 40, 21) (15, 38, 16, 45) (5, 41, 10, 20) (29, 17, 34, 44) "
"OP(6,6,4,3,3,3,3)",0,Solved,"0,3170"," (4t+2)","0,3211","(\infty, 6, 32, \infty, 8, 30) (27, 42, 39, 3, 18, 15) (34, 2, 10, 26) (4, 47, 5) (28, 23, 29) (44, 40, 12) (20, 16, 36) "
"OP(4,6,4,4,4,3,3)",0,Solved,"0,0820"," (4t+2)","0,0863","(\infty, 33, \infty, 9) (42, 31, 39, 18, 7, 15) (37, 34, 41, 2) (13, 10, 17, 26) (47, 43, 23, 19) (44, 11, 21) (20, 35, 45) "
"OP(4,6,3,3,3,3,3,3)",0,Solved,"0,0480"," (4t+2)","0,0513","(\infty, 41, \infty, 17) (11, 29, 36, 35, 5, 12) (20, 22, 45) (44, 46, 21) (3, 25, 14) (27, 1, 38) (0, 16, 6) (24, 40, 30) "
"OP(4,5,5,5,5,4)",0,Solved,"0,0390"," (4t+2)","0,0430","(\infty, 2, \infty, 26) (36, 13, 39, 8, 27) (12, 37, 15, 32, 3) (11, 4, 34, 1, 0) (35, 28, 10, 25, 24) (42, 38, 18, 14) "
"OP(6,5,5,4,4,4)",0,Solved,"0,3280"," (4t+2)","0,3315","(\infty, 7, 23, \infty, 47, 31) (18, 43, 34, 3, 5) (42, 19, 10, 27, 29) (8, 35, 16, 9) (32, 11, 40, 33) (4, 30, 28, 6) "
"OP(6,5,5,3,3,3,3)",0,Solved,"0,0600"," (4t+2)","0,0632","(\infty, 42, 16, \infty, 40, 18) (45, 15, 31, 14, 4) (21, 39, 7, 38, 28) (6, 3, 11) (30, 27, 35) (22, 41, 20) (46, 17, 44) "
"OP(4,5,5,4,4,3,3)",0,Solved,"0,0480"," (4t+2)","0,0550","(\infty, 17, \infty, 41) (47, 16, 44, 43, 13) (23, 40, 20, 19, 37) (39, 10, 0, 12) (15, 34, 24, 36) (5, 3, 11) (29, 27, 35) "
"OP(6,4,4,4,4,3,3)",0,Solved,"0,2320"," (4t+2)","0,2364","(\infty, 44, 10, \infty, 34, 20) (41, 13, 35, 22) (17, 37, 11, 46) (43, 31, 15, 6) (19, 7, 39, 30) (16, 33, 18) (40, 9, 42) "
"OP(6,4,3,3,3,3,3,3)",0,Solved,"0,1520"," (4t+2)","0,1566","(\infty, 21, 39, \infty, 15, 45) (0, 38, 24, 14) (35, 20, 18) (11, 44, 42) (5, 33, 6) (29, 9, 30) (10, 27, 1) (34, 3, 25) "
"OP(4,4,4,4,4,4,4)",0,Solved,"0,0450"," (4t+2)","0,0494","(\infty, 35, \infty, 11) (42, 29, 1, 34) (18, 5, 25, 10) (4, 26, 38, 33) (28, 2, 14, 9) (41, 27, 45, 24) (17, 3, 21, 0) "
"OP(4,4,4,4,3,3,3,3)",0,Solved,"0,0520"," (4t+2)","0,0566","(\infty, 34, \infty, 10) (44, 33, 2, 42) (20, 9, 26, 18) (43, 38, 19, 14) (25, 41, 40) (1, 17, 16) (36, 39, 5) (12, 15, 29) "
"OP(4,3,3,3,3,3,3,3,3)",0,Solved,"0,0440"," (4t+2)","0,0482","(\infty, 20, \infty, 44) (19, 31, 14) (43, 7, 38) (6, 17, 32) (30, 41, 8) (46, 23, 42) (22, 47, 18) (12, 39, 4) (36, 15, 28) "
"OP(12,10,10,10,8)",0,Solved,"0,0420"," (4t+2)","0,0466","(\infty, 5, 14, 30, 45, 23, \infty, 47, 21, 6, 38, 29) (39, 20, 34, 17, 7, 18, 36, 11, 46, 19) (15, 44, 10, 41, 31, 42, 12, 35, 22, 43) (1, 2, 4, 8, 13, 25, 26, 28, 32, 37) (0, 3, 9, 16, 24, 27, 33, 40) "
"OP(4,10,10,10,4,12)",0,Solved,"0,0950"," (4t+2)","0,0983","(\infty, 0, \infty, 24) (18, 2, 12, 14, 5, 23, 10, 3, 17, 6) (42, 26, 36, 38, 29, 47, 34, 27, 41, 30) (1, 16, 35, 7, 8, 25, 40, 11, 31, 32) (22, 19, 46, 43) (21, 44, 4, 9, 13, 39, 45, 20, 28, 33, 37, 15) "
"OP(12,10,10,10,4,4)",0,Solved,"0,0720"," (4t+2)","0,0764","(\infty, 3, 4, 6, 9, 41, \infty, 17, 33, 30, 28, 27) (11, 44, 15, 1, 5, 26, 13, 8, 14, 23) (35, 20, 39, 25, 29, 2, 37, 32, 38, 47) (46, 16, 36, 19, 45, 22, 40, 12, 43, 21) (7, 0, 10, 18) (31, 24, 34, 42) "
"OP(12,10,10,9,9)",0,Solved,"0,1050"," (4t+2)","0,1097","(\infty, 14, 41, 21, 47, 16, \infty, 40, 23, 45, 17, 38) (2, 0, 7, 18, 32, 20, 12, 6, 1, 5) (26, 24, 31, 42, 8, 44, 36, 30, 25, 29) (22, 9, 39, 10, 35, 19, 4, 3, 13) (46, 33, 15, 34, 11, 43, 28, 27, 37) "
"OP(4,9,9,10,6,12)",0,Solved,"0,0460"," (4t+2)","0,0503","(\infty, 21, \infty, 45) (33, 44, 17, 39, 19, 12, 8, 0, 18) (9, 20, 41, 15, 43, 36, 32, 24, 42) (2, 7, 16, 47, 13, 26, 31, 40, 23, 37) (6, 3, 1, 30, 27, 25) (4, 5, 11, 34, 22, 38, 28, 29, 35, 10, 46, 14) "
"OP(6,9,9,10,12,4)",0,Solved,"0,0530"," (4t+2)","0,0568","(\infty, 4, 8, \infty, 32, 28) (5, 12, 13, 21, 39, 19, 10, 0, 2) (29, 36, 37, 45, 15, 43, 34, 24, 26) (3, 9, 40, 18, 41, 27, 33, 16, 42, 17) (46, 14, 47, 35, 6, 1, 22, 38, 23, 11, 30, 25) (20, 7, 44, 31) "
"OP(4,9,9,10,12,3,3)",0,Solved,"0,0450"," (4t+2)","0,0485","(\infty, 19, \infty, 43) (21, 9, 23, 10, 36, 15, 46, 16, 44) (45, 33, 47, 34, 12, 39, 22, 40, 20) (18, 11, 7, 1, 2, 42, 35, 31, 25, 26) (13, 4, 14, 30, 41, 8, 37, 28, 38, 6, 17, 32) (0, 5, 3) (24, 29, 27) "
"OP(4,10,10,7,7,12)",0,Solved,"0,0410"," (4t+2)","0,0448","(\infty, \infty, 23, 47) (46, 14, 35, 17, 6, 21, 40, 12, 37, 20) (22, 38, 11, 41, 30, 45, 16, 36, 13, 44) (18, 8, 1, 2, 10, 19, 31) (42, 32, 25, 26, 34, 43, 7) (15, 9, 4, 0, 3, 5, 39, 33, 28, 24, 27, 29) "
"OP(12,10,10,8,6,4)",0,Solved,"0,0450"," (4t+2)","0,0494","(\infty, 22, 43, 20, 36, 16, \infty, 40, 12, 44, 19, 46) (4, 7, 15, 34, 45, 23, 14, 8, 1, 2) (28, 31, 39, 10, 21, 47, 38, 32, 25, 26) (18, 6, 41, 11, 42, 30, 17, 35) (9, 5, 0, 33, 29, 24) (13, 3, 37, 27) "
"OP(12,10,10,8,5,5)",0,Solved,"0,1490"," (4t+2)","0,1528","(\infty, 20, 42, 10, 41, 22, \infty, 46, 17, 34, 18, 44) (14, 23, 43, 16, 39, 6, 36, 0, 2, 3) (38, 47, 19, 40, 15, 30, 12, 24, 26, 27) (45, 11, 1, 8, 21, 35, 25, 32) (13, 7, 4, 9, 5) (37, 31, 28, 33, 29) "
"OP(12,10,10,8,4,3,3)",0,Solved,"0,0840"," (4t+2)","0,0882","(\infty, 14, 0, 5, 13, 10, \infty, 34, 37, 29, 24, 38) (18, 1, 7, 17, 32, 45, 22, 15, 3, 40) (42, 25, 31, 41, 8, 21, 46, 39, 27, 16) (2, 11, 12, 44, 26, 35, 36, 20) (19, 23, 43, 47) (4, 6, 33) (28, 30, 9) "
"OP(12,10,10,7,7,4)",0,Solved,"0,1440"," (4t+2)","0,1478","(\infty, 10, 8, 1, 21, 4, \infty, 28, 45, 25, 32, 34) (12, 18, 47, 11, 15, 7, 2, 3, 6, 38) (36, 42, 23, 35, 39, 31, 26, 27, 30, 14) (0, 9, 20, 41, 16, 46, 13) (24, 33, 44, 17, 40, 22, 37) (5, 19, 29, 43) "
"OP(6,10,10,6,6,12)",0,Solved,"0,0430"," (4t+2)","0,0489","(\infty, 18, 46, \infty, 22, 42) (23, 35, 17, 7, 20, 36, 13, 40, 21, 38) (47, 11, 41, 31, 44, 12, 37, 16, 45, 14) (8, 1, 2, 10, 19, 30) (32, 25, 26, 34, 43, 6) (15, 9, 4, 0, 3, 5, 39, 33, 28, 24, 27, 29) "
"OP(6,10,10,6,12,3,3)",0,Solved,"0,2780"," (4t+2)","0,2811","(\infty, 44, 0, \infty, 24, 20) (8, 19, 45, 16, 25, 33, 31, 34, 41, 35) (32, 43, 21, 40, 1, 9, 7, 10, 17, 11) (5, 37, 6, 29, 13, 30) (46, 12, 2, 38, 39, 4, 22, 36, 26, 14, 15, 28) (18, 3, 23) (42, 27, 47) "
"OP(4,10,10,6,4,4,12)",0,Solved,"0,0430"," (4t+2)","0,0474","(\infty, 22, \infty, 46) (3, 19, 33, 21, 40, 23, 44, 18, 38, 8) (27, 43, 9, 45, 16, 47, 20, 42, 14, 32) (36, 11, 1, 12, 35, 25) (2, 17, 13, 10) (26, 41, 37, 34) (4, 5, 7, 0, 6, 15, 28, 29, 31, 24, 30, 39) "
"OP(12,10,10,6,6,6)",0,Solved,"0,0510"," (4t+2)","0,0545","(\infty, 36, 42, 3, 28, 24, \infty, 0, 4, 27, 18, 12) (41, 6, 38, 39, 37, 22, 44, 25, 7, 10) (17, 30, 14, 15, 13, 46, 20, 1, 31, 34) (43, 23, 35, 21, 26, 33) (19, 47, 11, 45, 2, 9) (5, 32, 40, 29, 8, 16) "
"OP(12,10,10,6,6,3,3)",0,Solved,"0,0410"," (4t+2)","0,0441","(\infty, 12, 41, 23, 10, 22, \infty, 46, 34, 47, 17, 36) (4, 7, 13, 3, 14, 30, 16, 8, 1, 2) (28, 31, 37, 27, 38, 6, 40, 32, 25, 26) (21, 43, 15, 42, 11, 44) (45, 19, 39, 18, 35, 20) (0, 5, 9) (24, 29, 33) "
"OP(4,10,10,5,5,4,12)",0,Solved,"0,0610"," (4t+2)","0,0650","(\infty, 21, \infty, 45) (6, 2, 9, 18, 47, 20, 46, 34, 17, 7) (30, 26, 33, 42, 23, 44, 22, 10, 41, 31) (19, 1, 16, 14, 39) (43, 25, 40, 38, 15) (4, 12, 28, 36) (13, 0, 11, 5, 8, 3, 37, 24, 35, 29, 32, 27) "
"OP(12,10,10,6,4,4,4)",0,Solved,"0,0450"," (4t+2)","0,0502","(\infty, 4, 7, 11, 6, 18, \infty, 42, 30, 35, 31, 28) (12, 33, 16, 27, 41, 21, 43, 13, 38, 22) (36, 9, 40, 3, 17, 45, 19, 37, 14, 46) (15, 23, 10, 39, 47, 34) (0, 2, 8, 1) (24, 26, 32, 25) (20, 5, 44, 29) "
"OP(12,10,10,6,3,3,3,3)",0,Solved,"0,0530"," (4t+2)","0,0565","(\infty, 44, 17, 3, 18, 46, \infty, 22, 42, 27, 41, 20) (16, 4, 47, 15, 45, 19, 36, 13, 2, 8) (40, 28, 23, 39, 21, 43, 12, 37, 26, 32) (10, 6, 5, 34, 30, 29) (14, 11, 1) (38, 35, 25) (9, 7, 0) (33, 31, 24) "
"OP(4,10,10,4,5,5,12)",0,Solved,"0,0520"," (4t+2)","0,0562","(\infty, 5, \infty, 29) (40, 10, 39, 13, 9, 6, 44, 1, 21, 8) (16, 34, 15, 37, 33, 30, 20, 25, 45, 32) (11, 18, 35, 42) (46, 12, 4, 19, 7) (22, 36, 28, 43, 31) (17, 23, 0, 2, 3, 14, 41, 47, 24, 26, 27, 38) "
"OP(12,10,10,5,5,4,4)",0,Solved,"0,0730"," (4t+2)","0,0780","(\infty, \infty, 23, 36, 21, 40, 13, 37, 16, 45, 12, 47) (9, 3, 1, 6, 7, 39, 19, 42, 11, 0) (33, 27, 25, 30, 31, 15, 43, 18, 35, 24) (14, 44, 22, 8, 4) (38, 20, 46, 32, 28) (10, 17, 5, 2) (34, 41, 29, 26) "
"OP(4,10,10,4,4,12,3,3)",0,Solved,"0,0450"," (4t+2)","0,0490","(\infty, 19, \infty, 43) (38, 22, 11, 23, 36, 21, 39, 20, 40, 17) (14, 46, 35, 47, 12, 45, 15, 44, 16, 41) (4, 7, 1, 2) (28, 31, 25, 26) (30, 13, 3, 10, 18, 32, 6, 37, 27, 34, 42, 8) (0, 5, 9) (24, 29, 33) "
"OP(12,10,10,4,4,4,3,3)",0,Solved,"0,1220"," (4t+2)","0,1266","(\infty, 42, 8, 34, 35, 4, \infty, 28, 11, 10, 32, 18) (5, 3, 38, 43, 22, 45, 37, 47, 2, 41) (29, 27, 14, 19, 46, 21, 13, 23, 26, 17) (40, 33, 39, 7) (16, 9, 15, 31) (24, 44, 0, 20) (25, 6, 36) (1, 30, 12) "
"OP(12,10,10,3,3,3,3,3,3)",0,Solved,"0,1980"," (4t+2)","0,2017","(\infty, 42, 7, 8, 20, 46, \infty, 22, 44, 32, 31, 18) (16, 5, 15, 35, 21, 38, 23, 41, 12, 37) (40, 29, 39, 11, 45, 14, 47, 17, 36, 13) (4, 9, 1) (28, 33, 25) (2, 6, 0) (26, 30, 24) (19, 10, 3) (43, 34, 27) "
"OP(4,10,9,9,6,12)",0,Solved,"0,0680"," (4t+2)","0,0722","(\infty, 9, \infty, 33) (14, 7, 21, 15, 17, 38, 31, 45, 39, 41) (0, 19, 44, 18, 5, 23, 3, 8, 12) (24, 43, 20, 42, 29, 47, 27, 32, 36) (1, 2, 10, 25, 26, 34) (11, 22, 6, 16, 13, 4, 35, 46, 30, 40, 37, 28) "
"OP(12,10,9,9,6,4)",0,Solved,"0,3970"," (4t+2)","0,4010","(\infty, 0, 1, 3, 6, 10, \infty, 34, 30, 27, 25, 24) (4, 12, 21, 5, 16, 28, 36, 45, 29, 40) (8, 22, 41, 14, 37, 15, 33, 43, 23) (32, 46, 17, 38, 13, 39, 9, 19, 47) (20, 7, 2, 44, 31, 26) (18, 11, 42, 35) "
"OP(12,10,9,9,5,5)",0,Solved,"0,0870"," (4t+2)","0,0906","(\infty, 17, 2, 3, 1, 13, \infty, 37, 25, 27, 26, 41) (9, 38, 16, 43, 15, 33, 14, 40, 19, 39) (34, 18, 4, 45, 5, 8, 12, 22, 47) (10, 42, 28, 21, 29, 32, 36, 46, 23) (6, 11, 20, 31, 0) (30, 35, 44, 7, 24) "
"OP(12,10,9,9,4,3,3)",0,Solved,"0,0840"," (4t+2)","0,0884","(\infty, 39, 9, 41, 22, 43, \infty, 19, 46, 17, 33, 15) (21, 6, 20, 42, 14, 45, 30, 44, 18, 38) (23, 13, 7, 2, 3, 0, 4, 12, 35) (47, 37, 31, 26, 27, 24, 28, 36, 11) (5, 16, 29, 40) (1, 8, 10) (25, 32, 34) "
"OP(4,9,9,8,8,12)",0,Solved,"0,0420"," (4t+2)","0,0460","(\infty, 2, \infty, 26) (3, 4, 6, 9, 1, 5, 11, 22, 12) (27, 28, 30, 33, 25, 29, 35, 46, 36) (8, 20, 34, 19, 41, 13, 40, 21) (32, 44, 10, 43, 17, 37, 16, 45) (14, 39, 23, 18, 0, 7, 38, 15, 47, 42, 24, 31) "
"OP(8,9,9,8,12,4)",0,Solved,"0,0920"," (4t+2)","0,0958","(\infty, 13, 16, 47, \infty, 23, 40, 37) (5, 11, 15, 3, 12, 22, 33, 41, 0) (29, 35, 39, 27, 36, 46, 9, 17, 24) (43, 10, 28, 44, 19, 34, 4, 20) (7, 21, 42, 14, 1, 2, 31, 45, 18, 38, 25, 26) (8, 6, 32, 30) "
"OP(6,9,9,8,6,12)",0,Solved,"0,0690"," (4t+2)","0,0735","(\infty, 10, 20, \infty, 44, 34) (17, 31, 14, 6, 5, 16, 9, 3, 8) (41, 7, 38, 30, 29, 40, 33, 27, 32) (1, 4, 0, 2, 25, 28, 24, 26) (22, 42, 13, 46, 18, 37) (39, 21, 43, 11, 23, 36, 15, 45, 19, 35, 47, 12) "
"OP(6,9,9,8,12,3,3)",0,Solved,"0,0630"," (4t+2)","0,0671","(\infty, 4, 8, \infty, 32, 28) (5, 12, 13, 21, 39, 19, 10, 0, 2) (29, 36, 37, 45, 15, 43, 34, 24, 26) (3, 9, 31, 42, 27, 33, 7, 18) (14, 41, 16, 47, 35, 22, 38, 17, 40, 23, 11, 46) (1, 20, 6) (25, 44, 30) "
"OP(4,9,9,8,4,4,12)",0,Solved,"0,0720"," (4t+2)","0,0770","(\infty, 3, \infty, 27) (4, 5, 7, 13, 39, 43, 6, 1, 20) (28, 29, 31, 37, 15, 19, 30, 25, 44) (26, 11, 8, 16, 2, 35, 32, 40) (23, 46, 18, 36) (47, 22, 42, 12) (14, 45, 9, 0, 10, 17, 38, 21, 33, 24, 34, 41) "
"OP(6,9,9,7,7,12)",0,Solved,"0,0490"," (4t+2)","0,0556","(\infty, 44, 46, \infty, 22, 20) (0, 25, 35, 26, 47, 34, 40, 4, 33) (24, 1, 11, 2, 23, 10, 16, 28, 9) (41, 42, 39, 43, 32, 6, 36) (17, 18, 15, 19, 8, 30, 12) (7, 38, 45, 29, 37, 3, 31, 14, 21, 5, 13, 27) "
"OP(8,9,9,12,6,6)",0,Solved,"0,0630"," (4t+2)","0,0676","(\infty, 18, 0, 14, \infty, 38, 24, 42) (2, 12, 47, 16, 44, 21, 43, 22, 13) (26, 36, 23, 40, 20, 45, 19, 46, 37) (15, 3, 6, 11, 4, 10, 39, 27, 30, 35, 28, 34) (8, 41, 9, 1, 5, 7) (32, 17, 33, 25, 29, 31) "
"OP(8,9,9,12,6,3,3)",0,Solved,"0,0480"," (4t+2)","0,0515","(\infty, 32, 15, 4, \infty, 28, 39, 8) (44, 14, 47, 35, 19, 40, 17, 36, 10) (20, 38, 23, 11, 43, 16, 41, 12, 34) (7, 1, 2, 6, 13, 21, 31, 25, 26, 30, 37, 45) (18, 9, 22, 42, 33, 46) (0, 5, 3) (24, 29, 27) "
"OP(12,10,9,7,5,4,3)",,Infeasible,,Table config is not valid,,
"OP(8,9,9,12,4,4,4)",0,Solved,"0,0790"," (4t+2)","0,0837","(\infty, 34, 30, 4, \infty, 28, 6, 10) (5, 39, 9, 40, 3, 31, 22, 38, 32) (29, 15, 33, 16, 27, 7, 46, 14, 8) (0, 43, 36, 21, 13, 26, 24, 19, 12, 45, 37, 2) (23, 11, 1, 20) (47, 35, 25, 44) (42, 41, 18, 17) "
"OP(8,9,9,12,3,3,3,3)",0,Solved,"0,0410"," (4t+2)","0,0450","(\infty, 32, 15, 4, \infty, 28, 39, 8) (46, 12, 41, 19, 40, 20, 38, 23, 11) (22, 36, 17, 43, 16, 44, 14, 47, 35) (7, 1, 2, 6, 13, 21, 31, 25, 26, 30, 37, 45) (18, 9, 34) (42, 33, 10) (0, 5, 3) (24, 29, 27) "
"OP(4,9,9,6,6,4,12)",0,Solved,"0,0600"," (4t+2)","0,0636","(\infty, 17, \infty, 41) (12, 0, 14, 21, 47, 16, 39, 9, 44) (36, 24, 38, 45, 23, 40, 15, 33, 20) (5, 10, 43, 22, 11, 3) (29, 34, 19, 46, 35, 27) (2, 6, 26, 30) (8, 7, 1, 4, 13, 42, 32, 31, 25, 28, 37, 18) "
"OP(4,9,9,6,5,5,12)",0,Solved,"0,0490"," (4t+2)","0,0524","(\infty, 8, \infty, 32) (17, 33, 46, 20, 43, 23, 11, 0, 18) (41, 9, 22, 44, 19, 47, 35, 24, 42) (2, 7, 16, 26, 31, 40) (5, 13, 6, 3, 1) (29, 37, 30, 27, 25) (4, 10, 39, 12, 45, 14, 28, 34, 15, 36, 21, 38) "
"OP(6,9,9,6,12,4,4)",0,Solved,"0,0580"," (4t+2)","0,0624","(\infty, 17, 47, \infty, 23, 41) (27, 1, 21, 0, 14, 6, 8, 7, 10) (3, 25, 45, 24, 38, 30, 32, 31, 34) (2, 15, 20, 26, 39, 44) (33, 18, 37, 46, 35, 19, 9, 42, 13, 22, 11, 43) (12, 16, 28, 5) (36, 40, 4, 29) "
"OP(4,9,9,6,4,12,3,3)",0,Solved,"0,0530"," (4t+2)","0,0574","(\infty, 21, \infty, 45) (34, 22, 37, 23, 44, 31, 15, 6, 17) (10, 46, 13, 47, 20, 7, 39, 30, 41) (40, 12, 42, 16, 36, 18) (1, 2, 25, 26) (9, 19, 11, 4, 8, 14, 33, 43, 35, 28, 32, 38) (0, 5, 3) (24, 29, 27) "
"OP(6,9,9,12,5,5,4)",0,Solved,"0,0510"," (4t+2)","0,0548","(\infty, 2, 4, \infty, 28, 26) (6, 7, 10, 46, 33, 16, 27, 17, 36) (30, 31, 34, 22, 9, 40, 3, 41, 12) (45, 18, 43, 23, 15, 37, 21, 42, 19, 47, 39, 13) (5, 0, 14, 8, 1) (29, 24, 38, 32, 25) (20, 11, 44, 35) "
"OP(4,9,9,5,5,12,3,3)",0,Solved,"0,0440"," (4t+2)","0,0487","(\infty, 20, \infty, 44) (6, 15, 42, 23, 40, 22, 8, 34, 19) (30, 39, 18, 47, 16, 46, 32, 10, 43) (4, 7, 11, 1, 2) (28, 31, 35, 25, 26) (14, 3, 9, 17, 45, 13, 38, 27, 33, 41, 21, 37) (0, 5, 12) (24, 29, 36) "
"OP(6,9,9,12,4,4,3,3)",0,Solved,"0,0710"," (4t+2)","0,0743","(\infty, 12, 0, \infty, 24, 36) (46, 23, 45, 11, 3, 5, 18, 37, 19) (22, 47, 21, 35, 27, 29, 42, 13, 43) (9, 40, 20, 10, 6, 1, 33, 16, 44, 34, 30, 25) (7, 4, 15, 14) (31, 28, 39, 38) (8, 17, 2) (32, 41, 26) "
"OP(4,9,9,4,4,4,4,12)",0,Solved,"0,0610"," (4t+2)","0,0653","(\infty, 22, \infty, 46) (12, 0, 9, 23, 44, 18, 35, 19, 37) (36, 24, 33, 47, 20, 42, 11, 43, 13) (7, 15, 10, 3) (31, 39, 34, 27) (6, 5, 2, 8) (30, 29, 26, 32) (1, 16, 45, 17, 4, 14, 25, 40, 21, 41, 28, 38) "
"OP(4,9,9,4,12,3,3,3,3)",0,Solved,"0,0560"," (4t+2)","0,0601","(\infty, 14, \infty, 38) (35, 47, 30, 46, 0, 8, 19, 9, 34) (11, 23, 6, 22, 24, 32, 43, 33, 10) (3, 21, 27, 45) (25, 4, 13, 17, 39, 42, 1, 28, 37, 41, 15, 18) (31, 36, 2) (7, 12, 26) (44, 16, 29) (20, 40, 5) "
"OP(12,10,8,8,8,4)",0,Solved,"0,2050"," (4t+2)","0,2102","(\infty, 2, 3, 5, 8, 14, \infty, 38, 32, 29, 27, 26) (4, 13, 31, 45, 16, 28, 37, 7, 21, 40) (11, 18, 33, 17, 44, 22, 39, 19) (35, 42, 9, 41, 20, 46, 15, 43) (1, 6, 10, 0, 25, 30, 34, 24) (12, 23, 36, 47) "
"OP(6,10,7,7,8,12)",0,Solved,"0,0990"," (4t+2)","0,1034","(\infty, 42, 12, \infty, 36, 18) (47, 11, 21, 4, 44, 23, 35, 45, 28, 20) (2, 13, 19, 6, 1, 8, 22) (26, 37, 43, 30, 25, 32, 46) (5, 3, 7, 10, 29, 27, 31, 34) (14, 40, 41, 9, 0, 15, 38, 16, 17, 33, 24, 39) "
"OP(12,10,8,8,6,6)",0,Solved,"0,0630"," (4t+2)","0,0669","(\infty, 5, 13, 45, 23, 41, \infty, 17, 47, 21, 37, 29) (14, 9, 6, 4, 0, 38, 33, 30, 28, 24) (2, 3, 10, 16, 7, 22, 43, 15) (26, 27, 34, 40, 31, 46, 19, 39) (18, 35, 12, 1, 20, 32) (42, 11, 36, 25, 44, 8) "
"OP(12,10,8,8,6,3,3)",0,Solved,"0,2410"," (4t+2)","0,2445","(\infty, 2, 8, 1, 4, 40, \infty, 16, 28, 25, 32, 26) (45, 11, 10, 15, 43, 21, 35, 34, 39, 19) (12, 31, 13, 24, 14, 30, 3, 47) (36, 7, 37, 0, 38, 6, 27, 23) (17, 9, 18, 41, 33, 42) (5, 22, 20) (29, 46, 44) "
"OP(4,10,8,8,4,4,12)",0,Solved,"0,0580"," (4t+2)","0,0619","(\infty, 34, \infty, 10) (41, 1, 21, 39, 7, 17, 25, 45, 15, 31) (13, 12, 8, 14, 29, 27, 22, 0) (37, 36, 32, 38, 5, 3, 46, 24) (40, 4, 18, 43) (16, 28, 42, 19) (9, 20, 11, 30, 47, 26, 33, 44, 35, 6, 23, 2) "
"OP(12,10,8,8,4,4,4)",0,Solved,"0,2430"," (4t+2)","0,2476","(\infty, 2, 3, 0, 4, 6, \infty, 30, 28, 24, 27, 26) (5, 15, 34, 13, 43, 29, 39, 10, 37, 19) (45, 20, 12, 7, 1, 8, 17, 33) (21, 44, 36, 31, 25, 32, 41, 9) (14, 42, 16, 47) (38, 18, 40, 23) (11, 22, 35, 46) "
"OP(12,10,8,8,3,3,3,3)",0,Solved,"0,0610"," (4t+2)","0,0649","(\infty, 7, 37, 41, 44, 35, \infty, 11, 20, 17, 13, 31) (34, 39, 26, 47, 33, 10, 15, 2, 23, 9) (38, 27, 1, 30, 45, 29, 46, 0) (14, 3, 25, 6, 21, 5, 22, 24) (42, 43, 36) (18, 19, 12) (32, 4, 40) (8, 28, 16) "
"OP(12,10,8,7,7,6)",0,Solved,"0,0690"," (4t+2)","0,0728","(\infty, 17, 44, 18, 33, 19, \infty, 43, 9, 42, 20, 41) (16, 46, 21, 14, 5, 40, 22, 45, 38, 29) (1, 7, 8, 37, 25, 31, 32, 13) (6, 2, 4, 12, 23, 39, 11) (30, 26, 28, 36, 47, 15, 35) (3, 0, 10, 27, 24, 34) "
"OP(12,10,8,7,7,3,3)",0,Solved,"0,1010"," (4t+2)","0,1058","(\infty, \infty, 23, 42, 10, 2, 3, 27, 26, 34, 18, 47) (21, 39, 16, 33, 19, 45, 15, 40, 9, 43) (1, 6, 8, 36, 25, 30, 32, 12) (22, 35, 14, 4, 0, 7, 13) (46, 11, 38, 28, 24, 31, 37) (5, 20, 17) (29, 44, 41) "
"OP(4,10,7,7,6,4,12)",0,Solved,"0,1250"," (4t+2)","0,1298","(\infty, 21, \infty, 45) (11, 2, 18, 16, 4, 35, 26, 42, 40, 28) (9, 1, 12, 17, 23, 43, 22) (33, 25, 36, 41, 47, 19, 46) (6, 7, 0, 30, 31, 24) (3, 13, 27, 37) (8, 5, 20, 39, 14, 10, 32, 29, 44, 15, 38, 34) "
"OP(4,10,7,7,5,5,12)",0,Solved,"0,0400"," (4t+2)","0,0446","(\infty, 37, \infty, 13) (8, 43, 0, 18, 47, 32, 19, 24, 42, 23) (15, 5, 33, 21, 10, 12, 16) (39, 29, 9, 45, 34, 36, 40) (3, 26, 4, 11, 20) (27, 2, 28, 35, 44) (17, 14, 6, 22, 1, 7, 41, 38, 30, 46, 25, 31) "
"OP(6,10,7,7,12,4,4)",0,Solved,"0,0970"," (4t+2)","0,1012","(\infty, 43, 1, \infty, 25, 19) (14, 6, 27, 7, 4, 38, 30, 3, 31, 28) (32, 17, 40, 11, 12, 2, 15) (8, 41, 16, 35, 36, 26, 39) (21, 37, 44, 22, 10, 47, 45, 13, 20, 46, 34, 23) (0, 18, 9, 5) (24, 42, 33, 29) "
"OP(4,10,7,7,4,12,3,3)",0,Solved,"0,0430"," (4t+2)","0,0467","(\infty, 14, \infty, 38) (42, 10, 5, 3, 6, 18, 34, 29, 27, 30) (39, 12, 4, 0, 13, 23, 8) (15, 36, 28, 24, 37, 47, 32) (1, 7, 25, 31) (20, 43, 9, 2, 11, 22, 44, 19, 33, 26, 35, 46) (17, 45, 16) (41, 21, 40) "
"OP(4,10,8,5,5,6,12)",0,Solved,"0,1080"," (4t+2)","0,1124","(\infty, 9, \infty, 33) (44, 41, 35, 12, 10, 20, 17, 11, 36, 34) (15, 14, 1, 5, 39, 38, 25, 29) (46, 30, 0, 31, 3) (22, 6, 24, 7, 27) (13, 4, 16, 37, 28, 40) (18, 26, 19, 45, 8, 23, 42, 2, 43, 21, 32, 47) "
"OP(12,10,8,6,6,4,4)",0,Solved,"0,0470"," (4t+2)","0,0515","(\infty, 7, 40, 28, 34, 23, \infty, 47, 10, 4, 16, 31) (41, 25, 5, 9, 26, 17, 1, 29, 33, 2) (32, 42, 37, 30, 8, 18, 13, 6) (44, 45, 15, 36, 11, 46) (20, 21, 39, 12, 35, 22) (0, 14, 43, 3) (24, 38, 19, 27) "
"OP(12,10,8,6,5,5,4)",0,Solved,"0,3720"," (4t+2)","0,3751","(\infty, 31, 35, 22, 36, 9, \infty, 33, 12, 46, 11, 7) (43, 45, 4, 37, 8, 19, 21, 28, 13, 32) (40, 23, 20, 38, 16, 47, 44, 14) (29, 30, 25, 5, 6, 1) (39, 27, 17, 42, 0) (15, 3, 41, 18, 24) (10, 2, 34, 26) "
"OP(4,10,8,5,5,12,3,3)",0,Solved,"0,0820"," (4t+2)","0,0864","(\infty, 42, \infty, 18) (30, 26, 32, 46, 39, 6, 2, 8, 22, 15) (38, 29, 13, 16, 14, 5, 37, 40) (0, 11, 41, 31, 36) (24, 35, 17, 7, 12) (33, 34, 47, 21, 1, 28, 9, 10, 23, 45, 25, 4) (19, 44, 27) (43, 20, 3) "
"OP(12,10,8,6,4,4,3,3)",0,Solved,"0,1140"," (4t+2)","0,1188","(\infty, 17, 8, 13, 6, 21, \infty, 45, 30, 37, 32, 41) (15, 44, 22, 19, 9, 39, 20, 46, 43, 33) (4, 3, 11, 5, 28, 27, 35, 29) (1, 18, 38, 25, 42, 14) (2, 0, 12, 16) (26, 24, 36, 40) (23, 34, 7) (47, 10, 31) "
"OP(12,10,8,5,5,5,5)",0,Solved,"0,1880"," (4t+2)","0,1921","(\infty, 41, 35, 10, 0, 39, \infty, 15, 24, 34, 11, 17) (31, 23, 12, 26, 8, 7, 47, 36, 2, 32) (44, 13, 45, 1, 20, 37, 21, 25) (4, 19, 22, 29, 9) (28, 43, 46, 5, 33) (18, 30, 3, 38, 16) (42, 6, 27, 14, 40) "
"OP(12,10,8,5,5,4,3,3)",0,Solved,"0,0390"," (4t+2)","0,0434","(\infty, 6, 3, 9, 35, 14, \infty, 38, 11, 33, 27, 30) (20, 10, 22, 47, 15, 44, 34, 46, 23, 39) (40, 12, 5, 1, 16, 36, 29, 25) (2, 7, 21, 13, 4) (26, 31, 45, 37, 28) (19, 8, 43, 32) (0, 18, 17) (24, 42, 41) "
"OP(4,10,8,4,4,4,4,12)",0,Solved,"0,0900"," (4t+2)","0,0940","(\infty, 47, \infty, 23) (28, 14, 7, 44, 42, 4, 38, 31, 20, 18) (33, 46, 34, 30, 9, 22, 10, 6) (35, 26, 29, 12) (11, 2, 5, 36) (0, 43, 37, 15) (24, 19, 13, 39) (27, 8, 40, 41, 1, 21, 3, 32, 16, 17, 25, 45) "
"OP(4,10,8,4,12,3,3,3,3)",0,Solved,"0,1590"," (4t+2)","0,1628","(\infty, 37, \infty, 13) (43, 45, 29, 34, 7, 19, 21, 5, 10, 31) (30, 4, 0, 9, 6, 28, 24, 33) (44, 38, 20, 14) (32, 39, 11, 40, 27, 41, 8, 15, 35, 16, 3, 17) (42, 2, 25) (18, 26, 1) (46, 47, 36) (22, 23, 12) "
"OP(12,10,8,4,4,4,4,4)",0,Solved,"0,4780"," (4t+2)","0,4813","(\infty, 40, 31, 8, 29, 34, \infty, 10, 5, 32, 7, 16) (35, 2, 38, 1, 39, 11, 26, 14, 25, 15) (44, 28, 36, 33, 20, 4, 12, 9) (19, 21, 22, 41) (43, 45, 46, 17) (3, 47, 6, 37) (27, 23, 30, 13) (0, 18, 24, 42) "
"OP(12,10,8,4,4,3,3,3,3)",0,Solved,"0,1670"," (4t+2)","0,1715","(\infty, 12, 4, 31, 9, 8, \infty, 32, 33, 7, 28, 36) (44, 2, 11, 46, 23, 20, 26, 35, 22, 47) (37, 3, 14, 43, 13, 27, 38, 19) (17, 10, 15, 0) (41, 34, 39, 24) (5, 21, 1) (29, 45, 25) (18, 6, 16) (42, 30, 40) "
"OP(12,10,7,7,7,7)",0,Solved,"0,0480"," (4t+2)","0,0524","(\infty, \infty, 23, 38, 21, 7, 19, 43, 31, 45, 14, 47) (10, 42, 15, 44, 16, 34, 18, 39, 20, 40) (22, 13, 8, 1, 2, 12, 35) (46, 37, 32, 25, 26, 36, 11) (9, 17, 28, 6, 0, 3, 5) (33, 41, 4, 30, 24, 27, 29) "
"OP(4,10,6,7,7,4,12)",0,Solved,"0,0410"," (4t+2)","0,0453","(\infty, 16, \infty, 40) (22, 5, 6, 3, 21, 46, 29, 30, 27, 45) (42, 15, 4, 18, 39, 28) (0, 8, 36, 23, 1, 17, 10) (24, 32, 12, 47, 25, 41, 34) (20, 11, 44, 35) (2, 7, 9, 13, 19, 38, 26, 31, 33, 37, 43, 14) "
"OP(4,10,7,7,5,5,12)",0,Solved,"0,0420"," (4t+2)","0,0459","(\infty, 37, \infty, 13) (8, 43, 0, 18, 47, 32, 19, 24, 42, 23) (15, 5, 33, 21, 10, 12, 16) (39, 29, 9, 45, 34, 36, 40) (3, 26, 4, 11, 20) (27, 2, 28, 35, 44) (17, 14, 6, 22, 1, 7, 41, 38, 30, 46, 25, 31) "
"OP(12,10,7,7,6,4,4)",0,Solved,"0,1550"," (4t+2)","0,1589","(\infty, 16, 43, 17, 47, 14, \infty, 38, 23, 41, 19, 40) (7, 4, 0, 1, 3, 31, 28, 24, 25, 27) (34, 15, 46, 35, 21, 9, 18) (10, 39, 22, 11, 45, 33, 42) (2, 8, 13, 26, 32, 37) (5, 12, 20, 30) (29, 36, 44, 6) "
"OP(12,10,7,7,5,5,4)",0,Solved,"0,1120"," (4t+2)","0,1162","(\infty, 7, 5, 36, 41, 47, \infty, 23, 17, 12, 29, 31) (42, 10, 37, 45, 19, 18, 34, 13, 21, 43) (44, 40, 30, 11, 46, 1, 26) (20, 16, 6, 35, 22, 25, 2) (39, 32, 4, 38, 27) (15, 8, 28, 14, 3) (24, 33, 0, 9) "
"OP(4,10,7,7,4,12,3,3)",0,Solved,"0,0430"," (4t+2)","0,0489","(\infty, 14, \infty, 38) (42, 10, 5, 3, 6, 18, 34, 29, 27, 30) (39, 12, 4, 0, 13, 23, 8) (15, 36, 28, 24, 37, 47, 32) (1, 7, 25, 31) (20, 43, 9, 2, 11, 22, 44, 19, 33, 26, 35, 46) (17, 45, 16) (41, 21, 40) "
"OP(12,10,7,7,4,4,3,3)",0,Solved,"0,0620"," (4t+2)","0,0651","(\infty, 8, 41, 19, 46, 12, \infty, 36, 22, 43, 17, 32) (14, 9, 6, 4, 0, 38, 33, 30, 28, 24) (2, 3, 10, 16, 39, 21, 13) (26, 27, 34, 40, 15, 45, 37) (31, 18, 35, 47) (7, 42, 11, 23) (1, 20, 29) (25, 44, 5) "
"OP(4,10,6,6,6,6,12)",0,Solved,"0,0470"," (4t+2)","0,0508","(\infty, 16, \infty, 40) (44, 23, 35, 17, 7, 20, 47, 11, 41, 31) (18, 46, 14, 45, 12, 37) (42, 22, 38, 21, 36, 13) (8, 1, 2, 10, 19, 30) (32, 25, 26, 34, 43, 6) (15, 9, 4, 0, 3, 5, 39, 33, 28, 24, 27, 29) "
"OP(6,10,6,6,6,12,4)",0,Solved,"0,1060"," (4t+2)","0,1115","(\infty, 3, 13, \infty, 37, 27) (12, 46, 11, 7, 0, 36, 22, 35, 31, 24) (21, 15, 4, 9, 8, 6) (45, 39, 28, 33, 32, 30) (40, 17, 43, 16, 41, 19) (5, 14, 44, 47, 18, 1, 29, 38, 20, 23, 42, 25) (2, 10, 26, 34) "
"OP(4,10,6,6,6,12,3,3)",0,Solved,"0,0470"," (4t+2)","0,0511","(\infty, 42, \infty, 18) (15, 5, 27, 32, 9, 39, 29, 3, 8, 33) (36, 20, 6, 14, 34, 1) (12, 44, 30, 38, 10, 25) (46, 17, 21, 22, 41, 45) (47, 16, 43, 2, 0, 11, 23, 40, 19, 26, 24, 35) (37, 31, 28) (13, 7, 4) "
"OP(6,10,6,6,12,5,5)",0,Solved,"0,0740"," (4t+2)","0,0786","(\infty, 21, 47, \infty, 23, 45) (5, 14, 31, 18, 41, 29, 38, 7, 42, 17) (40, 11, 3, 10, 15, 30) (16, 35, 27, 34, 39, 6) (13, 43, 22, 36, 20, 9, 37, 19, 46, 12, 44, 33) (2, 8, 4, 1, 0) (26, 32, 28, 25, 24) "
"OP(6,10,6,6,12,4,3,3)",0,Solved,"0,0870"," (4t+2)","0,0908","(\infty, 47, 19, \infty, 43, 23) (44, 5, 4, 18, 2, 20, 29, 28, 42, 26) (10, 6, 0, 12, 17, 39) (34, 30, 24, 36, 41, 15) (37, 45, 22, 7, 9, 40, 13, 21, 46, 31, 33, 16) (14, 3, 38, 27) (8, 1, 11) (32, 25, 35) "
"OP(4,10,6,6,4,4,4,12)",0,Solved,"0,1510"," (4t+2)","0,1551","(\infty, 2, \infty, 26) (37, 3, 4, 6, 9, 13, 27, 28, 30, 33) (8, 17, 12, 34, 16, 1) (32, 41, 36, 10, 40, 25) (14, 45, 18, 46) (38, 21, 42, 22) (11, 0, 35, 24) (19, 44, 15, 5, 47, 7, 43, 20, 39, 29, 23, 31) "
"OP(4,10,6,6,12,3,3,3,3)",0,Solved,"0,0560"," (4t+2)","0,0602","(\infty, 3, \infty, 27) (21, 43, 14, 4, 12, 45, 19, 38, 28, 36) (9, 5, 7, 10, 37, 20) (33, 29, 31, 34, 13, 44) (23, 46, 18, 0, 6, 11, 47, 22, 42, 24, 30, 35) (8, 17, 1) (32, 41, 25) (15, 2, 16) (39, 26, 40) "
"OP(6,10,6,12,5,5,3,3)",0,Solved,"0,0850"," (4t+2)","0,0892","(\infty, 10, 2, \infty, 26, 34) (11, 9, 3, 42, 12, 35, 33, 27, 18, 36) (4, 21, 47, 28, 45, 23) (8, 5, 16, 43, 15, 20, 32, 29, 40, 19, 39, 44) (17, 13, 6, 22, 7) (41, 37, 30, 46, 31) (1, 14, 0) (25, 38, 24) "
"OP(4,10,6,5,5,4,4,12)",0,Solved,"0,0530"," (4t+2)","0,0566","(\infty, 44, \infty, 20) (31, 39, 43, 40, 33, 7, 15, 19, 16, 9) (27, 37, 46, 3, 13, 22) (36, 38, 4, 24, 42) (12, 14, 28, 0, 18) (1, 26, 47, 32) (25, 2, 23, 8) (5, 41, 6, 35, 34, 45, 29, 17, 30, 11, 10, 21) "
"OP(6,10,6,12,4,4,4,4)",0,Solved,"0,1480"," (4t+2)","0,1524","(\infty, 1, 3, \infty, 27, 25) (44, 16, 6, 17, 35, 20, 40, 30, 41, 11) (34, 18, 39, 10, 42, 15) (0, 4, 9, 22, 8, 7, 24, 28, 33, 46, 32, 31) (38, 2, 5, 47) (14, 26, 29, 23) (43, 36, 13, 21) (19, 12, 37, 45) "
"OP(6,10,6,12,4,3,3,3,3)",0,Solved,"0,2840"," (4t+2)","0,2883","(\infty, \infty, 23, 15, 39, 47) (9, 42, 0, 5, 8, 33, 18, 24, 29, 32) (12, 40, 1, 36, 16, 25) (22, 43, 14, 2, 13, 45, 46, 19, 38, 26, 37, 21) (4, 6, 28, 30) (11, 7, 41) (35, 31, 17) (3, 20, 10) (27, 44, 34) "
"OP(4,10,6,4,4,4,12,3,3)",0,Solved,"0,1020"," (4t+2)","0,1058","(\infty, 14, \infty, 38) (47, 18, 44, 13, 46, 23, 42, 20, 37, 22) (15, 10, 2, 39, 34, 26) (19, 33, 12, 3) (43, 9, 36, 27) (21, 1, 45, 25) (41, 11, 8, 6, 0, 7, 17, 35, 32, 30, 24, 31) (5, 40, 4) (29, 16, 28) "
"OP(4,10,6,12,3,3,3,3,3,3)",0,Solved,"0,1750"," (4t+2)","0,1784","(\infty, 28, \infty, 4) (14, 11, 12, 33, 22, 38, 35, 36, 9, 46) (37, 44, 1, 13, 20, 25) (30, 7, 5, 43, 17, 21, 6, 31, 29, 19, 41, 45) (23, 42, 3) (47, 18, 27) (15, 2, 32) (39, 26, 8) (0, 40, 34) (24, 16, 10) "
"OP(12,10,6,6,6,6,4)",0,Solved,"0,0410"," (4t+2)","0,0444","(\infty, 18, 47, 17, 43, 22, \infty, 46, 19, 41, 23, 42) (14, 9, 6, 4, 0, 38, 33, 30, 28, 24) (2, 3, 10, 16, 32, 15) (26, 27, 34, 40, 8, 39) (13, 21, 7, 35, 12, 1) (37, 45, 31, 11, 36, 25) (20, 5, 44, 29) "
"OP(12,10,6,6,6,5,5)",0,Solved,"0,1280"," (4t+2)","0,1318","(\infty, 43, 38, 1, 37, 31, \infty, 7, 13, 25, 14, 19) (47, 8, 34, 6, 33, 23, 32, 10, 30, 9) (26, 44, 46, 29, 0, 40) (2, 20, 22, 5, 24, 16) (36, 3, 35, 12, 27, 11) (39, 4, 45, 41, 42) (15, 28, 21, 17, 18) "
"OP(12,10,6,6,6,4,3,3)",0,Solved,"0,0800"," (4t+2)","0,0838","(\infty, 18, 9, 35, 12, 22, \infty, 46, 36, 11, 33, 42) (41, 34, 15, 20, 38, 17, 10, 39, 44, 14) (21, 4, 5, 1, 3, 6) (45, 28, 29, 25, 27, 30) (47, 19, 7, 23, 43, 31) (0, 13, 24, 37) (8, 16, 2) (32, 40, 26) "
"OP(12,10,6,6,5,5,3,3)",0,Solved,"0,0550"," (4t+2)","0,0602","(\infty, 3, 4, 6, 9, 17, \infty, 41, 33, 30, 28, 27) (20, 45, 15, 1, 16, 44, 21, 39, 25, 40) (26, 13, 8, 14, 23, 42) (2, 37, 32, 38, 47, 18) (5, 36, 10, 22, 43) (29, 12, 34, 46, 19) (0, 7, 11) (24, 31, 35) "
"OP(4,10,5,5,6,4,4,12)",0,Solved,"0,0420"," (4t+2)","0,0456","(\infty, 20, \infty, 44) (42, 10, 5, 3, 6, 18, 34, 29, 27, 30) (21, 12, 4, 0, 11) (45, 36, 28, 24, 35) (8, 7, 1, 32, 31, 25) (23, 41, 14, 43) (47, 17, 38, 19) (2, 9, 22, 37, 15, 40, 26, 33, 46, 13, 39, 16) "
"OP(12,10,6,6,4,4,4,4)",0,Solved,"0,0860"," (4t+2)","0,0903","(\infty, 44, 15, 17, 0, 12, \infty, 36, 24, 41, 39, 20) (6, 9, 23, 45, 7, 30, 33, 47, 21, 31) (8, 19, 40, 46, 18, 3) (32, 43, 16, 22, 42, 27) (29, 11, 4, 13) (5, 35, 28, 37) (14, 10, 2, 1) (38, 34, 26, 25) "
"OP(12,10,6,6,4,3,3,3,3)",0,Solved,"0,1060"," (4t+2)","0,1102","(\infty, 24, 35, 3, 29, 36, \infty, 12, 5, 27, 11, 0) (40, 46, 7, 34, 4, 16, 22, 31, 10, 28) (41, 38, 30, 1, 15, 43) (17, 14, 6, 25, 39, 19) (45, 44, 21, 20) (42, 32, 47) (18, 8, 23) (37, 2, 33) (13, 26, 9) "
"OP(4,10,5,5,5,5,4,12)",0,Solved,"0,0520"," (4t+2)","0,0561","(\infty, 5, \infty, 29) (8, 9, 19, 10, 44, 32, 33, 43, 34, 20) (6, 11, 0, 18, 2) (30, 35, 24, 42, 26) (23, 16, 36, 17, 38) (47, 40, 12, 41, 14) (3, 1, 27, 25) (4, 7, 13, 21, 46, 15, 28, 31, 37, 45, 22, 39) "
"OP(12,10,6,5,5,4,4,4)",0,Solved,"0,2570"," (4t+2)","0,2610","(\infty, 11, 45, 14, 16, 1, \infty, 25, 40, 38, 21, 35) (44, 6, 3, 9, 46, 20, 30, 27, 33, 22) (2, 23, 10, 26, 47, 34) (15, 8, 0, 18, 43) (39, 32, 24, 42, 19) (13, 17, 5, 4) (37, 41, 29, 28) (12, 7, 36, 31) "
"OP(12,10,6,5,5,3,3,3,3)",0,Solved,"0,0790"," (4t+2)","0,0833","(\infty, 44, 10, 3, 43, 8, \infty, 32, 19, 27, 34, 20) (39, 6, 4, 40, 12, 15, 30, 28, 16, 36) (14, 5, 9, 38, 29, 33) (17, 47, 22, 0, 1) (41, 23, 46, 24, 25) (35, 18, 45) (11, 42, 21) (13, 2, 7) (37, 26, 31) "
"OP(4,10,5,5,4,4,12,3,3)",0,Solved,"0,0580"," (4t+2)","0,0624","(\infty, 4, \infty, 28) (5, 6, 2, 15, 13, 29, 30, 26, 39, 37) (14, 8, 3, 10, 31) (38, 32, 27, 34, 7) (21, 11, 0, 12) (45, 35, 24, 36) (47, 18, 46, 16, 1, 9, 23, 42, 22, 40, 25, 33) (17, 20, 43) (41, 44, 19) "
"OP(12,10,6,4,4,4,4,3,3)",0,Solved,"0,1130"," (4t+2)","0,1167","(\infty, 10, 12, 20, 5, 4, \infty, 28, 29, 44, 36, 34) (3, 19, 14, 11, 31, 27, 43, 38, 35, 7) (13, 22, 1, 37, 46, 25) (18, 8, 21, 47) (42, 32, 45, 23) (9, 2, 16, 39) (33, 26, 40, 15) (6, 17, 0) (30, 41, 24) "
"OP(12,10,6,4,3,3,3,3,3,3)",0,Solved,"0,1090"," (4t+2)","0,1122","(\infty, 41, 13, 3, 10, 23, \infty, 47, 34, 27, 37, 17) (21, 0, 19, 7, 11, 45, 24, 43, 31, 35) (40, 15, 32, 16, 39, 8) (18, 9, 42, 33) (12, 6, 1) (36, 30, 25) (22, 14, 44) (46, 38, 20) (4, 5, 2) (28, 29, 26) "
"OP(4,10,4,5,5,5,5,12)",0,Solved,"0,0410"," (4t+2)","0,0449","(\infty, 2, \infty, 26) (4, 5, 7, 12, 34, 28, 29, 31, 36, 10) (6, 16, 30, 40) (27, 9, 45, 17, 42) (3, 33, 21, 41, 18) (46, 19, 15, 23, 14) (22, 43, 39, 47, 38) (0, 11, 8, 1, 20, 37, 24, 35, 32, 25, 44, 13) "
"OP(12,10,5,5,5,5,4,4)",0,Solved,"0,2180"," (4t+2)","0,2220","(\infty, 19, 37, 23, 46, 11, \infty, 35, 22, 47, 13, 43) (3, 8, 14, 5, 12, 27, 32, 38, 29, 36) (7, 15, 44, 18, 34) (31, 39, 20, 42, 10) (45, 33, 16, 6, 17) (21, 9, 40, 30, 41) (4, 0, 2, 1) (28, 24, 26, 25) "
"OP(4,10,4,4,5,5,12,3,3)",0,Solved,"0,0580"," (4t+2)","0,0612","(\infty, 18, \infty, 42) (47, 21, 8, 1, 11, 23, 45, 32, 25, 35) (13, 4, 6, 12) (37, 28, 30, 36) (17, 44, 33, 14, 0) (41, 20, 9, 38, 24) (43, 15, 40, 22, 7, 3, 19, 39, 16, 46, 31, 27) (2, 5, 10) (26, 29, 34) "
"OP(12,10,5,5,4,4,4,3,3)",0,Solved,"0,0490"," (4t+2)","0,0531","(\infty, 2, 4, 5, 13, 22, \infty, 46, 37, 29, 28, 26) (9, 34, 16, 27, 17, 33, 10, 40, 3, 41) (12, 18, 38, 21, 47) (36, 42, 14, 45, 23) (15, 19, 7, 0) (39, 43, 31, 24) (11, 8, 35, 32) (1, 20, 6) (25, 44, 30) "
"OP(12,10,5,5,3,3,3,3,3,3)",0,Solved,"0,1400"," (4t+2)","0,1436","(\infty, 9, 32, 22, 29, 7, \infty, 31, 5, 46, 8, 33) (41, 1, 34, 4, 21, 17, 25, 10, 28, 45) (36, 37, 16, 30, 24) (12, 13, 40, 6, 0) (43, 27, 14) (19, 3, 38) (11, 2, 39) (35, 26, 15) (20, 23, 18) (44, 47, 42) "
"OP(4,10,4,4,4,4,4,4,12)",0,Solved,"0,0760"," (4t+2)","0,0808","(\infty, 2, \infty, 26) (7, 5, 1, 10, 44, 31, 29, 25, 34, 20) (16, 8, 18, 0) (40, 32, 42, 24) (13, 12, 23, 38) (37, 36, 47, 14) (22, 43, 15, 41) (46, 19, 39, 17) (45, 9, 3, 6, 11, 4, 21, 33, 27, 30, 35, 28) "
"OP(4,10,4,4,4,12,3,3,3,3)",0,Solved,"0,0520"," (4t+2)","0,0566","(\infty, 28, \infty, 4) (40, 20, 9, 14, 30, 16, 44, 33, 38, 6) (3, 34, 1, 42) (27, 10, 25, 18) (32, 26, 8, 2) (21, 0, 35, 23, 22, 19, 45, 24, 11, 47, 46, 43) (39, 31, 29) (15, 7, 5) (13, 36, 17) (37, 12, 41) "
"OP(12,10,4,4,4,4,4,4,4)",0,Solved,"0,1000"," (4t+2)","0,1051","(\infty, 47, 20, 46, 45, 13, \infty, 37, 21, 22, 44, 23) (4, 15, 0, 6, 9, 28, 39, 24, 30, 33) (10, 2, 16, 3) (34, 26, 40, 27) (5, 7, 19, 14) (29, 31, 43, 38) (17, 42, 25, 35) (41, 18, 1, 11) (12, 8, 36, 32) "
"OP(12,10,4,4,4,4,3,3,3,3)",0,Solved,"0,1240"," (4t+2)","0,1278","(\infty, 32, 5, 39, 13, 30, \infty, 6, 37, 15, 29, 8) (33, 42, 26, 24, 44, 9, 18, 2, 0, 20) (41, 3, 28, 47) (17, 27, 4, 23) (45, 38, 46, 34) (21, 14, 22, 10) (25, 40, 43) (1, 16, 19) (35, 36, 31) (11, 12, 7) "
"OP(12,10,4,3,3,3,3,3,3,3,3)",0,Solved,"0,3150"," (4t+2)","0,3186","(\infty, 4, 20, 3, 10, 0, \infty, 24, 34, 27, 44, 28) (41, 11, 16, 13, 42, 17, 35, 40, 37, 18) (9, 5, 33, 29) (45, 23, 8) (21, 47, 32) (14, 6, 12) (38, 30, 36) (19, 7, 46) (43, 31, 22) (1, 15, 2) (25, 39, 26) "
"OP(4,8,8,9,9,12)",0,Solved,"0,0390"," (4t+2)","0,0431","(\infty, 14, \infty, 38) (46, 23, 35, 17, 6, 21, 37, 20) (22, 47, 11, 41, 30, 45, 13, 44) (12, 31, 18, 8, 1, 2, 10, 19, 40) (36, 7, 42, 32, 25, 26, 34, 43, 16) (15, 9, 4, 0, 3, 5, 39, 33, 28, 24, 27, 29) "
"OP(8,8,9,9,12,4)",0,Solved,"0,1780"," (4t+2)","0,1818","(\infty, 21, 36, 19, \infty, 43, 12, 45) (47, 15, 29, 4, 23, 39, 5, 28) (41, 11, 6, 8, 7, 1, 9, 2, 14) (17, 35, 30, 32, 31, 25, 33, 26, 38) (20, 42, 22, 13, 10, 0, 44, 18, 46, 37, 34, 24) (3, 16, 27, 40) "
"OP(6,8,9,9,6,12)",0,Solved,"0,0900"," (4t+2)","0,0936","(\infty, 12, 30, \infty, 6, 36) (26, 9, 37, 28, 2, 33, 13, 4) (44, 34, 5, 3, 47, 42, 15, 31, 43) (20, 10, 29, 27, 23, 18, 39, 7, 19) (14, 11, 25, 38, 35, 1) (45, 8, 41, 0, 40, 46, 21, 32, 17, 24, 16, 22) "
"OP(6,8,9,9,12,3,3)",0,Solved,"0,0450"," (4t+2)","0,0485","(\infty, 6, 14, \infty, 38, 30) (8, 22, 37, 21, 32, 46, 13, 45) (12, 7, 4, 0, 2, 3, 9, 16, 29) (36, 31, 28, 24, 26, 27, 33, 40, 5) (15, 42, 19, 47, 35, 17, 39, 18, 43, 23, 11, 41) (1, 20, 10) (25, 44, 34) "
"OP(4,8,9,9,4,4,12)",0,Solved,"0,0560"," (4t+2)","0,0599","(\infty, 4, \infty, 28) (5, 6, 2, 12, 29, 30, 26, 36) (11, 14, 8, 3, 10, 19, 31, 13, 0) (35, 38, 32, 27, 34, 43, 7, 37, 24) (16, 41, 22, 44) (40, 17, 46, 20) (15, 1, 9, 42, 21, 23, 39, 25, 33, 18, 45, 47) "
"OP(12,9,9,8,8,4)",0,Solved,"0,1090"," (4t+2)","0,1125","(\infty, 45, 20, 22, 9, 5, \infty, 29, 33, 46, 44, 21) (12, 34, 16, 47, 18, 39, 19, 7, 4) (36, 10, 40, 23, 42, 15, 43, 31, 28) (6, 0, 14, 13, 3, 8, 1, 17) (30, 24, 38, 37, 27, 32, 25, 41) (11, 2, 35, 26) "
"OP(6,9,9,7,7,12)",0,Solved,"0,0500"," (4t+2)","0,0544","(\infty, 44, 46, \infty, 22, 20) (0, 25, 35, 26, 47, 34, 40, 4, 33) (24, 1, 11, 2, 23, 10, 16, 28, 9) (41, 42, 39, 43, 32, 6, 36) (17, 18, 15, 19, 8, 30, 12) (7, 38, 45, 29, 37, 3, 31, 14, 21, 5, 13, 27) "
"OP(12,9,9,8,6,6)",0,Solved,"0,0540"," (4t+2)","0,0589","(\infty, 9, 44, 22, 37, 23, \infty, 47, 13, 46, 20, 33) (19, 12, 8, 0, 18, 2, 7, 16, 39) (43, 36, 32, 24, 42, 26, 31, 40, 15) (35, 6, 3, 1, 11, 30, 27, 25) (4, 5, 17, 38, 21, 10) (28, 29, 41, 14, 45, 34) "
"OP(12,9,9,8,6,3,3)",0,Solved,"0,1280"," (4t+2)","0,1326","(\infty, 11, 20, 18, 43, 21, \infty, 45, 19, 42, 44, 35) (23, 39, 10, 3, 0, 12, 40, 22, 8) (47, 15, 34, 27, 24, 36, 16, 46, 32) (9, 5, 13, 2, 33, 29, 37, 26) (17, 4, 14, 41, 28, 38) (7, 1, 6) (31, 25, 30) "
"OP(4,9,9,8,4,4,12)",0,Solved,"0,0650"," (4t+2)","0,0695","(\infty, 3, \infty, 27) (4, 5, 7, 13, 39, 43, 6, 1, 20) (28, 29, 31, 37, 15, 19, 30, 25, 44) (26, 11, 8, 16, 2, 35, 32, 40) (23, 46, 18, 36) (47, 22, 42, 12) (14, 45, 9, 0, 10, 17, 38, 21, 33, 24, 34, 41) "
"OP(12,9,9,8,4,4,4)",0,Solved,"0,0460"," (4t+2)","0,0504","(\infty, 10, 8, 7, 36, 6, \infty, 30, 12, 31, 32, 34) (17, 4, 38, 44, 19, 3, 15, 18, 45) (41, 28, 14, 20, 43, 27, 39, 42, 21) (2, 13, 5, 22, 26, 37, 29, 46) (11, 1, 23, 16) (35, 25, 47, 40) (24, 9, 0, 33) "
"OP(12,9,9,8,3,3,3,3)",0,Solved,"0,0990"," (4t+2)","0,1024","(\infty, 13, 8, 18, 3, 9, \infty, 33, 27, 42, 32, 37) (2, 21, 4, 43, 16, 14, 10, 7, 20) (26, 45, 28, 19, 40, 38, 34, 31, 44) (35, 1, 17, 39, 11, 25, 41, 15) (5, 6, 46) (29, 30, 22) (0, 23, 12) (24, 47, 36) "
"OP(12,9,9,7,7,6)",0,Solved,"0,0820"," (4t+2)","0,0870","(\infty, 4, 5, 7, 10, 14, \infty, 38, 34, 31, 29, 28) (0, 6, 37, 46, 23, 39, 18, 44, 8) (24, 30, 13, 22, 47, 15, 42, 20, 32) (16, 11, 1, 12, 19, 33, 3) (40, 35, 25, 36, 43, 9, 27) (21, 2, 17, 45, 26, 41) "
"OP(12,9,9,7,7,3,3)",0,Solved,"0,0710"," (4t+2)","0,0751","(\infty, 3, 4, 6, 9, 21, \infty, 45, 33, 30, 28, 27) (46, 18, 10, 1, 16, 26, 13, 8, 14) (22, 42, 34, 25, 40, 2, 37, 32, 38) (23, 44, 19, 36, 17, 39, 5) (47, 20, 43, 12, 41, 15, 29) (0, 7, 11) (24, 31, 35) "
"OP(4,9,9,6,6,4,12)",0,Solved,"0,0580"," (4t+2)","0,0623","(\infty, 17, \infty, 41) (12, 0, 14, 21, 47, 16, 39, 9, 44) (36, 24, 38, 45, 23, 40, 15, 33, 20) (5, 10, 43, 22, 11, 3) (29, 34, 19, 46, 35, 27) (2, 6, 26, 30) (8, 7, 1, 4, 13, 42, 32, 31, 25, 28, 37, 18) "
"OP(4,9,9,6,5,5,12)",0,Solved,"0,0490"," (4t+2)","0,0526","(\infty, 8, \infty, 32) (17, 33, 46, 20, 43, 23, 11, 0, 18) (41, 9, 22, 44, 19, 47, 35, 24, 42) (2, 7, 16, 26, 31, 40) (5, 13, 6, 3, 1) (29, 37, 30, 27, 25) (4, 10, 39, 12, 45, 14, 28, 34, 15, 36, 21, 38) "
"OP(6,9,9,6,12,4,4)",0,Solved,"0,0590"," (4t+2)","0,0632","(\infty, 17, 47, \infty, 23, 41) (27, 1, 21, 0, 14, 6, 8, 7, 10) (3, 25, 45, 24, 38, 30, 32, 31, 34) (2, 15, 20, 26, 39, 44) (33, 18, 37, 46, 35, 19, 9, 42, 13, 22, 11, 43) (12, 16, 28, 5) (36, 40, 4, 29) "
"OP(4,9,9,6,4,12,3,3)",0,Solved,"0,0530"," (4t+2)","0,0584","(\infty, 21, \infty, 45) (34, 22, 37, 23, 44, 31, 15, 6, 17) (10, 46, 13, 47, 20, 7, 39, 30, 41) (40, 12, 42, 16, 36, 18) (1, 2, 25, 26) (9, 19, 11, 4, 8, 14, 33, 43, 35, 28, 32, 38) (0, 5, 3) (24, 29, 27) "
"OP(4,9,9,5,5,6,12)",0,Solved,"0,0430"," (4t+2)","0,0473","(\infty, 10, \infty, 34) (32, 47, 13, 42, 22, 33, 15, 3, 16) (8, 23, 37, 18, 46, 9, 39, 27, 40) (4, 7, 11, 1, 2) (28, 31, 35, 25, 26) (43, 17, 44, 19, 41, 20) (21, 12, 5, 0, 6, 14, 45, 36, 29, 24, 30, 38) "
"OP(12,9,9,6,6,4,4)",0,Solved,"0,0570"," (4t+2)","0,0606","(\infty, 8, 19, 37, 22, 14, \infty, 38, 46, 13, 43, 32) (29, 12, 7, 4, 0, 2, 3, 9, 16) (5, 36, 31, 28, 24, 26, 27, 33, 40) (21, 42, 17, 39, 23, 35) (45, 18, 41, 15, 47, 11) (10, 1, 20, 30) (34, 25, 44, 6) "
"OP(12,9,9,6,5,5,4)",0,Solved,"0,0550"," (4t+2)","0,0589","(\infty, 16, 7, 15, 8, 10, \infty, 34, 32, 39, 31, 40) (44, 19, 3, 14, 11, 5, 6, 23, 1) (20, 43, 27, 38, 35, 29, 30, 47, 25) (9, 21, 0, 33, 45, 24) (13, 42, 22, 4, 17) (37, 18, 46, 28, 41) (12, 2, 36, 26) "
"OP(4,9,9,5,5,12,3,3)",0,Solved,"0,0430"," (4t+2)","0,0475","(\infty, 20, \infty, 44) (6, 15, 42, 23, 40, 22, 8, 34, 19) (30, 39, 18, 47, 16, 46, 32, 10, 43) (4, 7, 11, 1, 2) (28, 31, 35, 25, 26) (14, 3, 9, 17, 45, 13, 38, 27, 33, 41, 21, 37) (0, 5, 12) (24, 29, 36) "
"OP(12,9,9,6,4,4,3,3)",0,Solved,"0,0470"," (4t+2)","0,0503","(\infty, 17, 3, 14, 36, 7, \infty, 31, 12, 38, 27, 41) (10, 23, 44, 19, 37, 22, 39, 11, 1) (34, 47, 20, 43, 13, 46, 15, 35, 25) (2, 18, 21, 26, 42, 45) (16, 4, 5, 9) (40, 28, 29, 33) (0, 8, 6) (24, 32, 30) "
"OP(12,9,9,5,5,5,5)",0,Solved,"0,0620"," (4t+2)","0,0661","(\infty, 7, 6, 1, 3, 13, \infty, 37, 27, 25, 30, 31) (10, 42, 19, 40, 12, 4, 11, 22, 41) (34, 18, 43, 16, 36, 28, 35, 46, 17) (44, 9, 5, 2, 8) (20, 33, 29, 26, 32) (45, 15, 0, 14, 23) (21, 39, 24, 38, 47) "
"OP(12,9,9,5,5,4,3,3)",0,Solved,"0,0710"," (4t+2)","0,0751","(\infty, 33, 44, 27, 47, 39, \infty, 15, 23, 3, 20, 9) (5, 38, 22, 28, 40, 35, 1, 8, 30) (29, 14, 46, 4, 16, 11, 25, 32, 6) (37, 41, 43, 42, 24) (13, 17, 19, 18, 0) (34, 31, 10, 7) (26, 36, 45) (2, 12, 21) "
"OP(4,9,9,4,4,4,4,12)",0,Solved,"0,0610"," (4t+2)","0,0648","(\infty, 22, \infty, 46) (12, 0, 9, 23, 44, 18, 35, 19, 37) (36, 24, 33, 47, 20, 42, 11, 43, 13) (7, 15, 10, 3) (31, 39, 34, 27) (6, 5, 2, 8) (30, 29, 26, 32) (1, 16, 45, 17, 4, 14, 25, 40, 21, 41, 28, 38) "
"OP(4,9,9,4,12,3,3,3,3)",0,Solved,"0,0580"," (4t+2)","0,0618","(\infty, 14, \infty, 38) (35, 47, 30, 46, 0, 8, 19, 9, 34) (11, 23, 6, 22, 24, 32, 43, 33, 10) (3, 21, 27, 45) (25, 4, 13, 17, 39, 42, 1, 28, 37, 41, 15, 18) (31, 36, 2) (7, 12, 26) (44, 16, 29) (20, 40, 5) "
"OP(12,9,9,4,4,4,4,4)",0,Solved,"0,0640"," (4t+2)","0,0679","(\infty, 45, 22, 36, 10, 43, \infty, 19, 34, 12, 46, 21) (9, 16, 27, 8, 2, 47, 1, 0, 4) (33, 40, 3, 32, 26, 23, 25, 24, 28) (20, 7, 17, 38) (44, 31, 41, 14) (18, 35, 15, 6) (42, 11, 39, 30) (5, 13, 29, 37) "
"OP(12,9,9,4,4,3,3,3,3)",0,Solved,"0,0610"," (4t+2)","0,0651","(\infty, 43, 46, 24, 6, 25, \infty, 1, 30, 0, 22, 19) (3, 31, 41, 47, 26, 39, 28, 40, 35) (27, 7, 17, 23, 2, 15, 4, 16, 11) (36, 5, 38, 34) (12, 29, 14, 10) (45, 44, 37) (21, 20, 13) (42, 33, 8) (18, 9, 32) "
"OP(6,8,8,8,8,12)",0,Solved,"0,0550"," (4t+2)","0,0586","(\infty, 15, 45, \infty, 21, 39) (10, 5, 3, 6, 14, 13, 4, 0) (34, 29, 27, 30, 38, 37, 28, 24) (35, 19, 7, 1, 12, 32, 47, 18) (11, 43, 31, 25, 36, 8, 23, 42) (2, 9, 22, 44, 17, 40, 26, 33, 46, 20, 41, 16) "
"OP(8,8,8,8,12,6)",0,Solved,"0,1790"," (4t+2)","0,1849","(\infty, 14, 46, 20, \infty, 44, 22, 38) (42, 47, 45, 15, 43, 29, 26, 9) (18, 23, 21, 39, 19, 5, 2, 33) (13, 40, 31, 8, 37, 16, 7, 32) (41, 3, 11, 4, 10, 6, 17, 27, 35, 28, 34, 30) (0, 1, 36, 24, 25, 12) "
"OP(8,8,8,8,12,3,3)",0,Solved,"0,0670"," (4t+2)","0,0743","(\infty, 35, 0, 1, \infty, 25, 24, 11) (4, 6, 9, 19, 13, 20, 38, 15) (28, 30, 33, 43, 37, 44, 14, 39) (10, 2, 46, 3, 34, 26, 22, 27) (7, 21, 12, 40, 18, 47, 31, 45, 36, 16, 42, 23) (5, 17, 32) (29, 41, 8) "
"OP(4,8,8,8,6,4,12)",0,Solved,"0,0540"," (4t+2)","0,0580","(\infty, 20, \infty, 44) (12, 33, 2, 27, 41, 23, 22, 15) (36, 9, 26, 3, 17, 47, 46, 39) (31, 43, 38, 42, 7, 19, 14, 18) (30, 24, 4, 6, 0, 28) (29, 13, 5, 37) (1, 40, 11, 21, 32, 10, 25, 16, 35, 45, 8, 34) "
"OP(4,8,8,8,5,5,12)",0,Solved,"0,0610"," (4t+2)","0,0673","(\infty, 16, \infty, 40) (24, 4, 29, 21, 10, 32, 41, 9) (0, 28, 5, 45, 34, 8, 17, 33) (35, 39, 25, 13, 11, 15, 1, 37) (18, 31, 14, 19, 12) (42, 7, 38, 43, 36) (47, 26, 44, 6, 3, 22, 23, 2, 20, 30, 27, 46) "
"OP(6,8,8,8,12,4,4)",0,Solved,"0,0720"," (4t+2)","0,0786","(\infty, 29, 3, \infty, 27, 5) (11, 36, 6, 15, 8, 10, 7, 47) (35, 12, 30, 39, 32, 34, 31, 23) (44, 45, 17, 1, 20, 21, 41, 25) (9, 26, 40, 19, 4, 46, 33, 2, 16, 43, 28, 22) (24, 13, 18, 14) (0, 37, 42, 38) "
"OP(4,8,8,8,4,12,3,3)",0,Solved,"0,1480"," (4t+2)","0,1548","(\infty, 33, \infty, 9) (34, 4, 38, 12, 3, 41, 29, 2) (10, 28, 14, 36, 27, 17, 5, 26) (7, 1, 45, 16, 31, 25, 21, 40) (0, 23, 24, 47) (43, 6, 46, 11, 8, 39, 19, 30, 22, 35, 32, 15) (13, 18, 20) (37, 42, 44) "
"OP(8,8,8,12,7,7)",0,Solved,"0,1020"," (4t+2)","0,1057","(\infty, 39, 6, 41, \infty, 17, 30, 15) (8, 22, 42, 19, 36, 20, 9, 38) (32, 46, 18, 43, 12, 44, 33, 14) (13, 4, 1, 5, 10, 16, 37, 28, 25, 29, 34, 40) (11, 3, 2, 0, 7, 45, 23) (35, 27, 26, 24, 31, 21, 47) "
"OP(4,8,8,7,7,4,12)",0,Solved,"0,0490"," (4t+2)","0,0526","(\infty, 5, \infty, 29) (8, 9, 15, 22, 13, 47, 11, 0) (32, 33, 39, 46, 37, 23, 35, 24) (18, 2, 6, 16, 34, 21, 38) (42, 26, 30, 40, 10, 45, 14) (3, 1, 27, 25) (4, 7, 12, 41, 20, 43, 28, 31, 36, 17, 44, 19) "
"OP(12,9,8,7,6,5,3)",,Infeasible,,Table config is not valid,,
"OP(8,8,8,12,6,4,4)",0,Solved,"0,2300"," (4t+2)","0,2336","(\infty, 36, 21, 4, \infty, 28, 45, 12) (39, 11, 37, 18, 41, 9, 0, 1) (15, 35, 13, 42, 17, 33, 24, 25) (32, 38, 43, 29, 2, 6, 8, 14, 19, 5, 26, 30) (7, 47, 44, 31, 23, 20) (16, 46, 34, 27) (40, 22, 10, 3) "
"OP(8,8,8,12,5,5,4)",0,Solved,"0,3160"," (4t+2)","0,3203","(\infty, 47, 22, 7, \infty, 31, 46, 23) (3, 2, 0, 9, 19, 36, 18, 11) (27, 26, 24, 33, 43, 12, 42, 35) (14, 41, 13, 39, 20, 6, 38, 17, 37, 15, 44, 30) (16, 4, 1, 5, 10) (40, 28, 25, 29, 34) (8, 21, 32, 45) "
"OP(12,9,8,7,5,3,3,3)",,Infeasible,,Table config is not valid,,
"OP(8,8,8,12,4,4,3,3)",0,Solved,"0,0450"," (4t+2)","0,0484","(\infty, 1, 4, 13, \infty, 37, 28, 25) (3, 2, 0, 5, 9, 15, 23, 10) (27, 26, 24, 29, 33, 39, 47, 34) (18, 44, 14, 31, 16, 6, 42, 20, 38, 7, 40, 30) (12, 41, 21, 46) (36, 17, 45, 22) (35, 19, 8) (11, 43, 32) "
"OP(4,8,8,6,6,6,12)",0,Solved,"0,0460"," (4t+2)","0,0500","(\infty, 16, \infty, 40) (42, 15, 3, 20, 12, 46, 9, 10) (18, 39, 27, 44, 36, 22, 33, 34) (4, 11, 6, 8, 23, 0) (28, 35, 30, 32, 47, 24) (17, 7, 13, 41, 31, 37) (21, 2, 5, 14, 1, 19, 45, 26, 29, 38, 25, 43) "
"OP(6,8,8,6,6,12,4)",0,Solved,"0,0450"," (4t+2)","0,0486","(\infty, 47, 17, \infty, 41, 23) (36, 11, 38, 21, 10, 22, 42, 20) (12, 35, 14, 45, 34, 46, 18, 44) (7, 16, 8, 1, 2, 4) (31, 40, 32, 25, 26, 28) (43, 30, 15, 9, 5, 0, 19, 6, 39, 33, 29, 24) (3, 13, 27, 37) "
"OP(4,8,8,6,6,12,3,3)",0,Solved,"0,0430"," (4t+2)","0,0470","(\infty, 14, \infty, 38) (7, 1, 10, 2, 12, 43, 22, 8) (31, 25, 34, 26, 36, 19, 46, 32) (6, 9, 5, 16, 23, 4) (30, 33, 29, 40, 47, 28) (11, 44, 21, 41, 15, 3, 35, 20, 45, 17, 39, 27) (18, 0, 13) (42, 24, 37) "
"OP(6,8,8,6,12,5,5)",0,Solved,"0,1090"," (4t+2)","0,1122","(\infty, 10, 2, \infty, 26, 34) (8, 5, 41, 7, 16, 22, 20, 3) (32, 29, 17, 31, 40, 46, 44, 27) (0, 23, 45, 24, 47, 21) (6, 43, 28, 9, 13, 14, 30, 19, 4, 33, 37, 38) (36, 1, 39, 11, 18) (12, 25, 15, 35, 42) "
"OP(6,8,8,6,12,4,3,3)",0,Solved,"0,1380"," (4t+2)","0,1417","(\infty, 17, 45, \infty, 21, 41) (10, 9, 1, 6, 12, 42, 23, 37) (34, 33, 25, 30, 36, 18, 47, 13) (19, 8, 20, 43, 32, 44) (3, 5, 15, 46, 14, 40, 27, 29, 39, 22, 38, 16) (11, 2, 35, 26) (4, 7, 0) (28, 31, 24) "
"OP(4,8,8,6,4,4,4,12)",0,Solved,"0,1400"," (4t+2)","0,1447","(\infty, 2, \infty, 26) (19, 7, 0, 9, 13, 34, 16, 45) (43, 31, 24, 33, 37, 10, 40, 21) (15, 47, 14, 39, 23, 38) (11, 8, 6, 5) (35, 32, 30, 29) (1, 12, 25, 36) (22, 17, 3, 20, 28, 18, 46, 41, 27, 44, 4, 42) "
"OP(4,8,8,6,12,3,3,3,3)",0,Solved,"0,0580"," (4t+2)","0,0624","(\infty, 11, \infty, 35) (10, 2, 8, 31, 12, 16, 9, 47) (34, 26, 32, 7, 36, 40, 33, 23) (0, 5, 44, 24, 29, 20) (45, 18, 15, 46, 28, 6, 21, 42, 39, 22, 4, 30) (13, 1, 14) (37, 25, 38) (19, 3, 17) (43, 27, 41) "
"OP(6,8,8,12,5,5,3,3)",0,Solved,"0,0550"," (4t+2)","0,0592","(\infty, 46, 12, \infty, 36, 22) (40, 13, 38, 21, 39, 17, 4, 20) (16, 37, 14, 45, 15, 41, 28, 44) (23, 8, 5, 3, 2, 10, 47, 32, 29, 27, 26, 34) (18, 11, 7, 1, 6) (42, 35, 31, 25, 30) (9, 19, 0) (33, 43, 24) "
"OP(4,8,8,5,5,4,4,12)",0,Solved,"0,0450"," (4t+2)","0,0504","(\infty, 21, \infty, 45) (3, 18, 46, 20, 32, 16, 47, 17) (27, 42, 22, 44, 8, 40, 23, 41) (11, 19, 14, 10, 1) (35, 43, 38, 34, 25) (2, 13, 36, 15) (26, 37, 12, 39) (4, 5, 7, 0, 6, 9, 28, 29, 31, 24, 30, 33) "
"OP(6,8,8,12,4,4,4,4)",0,Solved,"0,0460"," (4t+2)","0,0500","(\infty, 2, 4, \infty, 28, 26) (5, 6, 14, 47, 37, 16, 27, 11) (29, 30, 38, 23, 13, 40, 3, 35) (19, 31, 18, 22, 45, 15, 43, 7, 42, 46, 21, 39) (12, 9, 0, 17) (36, 33, 24, 41) (8, 1, 20, 34) (32, 25, 44, 10) "
"OP(6,8,8,12,4,3,3,3,3)",0,Solved,"0,0690"," (4t+2)","0,0743","(\infty, 28, 22, \infty, 46, 4) (35, 25, 5, 3, 19, 40, 36, 44) (11, 1, 29, 27, 43, 16, 12, 20) (24, 42, 41, 7, 30, 45, 0, 18, 17, 31, 6, 21) (34, 47, 10, 23) (39, 32, 13) (15, 8, 37) (26, 14, 9) (2, 38, 33) "
"OP(4,8,8,4,4,4,12,3,3)",0,Solved,"0,0830"," (4t+2)","0,0873","(\infty, 43, \infty, 19) (11, 28, 27, 13, 15, 45, 32, 23) (35, 4, 3, 37, 39, 21, 8, 47) (7, 14, 34, 12) (31, 38, 10, 36) (26, 29, 2, 5) (6, 0, 16, 1, 9, 20, 30, 24, 40, 25, 33, 44) (42, 17, 46) (18, 41, 22) "
"OP(4,8,8,12,3,3,3,3,3,3)",0,Solved,"0,0450"," (4t+2)","0,0485","(\infty, 19, \infty, 43) (34, 23, 45, 18, 38, 7, 5, 9) (10, 47, 21, 42, 14, 31, 29, 33) (3, 11, 12, 2, 16, 46, 27, 35, 36, 26, 40, 22) (0, 6, 15) (24, 30, 39) (17, 20, 4) (41, 44, 28) (1, 13, 8) (25, 37, 32) "
"OP(12,9,7,7,7,5,3)",,Infeasible,,Table config is not valid,,
"OP(8,8,12,7,7,4,4)",0,Solved,"0,0460"," (4t+2)","0,0498","(\infty, 2, 6, 8, \infty, 32, 30, 26) (13, 12, 3, 14, 37, 36, 27, 38) (46, 16, 43, 15, 10, 0, 22, 40, 19, 39, 34, 24) (9, 23, 4, 7, 20, 5, 45) (33, 47, 28, 31, 44, 29, 21) (18, 1, 17, 11) (42, 25, 41, 35) "
"OP(4,8,7,7,6,6,12)",0,Solved,"0,0490"," (4t+2)","0,0524","(\infty, 19, \infty, 43) (37, 14, 5, 3, 13, 38, 29, 27) (18, 39, 11, 4, 0, 12, 44) (42, 15, 35, 28, 24, 36, 20) (6, 1, 7, 8, 22, 9) (30, 25, 31, 32, 46, 33) (2, 10, 21, 40, 23, 41, 26, 34, 45, 16, 47, 17) "
"OP(6,8,7,7,6,12,4)",0,Solved,"0,1400"," (4t+2)","0,1437","(\infty, 12, 2, \infty, 26, 36) (0, 14, 41, 42, 24, 38, 17, 18) (3, 9, 21, 44, 22, 13, 5) (27, 33, 45, 20, 46, 37, 29) (7, 4, 11, 31, 28, 35) (1, 6, 10, 39, 23, 40, 25, 30, 34, 15, 47, 16) (19, 8, 43, 32) "
"OP(4,8,7,7,6,12,3,3)",0,Solved,"0,0620"," (4t+2)","0,0662","(\infty, \infty, 23, 47) (39, 9, 0, 4, 15, 33, 24, 28) (46, 17, 45, 20, 35, 19, 36) (22, 41, 21, 44, 11, 43, 12) (40, 6, 42, 16, 30, 18) (34, 13, 8, 5, 3, 2, 10, 37, 32, 29, 27, 26) (1, 14, 7) (25, 38, 31) "
"OP(6,8,7,7,12,5,5)",0,Solved,"0,0790"," (4t+2)","0,0832","(\infty, 11, 3, \infty, 27, 35) (7, 0, 6, 2, 31, 24, 30, 26) (17, 43, 18, 23, 37, 16, 4) (41, 19, 42, 47, 13, 40, 28) (1, 10, 20, 9, 8, 5, 25, 34, 44, 33, 32, 29) (15, 45, 12, 14, 46) (39, 21, 36, 38, 22) "
"OP(6,8,7,7,12,4,3,3)",0,Solved,"0,3070"," (4t+2)","0,3111","(\infty, 41, 47, \infty, 23, 17) (15, 4, 0, 30, 39, 28, 24, 6) (34, 2, 3, 37, 11, 14, 22) (10, 26, 27, 13, 35, 38, 46) (1, 8, 36, 9, 7, 42, 25, 32, 12, 33, 31, 18) (45, 40, 21, 16) (5, 43, 20) (29, 19, 44) "
"OP(4,8,7,7,4,4,4,12)",0,Solved,"0,0370"," (4t+2)","0,0415","(\infty, 18, \infty, 42) (10, 28, 25, 23, 34, 4, 1, 47) (17, 13, 38, 33, 11, 24, 3) (41, 37, 14, 9, 35, 0, 27) (22, 39, 19, 31) (46, 15, 43, 7) (16, 32, 40, 8) (45, 26, 20, 30, 29, 36, 21, 2, 44, 6, 5, 12) "
"OP(4,8,7,7,12,3,3,3,3)",0,Solved,"0,0710"," (4t+2)","0,0746","(\infty, 29, \infty, 5) (33, 47, 38, 25, 9, 23, 14, 1) (32, 7, 34, 6, 28, 40, 3) (8, 31, 10, 30, 4, 16, 27) (2, 46, 39, 24, 41, 44, 26, 22, 15, 0, 17, 20) (43, 45, 35) (19, 21, 11) (36, 42, 37) (12, 18, 13) "
"OP(8,8,12,6,6,6,4)",0,Solved,"0,2600"," (4t+2)","0,2639","(\infty, 17, 2, 3, \infty, 27, 26, 41) (4, 6, 9, 18, 28, 30, 33, 42) (14, 20, 12, 19, 31, 10, 38, 44, 36, 43, 7, 34) (11, 37, 23, 39, 16, 46) (35, 13, 47, 15, 40, 22) (21, 32, 1, 45, 8, 25) (5, 0, 29, 24) "
"OP(8,8,12,6,6,5,5)",0,Solved,"0,0720"," (4t+2)","0,0758","(\infty, 30, 3, 0, \infty, 24, 27, 6) (10, 43, 44, 22, 34, 19, 20, 46) (16, 41, 12, 23, 9, 5, 40, 17, 36, 47, 33, 29) (1, 7, 15, 45, 13, 8) (25, 31, 39, 21, 37, 32) (42, 14, 4, 2, 11) (18, 38, 28, 26, 35) "
"OP(8,8,12,6,6,4,3,3)",0,Solved,"0,0740"," (4t+2)","0,0777","(\infty, 2, 47, 8, \infty, 32, 23, 26) (3, 10, 12, 44, 27, 34, 36, 20) (37, 0, 22, 43, 1, 41, 13, 24, 46, 19, 25, 17) (40, 5, 38, 9, 45, 15) (16, 29, 14, 33, 21, 39) (42, 28, 18, 4) (11, 7, 6) (35, 31, 30) "
"OP(8,8,12,6,5,5,3,3)",0,Solved,"0,1470"," (4t+2)","0,1504","(\infty, 16, 0, 46, \infty, 22, 24, 40) (45, 2, 5, 30, 21, 26, 29, 6) (18, 3, 32, 31, 11, 28, 42, 27, 8, 7, 35, 4) (36, 43, 47, 12, 19, 23) (20, 10, 37, 25, 14) (44, 34, 13, 1, 38) (39, 9, 17) (15, 33, 41) "
"OP(12,9,7,6,5,4,4,3)",,Infeasible,,Table config is not valid,,
"OP(8,8,12,6,4,4,4,4)",0,Solved,"0,1460"," (4t+2)","0,1514","(\infty, 45, 6, 31, \infty, 7, 30, 21) (8, 0, 33, 44, 32, 24, 9, 20) (28, 38, 11, 25, 3, 47, 4, 14, 35, 1, 27, 23) (10, 39, 41, 34, 15, 17) (18, 36, 37, 5) (42, 12, 13, 29) (40, 46, 26, 43) (16, 22, 2, 19) "
"OP(8,8,12,6,4,3,3,3,3)",0,Solved,"0,0420"," (4t+2)","0,0454","(\infty, 32, 34, 38, \infty, 14, 10, 8) (11, 39, 36, 30, 35, 15, 12, 6) (20, 21, 2, 25, 41, 29, 44, 45, 26, 1, 17, 5) (0, 9, 46, 24, 33, 22) (23, 40, 47, 16) (42, 28, 7) (18, 4, 31) (27, 37, 19) (3, 13, 43) "
"OP(12,9,7,5,5,5,4,3)",,Infeasible,,Table config is not valid,,
"OP(8,8,12,5,5,4,4,4)",0,Solved,"0,1340"," (4t+2)","0,1382","(\infty, 39, 16, 47, \infty, 23, 40, 15) (18, 5, 41, 22, 42, 29, 17, 46) (0, 3, 1, 7, 8, 35, 24, 27, 25, 31, 32, 11) (43, 21, 12, 28, 13) (19, 45, 36, 4, 37) (2, 9, 14, 6) (26, 33, 38, 30) (20, 10, 44, 34) "
"OP(8,8,12,5,5,3,3,3,3)",0,Solved,"0,0780"," (4t+2)","0,0826","(\infty, 30, 8, 40, \infty, 16, 32, 6) (43, 23, 2, 38, 19, 47, 26, 14) (37, 46, 15, 7, 25, 0, 13, 22, 39, 31, 1, 24) (28, 27, 41, 36, 34) (4, 3, 17, 12, 10) (33, 29, 44) (9, 5, 20) (35, 42, 45) (11, 18, 21) "
"OP(12,9,7,5,4,4,3,3,3)",,Infeasible,,Table config is not valid,,
"OP(8,8,12,4,4,4,4,3,3)",0,Solved,"0,1210"," (4t+2)","0,1246","(\infty, 47, 10, 11, \infty, 35, 34, 23) (13, 0, 8, 17, 37, 24, 32, 41) (12, 6, 4, 7, 3, 19, 36, 30, 28, 31, 27, 43) (16, 46, 21, 42) (40, 22, 45, 18) (20, 1, 15, 5) (44, 25, 39, 29) (2, 14, 9) (26, 38, 33) "
"OP(8,8,12,4,3,3,3,3,3,3)",0,Solved,"0,0770"," (4t+2)","0,0824","(\infty, 29, 7, 39, \infty, 15, 31, 5) (34, 33, 23, 27, 10, 9, 47, 3) (40, 1, 26, 44, 36, 43, 16, 25, 2, 20, 12, 19) (41, 46, 17, 22) (38, 32, 4) (14, 8, 28) (35, 24, 37) (11, 0, 13) (42, 30, 45) (18, 6, 21) "
"OP(6,8,6,6,6,6,12)",0,Solved,"0,0490"," (4t+2)","0,0536","(\infty, 2, 4, \infty, 28, 26) (5, 6, 9, 14, 29, 30, 33, 38) (7, 16, 27, 13, 34, 17) (31, 40, 3, 37, 10, 41) (11, 46, 21, 15, 23, 43) (35, 22, 45, 39, 47, 19) (0, 12, 8, 1, 20, 42, 24, 36, 32, 25, 44, 18) "
"OP(6,8,6,6,6,12,3,3)",0,Solved,"0,2300"," (4t+2)","0,2337","(\infty, 17, 5, \infty, 29, 41) (34, 43, 32, 3, 10, 19, 8, 27) (16, 37, 9, 47, 45, 2) (40, 13, 33, 23, 21, 26) (38, 22, 44, 14, 46, 20) (11, 42, 0, 4, 1, 36, 35, 18, 24, 28, 25, 12) (6, 39, 31) (30, 15, 7) "
"OP(4,8,6,6,6,4,4,12)",0,Solved,"0,0400"," (4t+2)","0,0435","(\infty, 17, \infty, 41) (9, 12, 45, 23, 33, 36, 21, 47) (15, 6, 14, 16, 37, 3) (39, 30, 38, 40, 13, 27) (10, 11, 4, 34, 35, 28) (18, 43, 8, 24) (42, 19, 32, 0) (44, 7, 2, 22, 5, 1, 20, 31, 26, 46, 29, 25) "
"OP(4,8,6,6,5,5,4,12)",0,Solved,"0,1550"," (4t+2)","0,1587","(\infty, 38, \infty, 14) (41, 44, 31, 33, 17, 20, 7, 9) (29, 28, 36, 10, 43, 24) (5, 4, 12, 34, 19, 0) (46, 37, 26, 1, 42) (22, 13, 2, 25, 18) (40, 30, 16, 6) (35, 8, 39, 45, 27, 47, 11, 32, 15, 21, 3, 23) "
"OP(6,8,6,6,12,4,4,4)",0,Solved,"0,1380"," (4t+2)","0,1421","(\infty, 13, 15, \infty, 39, 37) (43, 10, 31, 44, 19, 34, 7, 20) (32, 28, 47, 35, 27, 26) (8, 4, 23, 11, 3, 2) (6, 45, 42, 25, 41, 0, 30, 21, 18, 1, 17, 24) (29, 9, 14, 40) (5, 33, 38, 16) (12, 22, 36, 46) "
"OP(6,8,6,6,12,3,3,3,3)",0,Solved,"0,1210"," (4t+2)","0,1244","(\infty, 17, 5, \infty, 29, 41) (9, 18, 37, 19, 33, 42, 13, 43) (7, 32, 10, 11, 4, 12) (31, 8, 34, 35, 28, 36) (2, 22, 6, 23, 20, 16, 26, 46, 30, 47, 44, 40) (21, 15, 0) (45, 39, 24) (3, 14, 1) (27, 38, 25) "
"OP(4,8,6,6,4,4,12,3,3)",0,Solved,"0,0590"," (4t+2)","0,0627","(\infty, 20, \infty, 44) (37, 6, 32, 42, 13, 30, 8, 18) (35, 46, 41, 38, 23, 7) (11, 22, 17, 14, 47, 31) (34, 40, 39, 26) (10, 16, 15, 2) (27, 36, 29, 43, 45, 33, 3, 12, 5, 19, 21, 9) (28, 1, 24) (4, 25, 0) "
"OP(4,8,6,5,5,5,5,12)",0,Solved,"0,0420"," (4t+2)","0,0464","(\infty, 11, \infty, 35) (16, 8, 5, 3, 40, 32, 29, 27) (21, 43, 12, 45, 19, 36) (4, 0, 14, 34, 13) (28, 24, 38, 10, 37) (1, 6, 18, 17, 7) (25, 30, 42, 41, 31) (2, 9, 22, 47, 15, 44, 26, 33, 46, 23, 39, 20) "
"OP(6,8,6,12,5,5,4,4)",0,Solved,"0,0480"," (4t+2)","0,0514","(\infty, 13, 43, \infty, 19, 37) (46, 7, 1, 44, 22, 31, 25, 20) (15, 42, 11, 39, 18, 35) (9, 6, 17, 3, 10, 8, 33, 30, 41, 27, 34, 32) (0, 16, 45, 5, 4) (24, 40, 21, 29, 28) (47, 12, 2, 14) (23, 36, 26, 38) "
"OP(4,8,6,5,5,4,12,3,3)",0,Solved,"0,0850"," (4t+2)","0,0889","(\infty, 2, \infty, 26) (4, 5, 7, 45, 28, 29, 31, 21) (8, 11, 44, 32, 35, 20) (9, 13, 18, 10, 23) (33, 37, 42, 34, 47) (6, 0, 30, 24) (27, 38, 22, 41, 16, 25, 3, 14, 46, 17, 40, 1) (12, 19, 39) (36, 43, 15) "
"OP(6,8,6,12,4,4,4,3,3)",0,Solved,"0,1420"," (4t+2)","0,1469","(\infty, 40, 10, \infty, 34, 16) (8, 7, 42, 17, 32, 31, 18, 41) (2, 4, 9, 26, 28, 33) (23, 39, 20, 14, 6, 13, 47, 15, 44, 38, 30, 37) (22, 43, 21, 11) (46, 19, 45, 35) (5, 1, 29, 25) (12, 3, 0) (36, 27, 24) "
"OP(6,8,6,12,3,3,3,3,3,3)",0,Solved,"0,0430"," (4t+2)","0,0468","(\infty, 17, 5, \infty, 29, 41) (16, 7, 3, 33, 40, 31, 27, 9) (45, 0, 2, 21, 24, 26) (10, 47, 19, 25, 8, 13, 34, 23, 43, 1, 32, 37) (14, 39, 6) (38, 15, 30) (35, 22, 36) (11, 46, 12) (42, 4, 20) (18, 28, 44) "
"OP(4,8,6,4,4,4,4,4,12)",0,Solved,"0,1070"," (4t+2)","0,1117","(\infty, 19, \infty, 43) (8, 0, 1, 3, 32, 24, 25, 27) (39, 2, 5, 15, 26, 29) (4, 9, 13, 20) (28, 33, 37, 44) (7, 21, 46, 34) (31, 45, 22, 10) (14, 23, 38, 47) (18, 35, 17, 30, 36, 16, 42, 11, 41, 6, 12, 40) "
"OP(4,8,6,4,4,12,3,3,3,3)",0,Solved,"0,0540"," (4t+2)","0,0584","(\infty, 21, \infty, 45) (2, 4, 11, 10, 26, 28, 35, 34) (20, 43, 14, 44, 19, 38) (7, 16, 5, 1) (31, 40, 29, 25) (12, 22, 39, 17, 37, 23, 36, 46, 15, 41, 13, 47) (18, 6, 33) (42, 30, 9) (0, 8, 3) (24, 32, 27) "
"OP(6,8,12,5,5,5,5,4)",0,Solved,"0,1980"," (4t+2)","0,2019","(\infty, 21, 19, \infty, 43, 45) (36, 10, 44, 15, 12, 34, 20, 39) (4, 22, 13, 38, 5, 16, 28, 46, 37, 14, 29, 40) (3, 9, 1, 8, 35) (27, 33, 25, 32, 11) (0, 17, 7, 42, 47) (24, 41, 31, 18, 23) (6, 2, 30, 26) "
"OP(4,8,5,5,5,5,12,3,3)",0,Solved,"0,0460"," (4t+2)","0,0491","(\infty, 7, \infty, 31) (8, 17, 37, 22, 32, 41, 13, 46) (4, 6, 9, 14, 0) (28, 30, 33, 38, 24) (2, 3, 10, 16, 29) (26, 27, 34, 40, 5) (19, 45, 15, 47, 35, 18, 43, 21, 39, 23, 11, 42) (1, 20, 12) (25, 44, 36) "
"OP(6,8,12,5,5,4,4,3,3)",0,Solved,"0,0470"," (4t+2)","0,0514","(\infty, 17, 47, \infty, 23, 41) (16, 28, 7, 8, 40, 4, 31, 32) (21, 36, 25, 18, 5, 19, 45, 12, 1, 42, 29, 43) (13, 30, 33, 10, 15) (37, 6, 9, 34, 39) (27, 35, 26, 46) (3, 11, 2, 22) (38, 44, 0) (14, 20, 24) "
"OP(4,8,5,5,4,4,4,4,12)",0,Solved,"0,1030"," (4t+2)","0,1065","(\infty, 20, \infty, 44) (15, 43, 14, 6, 39, 19, 38, 30) (7, 17, 4, 0, 2) (31, 41, 28, 24, 26) (21, 46, 16, 37) (45, 22, 40, 13) (3, 12, 9, 10) (27, 36, 33, 34) (1, 23, 11, 5, 42, 8, 25, 47, 35, 29, 18, 32) "
"OP(4,8,5,5,4,12,3,3,3,3)",0,Solved,"0,0440"," (4t+2)","0,0479","(\infty, 1, \infty, 25) (12, 3, 9, 2, 36, 27, 33, 26) (0, 22, 21, 4, 8) (24, 46, 45, 28, 32) (17, 6, 41, 30) (37, 19, 7, 23, 42, 40, 13, 43, 31, 47, 18, 16) (5, 10, 20) (29, 34, 44) (14, 39, 11) (38, 15, 35) "
"OP(6,8,12,4,4,4,4,4,4)",0,Solved,"0,0960"," (4t+2)","0,0995","(\infty, 34, 4, \infty, 28, 10) (6, 12, 7, 14, 30, 36, 31, 38) (8, 16, 37, 26, 17, 42, 32, 40, 13, 2, 41, 18) (1, 0, 3, 5) (25, 24, 27, 29) (35, 22, 39, 20) (11, 46, 15, 44) (9, 21, 43, 23) (33, 45, 19, 47) "
"OP(6,8,12,4,4,4,3,3,3,3)",0,Solved,"0,0750"," (4t+2)","0,0787","(\infty, 9, 37, \infty, 13, 33) (30, 15, 4, 2, 6, 39, 28, 26) (40, 18, 21, 7, 1, 8, 16, 42, 45, 31, 25, 32) (14, 5, 17, 44) (38, 29, 41, 20) (22, 3, 46, 27) (0, 10, 23) (24, 34, 47) (43, 12, 11) (19, 36, 35) "
"OP(6,8,12,3,3,3,3,3,3,3,3)",0,Solved,"0,3660"," (4t+2)","0,3701","(\infty, 8, 22, \infty, 46, 32) (0, 17, 28, 47, 24, 41, 4, 23) (12, 13, 40, 20, 38, 45, 36, 37, 16, 44, 14, 21) (18, 3, 6) (42, 27, 30) (10, 15, 2) (34, 39, 26) (19, 9, 35) (43, 33, 11) (1, 7, 5) (25, 31, 29) "
"OP(4,8,4,4,4,4,4,12,3,3)",0,Solved,"0,1230"," (4t+2)","0,1271","(\infty, 10, \infty, 34) (4, 12, 13, 38, 28, 36, 37, 14) (9, 43, 23, 5) (33, 19, 47, 29) (18, 6, 22, 7) (42, 30, 46, 31) (3, 1, 27, 25) (40, 11, 20, 17, 0, 21, 16, 35, 44, 41, 24, 45) (15, 2, 8) (39, 26, 32) "
"OP(4,8,4,4,12,3,3,3,3,3,3)",0,Solved,"0,0380"," (4t+2)","0,0421","(\infty, 42, \infty, 18) (33, 45, 24, 44, 9, 21, 0, 20) (1, 41, 7, 32) (25, 17, 31, 8) (37, 39, 29, 38, 43, 46, 13, 15, 5, 14, 19, 22) (35, 36, 6) (11, 12, 30) (47, 40, 3) (23, 16, 27) (2, 28, 34) (26, 4, 10) "
"OP(12,8,8,8,8,6)",0,Solved,"0,0420"," (4t+2)","0,0457","(\infty, 4, 13, 23, 43, 18, \infty, 42, 19, 47, 37, 28) (9, 21, 39, 22, 35, 14, 36, 20) (33, 45, 15, 46, 11, 38, 12, 44) (1, 2, 8, 16, 31, 17, 10, 6) (25, 26, 32, 40, 7, 41, 34, 30) (0, 3, 5, 24, 27, 29) "
"OP(12,8,8,8,8,3,3)",0,Solved,"0,0450"," (4t+2)","0,0492","(\infty, 4, 14, 30, 47, 20, \infty, 44, 23, 6, 38, 28) (17, 37, 15, 40, 22, 10, 21, 36) (41, 13, 39, 16, 46, 34, 45, 12) (1, 2, 9, 18, 32, 19, 11, 7) (25, 26, 33, 42, 8, 43, 35, 31) (0, 5, 3) (24, 29, 27) "
"OP(12,8,8,8,7,7)",0,Solved,"0,0530"," (4t+2)","0,0586","(\infty, 21, 38, 12, 5, 3, \infty, 27, 29, 36, 14, 45) (44, 16, 7, 4, 0, 13, 47, 15) (20, 40, 31, 28, 24, 37, 23, 39) (1, 6, 17, 35, 25, 30, 41, 11) (10, 2, 8, 9, 42, 19, 46) (34, 26, 32, 33, 18, 43, 22) "
"OP(4,7,7,8,8,4,12)",0,Solved,"0,1100"," (4t+2)","0,1138","(\infty, 3, \infty, 27) (23, 6, 7, 22, 28, 17, 37) (47, 30, 31, 46, 4, 41, 13) (43, 18, 15, 11, 40, 38, 0, 36) (19, 42, 39, 35, 16, 14, 24, 12) (9, 1, 33, 25) (8, 29, 20, 2, 45, 10, 32, 5, 44, 26, 21, 34) "
"OP(4,8,8,8,5,5,12)",0,Solved,"0,0610"," (4t+2)","0,0651","(\infty, 16, \infty, 40) (24, 4, 29, 21, 10, 32, 41, 9) (0, 28, 5, 45, 34, 8, 17, 33) (35, 39, 25, 13, 11, 15, 1, 37) (18, 31, 14, 19, 12) (42, 7, 38, 43, 36) (47, 26, 44, 6, 3, 22, 23, 2, 20, 30, 27, 46) "
"OP(12,8,8,8,6,4,4)",0,Solved,"0,1810"," (4t+2)","0,1855","(\infty, 0, 7, 15, 32, 16, \infty, 40, 8, 39, 31, 24) (45, 18, 38, 23, 41, 22, 36, 10) (21, 42, 14, 47, 17, 46, 12, 34) (1, 3, 4, 13, 25, 27, 28, 37) (44, 19, 9, 20, 43, 33) (5, 2, 6, 11) (29, 26, 30, 35) "
"OP(12,8,8,8,5,5,4)",0,Solved,"0,0500"," (4t+2)","0,0543","(\infty, 2, 4, 7, 6, 22, \infty, 46, 30, 31, 28, 26) (21, 33, 16, 27, 17, 37, 19, 42) (45, 9, 40, 3, 41, 13, 43, 18) (36, 23, 15, 34, 12, 47, 39, 10) (5, 0, 14, 8, 1) (29, 24, 38, 32, 25) (20, 11, 44, 35) "
"OP(4,8,8,8,4,12,3,3)",0,Solved,"0,1420"," (4t+2)","0,1455","(\infty, 33, \infty, 9) (34, 4, 38, 12, 3, 41, 29, 2) (10, 28, 14, 36, 27, 17, 5, 26) (7, 1, 45, 16, 31, 25, 21, 40) (0, 23, 24, 47) (43, 6, 46, 11, 8, 39, 19, 30, 22, 35, 32, 15) (13, 18, 20) (37, 42, 44) "
"OP(12,8,8,8,4,4,3,3)",0,Solved,"0,0490"," (4t+2)","0,0524","(\infty, 16, 47, 14, 34, 20, \infty, 44, 10, 38, 23, 40) (33, 17, 8, 18, 37, 15, 45, 22) (9, 41, 32, 42, 13, 39, 21, 46) (1, 2, 6, 12, 25, 26, 30, 36) (11, 4, 31, 19) (35, 28, 7, 43) (0, 5, 3) (24, 29, 27) "
"OP(4,8,8,7,7,4,12)",0,Solved,"0,0490"," (4t+2)","0,0532","(\infty, 5, \infty, 29) (8, 9, 15, 22, 13, 47, 11, 0) (32, 33, 39, 46, 37, 23, 35, 24) (18, 2, 6, 16, 34, 21, 38) (42, 26, 30, 40, 10, 45, 14) (3, 1, 27, 25) (4, 7, 12, 41, 20, 43, 28, 31, 36, 17, 44, 19) "
"OP(12,8,8,7,7,4,4)",0,Solved,"0,0540"," (4t+2)","0,0585","(\infty, 2, 4, 5, 17, 12, \infty, 36, 41, 29, 28, 26) (23, 37, 16, 27, 7, 38, 22, 45) (47, 13, 40, 3, 31, 14, 46, 21) (18, 33, 15, 19, 6, 0, 10) (42, 9, 39, 43, 30, 24, 34) (8, 1, 20, 11) (32, 25, 44, 35) "
"OP(4,7,7,8,6,6,12)",0,Solved,"0,0520"," (4t+2)","0,0560","(\infty, 17, \infty, 41) (23, 13, 5, 3, 6, 11, 36) (47, 37, 29, 27, 30, 35, 12) (4, 0, 15, 42, 28, 24, 39, 18) (7, 1, 10, 22, 38, 8) (31, 25, 34, 46, 14, 32) (2, 9, 20, 40, 21, 43, 26, 33, 44, 16, 45, 19) "
"OP(6,7,7,8,6,12,4)",0,Solved,"0,0440"," (4t+2)","0,0481","(\infty, 11, 1, \infty, 25, 35) (7, 15, 43, 8, 9, 5, 22) (31, 39, 19, 32, 33, 29, 46) (12, 18, 6, 17, 36, 42, 30, 41) (10, 3, 0, 34, 27, 24) (47, 4, 13, 45, 20, 2, 23, 28, 37, 21, 44, 26) (16, 14, 40, 38) "
"OP(4,7,7,8,6,12,3,3)",0,Solved,"0,0950"," (4t+2)","0,0985","(\infty, 7, \infty, 31) (1, 14, 4, 15, 41, 10, 2) (25, 38, 28, 39, 17, 34, 26) (16, 9, 11, 8, 40, 33, 35, 32) (43, 23, 5, 19, 47, 29) (22, 37, 18, 6, 12, 3, 46, 13, 42, 30, 36, 27) (44, 0, 21) (20, 24, 45) "
"OP(6,7,7,8,12,5,5)",0,Solved,"0,0580"," (4t+2)","0,0625","(\infty, 6, 4, \infty, 28, 30) (13, 21, 2, 12, 18, 46, 10) (37, 45, 26, 36, 42, 22, 34) (5, 0, 35, 14, 29, 24, 11, 38) (3, 44, 7, 23, 19, 41, 27, 20, 31, 47, 43, 17) (1, 32, 9, 39, 40) (25, 8, 33, 15, 16) "
"OP(6,7,7,8,12,4,3,3)",0,Solved,"0,0560"," (4t+2)","0,0606","(\infty, \infty, 23, 5, 29, 47) (11, 22, 6, 9, 43, 20, 3) (35, 46, 30, 33, 19, 44, 27) (12, 0, 10, 1, 36, 24, 34, 25) (2, 8, 4, 45, 40, 7, 26, 32, 28, 21, 16, 31) (13, 15, 37, 39) (41, 42, 14) (17, 18, 38) "
"OP(4,7,7,8,4,4,4,12)",0,Solved,"0,1280"," (4t+2)","0,1329","(\infty, 17, \infty, 41) (23, 1, 11, 43, 12, 46, 5) (47, 25, 35, 19, 36, 22, 29) (10, 2, 8, 6, 34, 26, 32, 30) (4, 16, 3, 7) (28, 40, 27, 31) (15, 0, 39, 24) (45, 20, 9, 14, 13, 42, 21, 44, 33, 38, 37, 18) "
"OP(4,7,7,8,12,3,3,3,3)",0,Solved,"0,0510"," (4t+2)","0,0553","(\infty, 2, \infty, 26) (4, 5, 7, 12, 19, 42, 16) (28, 29, 31, 36, 43, 18, 40) (27, 47, 13, 9, 3, 23, 37, 33) (17, 30, 45, 15, 46, 14, 41, 6, 21, 39, 22, 38) (0, 11, 8) (24, 35, 32) (1, 20, 10) (25, 44, 34) "
"OP(12,8,8,6,6,6,4)",0,Solved,"0,0520"," (4t+2)","0,0556","(\infty, 2, 4, 5, 9, 14, \infty, 38, 33, 29, 28, 26) (7, 43, 16, 27, 18, 41, 23, 45) (31, 19, 40, 3, 42, 17, 47, 21) (6, 34, 15, 46, 13, 0) (30, 10, 39, 22, 37, 24) (11, 8, 1, 35, 32, 25) (20, 12, 44, 36) "
"OP(12,8,8,6,6,5,5)",0,Solved,"0,0440"," (4t+2)","0,0482","(\infty, 33, 17, 6, 16, 31, \infty, 7, 40, 30, 41, 9) (44, 15, 43, 18, 35, 23, 36, 10) (20, 39, 19, 42, 11, 47, 12, 34) (1, 2, 4, 22, 13, 5) (25, 26, 28, 46, 37, 29) (14, 21, 0, 3, 8) (38, 45, 24, 27, 32) "
"OP(12,8,8,6,6,4,3,3)",0,Solved,"0,0450"," (4t+2)","0,0491","(\infty, 19, 42, 20, 36, 9, \infty, 33, 12, 44, 18, 43) (11, 30, 15, 3, 0, 5, 13, 22) (35, 6, 39, 27, 24, 29, 37, 46) (1, 21, 14, 8, 4, 2) (25, 45, 38, 32, 28, 26) (7, 17, 31, 41) (10, 40, 23) (34, 16, 47) "
"OP(12,8,8,6,5,5,3,3)",0,Solved,"0,0480"," (4t+2)","0,0526","(\infty, 2, 3, 5, 8, 14, \infty, 38, 32, 29, 27, 26) (1, 6, 10, 17, 31, 43, 20, 9) (25, 30, 34, 41, 7, 19, 44, 33) (11, 37, 22, 35, 13, 46) (39, 12, 21, 40, 23) (15, 36, 45, 16, 47) (18, 0, 28) (42, 24, 4) "
"OP(4,8,8,5,5,4,4,12)",0,Solved,"0,0440"," (4t+2)","0,0480","(\infty, 21, \infty, 45) (3, 18, 46, 20, 32, 16, 47, 17) (27, 42, 22, 44, 8, 40, 23, 41) (11, 19, 14, 10, 1) (35, 43, 38, 34, 25) (2, 13, 36, 15) (26, 37, 12, 39) (4, 5, 7, 0, 6, 9, 28, 29, 31, 24, 30, 33) "
"OP(12,8,8,6,4,4,4,4)",0,Solved,"0,0710"," (4t+2)","0,0756","(\infty, 34, 2, 7, 35, 0, \infty, 24, 11, 31, 26, 10) (38, 47, 32, 46, 27, 4, 30, 37) (14, 23, 8, 22, 3, 28, 6, 13) (33, 44, 36, 9, 20, 12) (25, 43, 40, 42) (1, 19, 16, 18) (41, 45, 39, 29) (17, 21, 15, 5) "
"OP(12,8,8,6,4,3,3,3,3)",0,Solved,"0,0910"," (4t+2)","0,0958","(\infty, 44, 41, 8, 39, 2, \infty, 26, 15, 32, 17, 20) (38, 4, 29, 47, 37, 30, 1, 40) (14, 28, 5, 23, 13, 6, 25, 16) (3, 43, 0, 27, 19, 24) (7, 35, 31, 11) (46, 45, 33) (22, 21, 9) (36, 42, 10) (12, 18, 34) "
"OP(4,8,8,4,4,5,5,12)",0,Solved,"0,0450"," (4t+2)","0,0489","(\infty, \infty, 23, 47) (35, 13, 38, 22, 33, 19, 7, 20) (11, 37, 14, 46, 9, 43, 31, 44) (40, 10, 41, 21) (16, 34, 17, 45) (1, 2, 4, 12, 5) (25, 26, 28, 36, 29) (42, 15, 6, 0, 3, 8, 18, 39, 30, 24, 27, 32) "
"OP(12,8,8,5,5,4,4,4)",0,Solved,"0,0730"," (4t+2)","0,0775","(\infty, 1, 38, 35, 42, 27, \infty, 3, 18, 11, 14, 25) (45, 47, 33, 43, 4, 36, 44, 24) (21, 23, 9, 19, 28, 12, 20, 0) (6, 32, 7, 37, 2) (30, 8, 31, 13, 26) (41, 29, 46, 40) (17, 5, 22, 16) (39, 34, 15, 10) "
"OP(12,8,8,5,5,3,3,3,3)",0,Solved,"0,1300"," (4t+2)","0,1366","(\infty, 14, 36, 15, 1, 6, \infty, 30, 25, 39, 12, 38) (18, 21, 22, 35, 23, 41, 10, 43) (42, 45, 46, 11, 47, 17, 34, 19) (5, 3, 9, 20, 13) (29, 27, 33, 44, 37) (16, 26, 7) (40, 2, 31) (24, 4, 8) (0, 28, 32) "
"OP(4,8,8,4,4,4,12,3,3)",0,Solved,"0,0740"," (4t+2)","0,0784","(\infty, 43, \infty, 19) (11, 28, 27, 13, 15, 45, 32, 23) (35, 4, 3, 37, 39, 21, 8, 47) (7, 14, 34, 12) (31, 38, 10, 36) (26, 29, 2, 5) (6, 0, 16, 1, 9, 20, 30, 24, 40, 25, 33, 44) (42, 17, 46) (18, 41, 22) "
"OP(12,8,8,4,4,4,4,3,3)",0,Solved,"0,0400"," (4t+2)","0,0460","(\infty, 8, 2, 11, 4, 6, \infty, 30, 28, 35, 26, 32) (41, 12, 1, 13, 14, 9, 43, 16) (17, 36, 25, 37, 38, 33, 19, 40) (46, 15, 5, 20) (22, 39, 29, 44) (0, 45, 10, 18) (24, 21, 34, 42) (3, 23, 7) (27, 47, 31) "
"OP(12,8,8,4,3,3,3,3,3,3)",0,Solved,"0,0560"," (4t+2)","0,0602","(\infty, 41, 1, 39, 10, 19, \infty, 43, 34, 15, 25, 17) (23, 0, 3, 5, 38, 16, 12, 44) (47, 24, 27, 29, 14, 40, 36, 20) (4, 22, 28, 46) (6, 18, 11) (30, 42, 35) (2, 13, 33) (26, 37, 9) (21, 7, 8) (45, 31, 32) "
"OP(4,7,7,7,7,6,12)",0,Solved,"0,0420"," (4t+2)","0,0460","(\infty, 9, \infty, 33) (10, 17, 39, 19, 46, 12, 23) (34, 41, 15, 43, 22, 36, 47) (0, 18, 2, 7, 16, 20, 8) (24, 42, 26, 31, 40, 44, 32) (6, 3, 1, 30, 27, 25) (4, 5, 11, 21, 38, 13, 28, 29, 35, 45, 14, 37) "
"OP(6,7,7,7,7,12,4)",0,Solved,"0,1500"," (4t+2)","0,1546","(\infty, 46, 2, \infty, 26, 22) (39, 32, 7, 45, 36, 44, 38) (15, 8, 31, 21, 12, 20, 14) (24, 41, 5, 27, 43, 25, 4) (0, 17, 29, 3, 19, 1, 28) (33, 35, 6, 40, 37, 42, 9, 11, 30, 16, 13, 18) (34, 47, 10, 23) "
"OP(4,7,7,7,7,12,3,3)",0,Solved,"0,0270"," (4t+2)","0,0314","(\infty, 22, \infty, 46) (43, 18, 32, 14, 13, 1, 11) (19, 42, 8, 38, 37, 25, 35) (9, 4, 12, 41, 21, 47, 20) (33, 28, 36, 17, 45, 23, 44) (7, 5, 2, 6, 15, 0, 31, 29, 26, 30, 39, 24) (3, 10, 16) (27, 34, 40) "
"OP(12,8,7,7,6,6,4)",0,Solved,"0,0470"," (4t+2)","0,0507","(\infty, 5, 8, 12, 2, 11, \infty, 35, 26, 36, 32, 29) (37, 18, 4, 40, 13, 42, 28, 16) (20, 45, 19, 47, 17, 0, 15) (44, 21, 43, 23, 41, 24, 39) (10, 3, 14, 1, 7, 9) (34, 27, 38, 25, 31, 33) (22, 6, 46, 30) "
"OP(12,8,7,7,6,5,5)",0,Solved,"0,0850"," (4t+2)","0,0892","(\infty, 31, 11, 16, 0, 21, \infty, 45, 24, 40, 35, 7) (20, 9, 17, 10, 44, 33, 41, 34) (22, 32, 6, 2, 5, 14, 39) (46, 8, 30, 26, 29, 38, 15) (18, 47, 12, 42, 23, 36) (19, 13, 1, 3, 4) (43, 37, 25, 27, 28) "
"OP(12,8,7,7,6,4,3,3)",0,Solved,"0,2420"," (4t+2)","0,2466","(\infty, 40, 7, 3, 34, 42, \infty, 18, 10, 27, 31, 16) (0, 9, 2, 14, 24, 33, 26, 38) (1, 17, 6, 36, 39, 44, 21) (25, 41, 30, 12, 15, 20, 45) (23, 4, 5, 47, 28, 29) (37, 35, 13, 11) (46, 32, 19) (22, 8, 43) "
"OP(12,8,7,7,5,5,3,3)",0,Solved,"0,0410"," (4t+2)","0,0452","(\infty, 20, 19, 45, 24, 14, \infty, 38, 0, 21, 43, 44) (37, 35, 30, 2, 13, 11, 6, 26) (29, 23, 39, 8, 4, 7, 36) (5, 47, 15, 32, 28, 31, 12) (25, 40, 10, 46, 33) (1, 16, 34, 22, 9) (41, 18, 27) (17, 42, 3) "
"OP(4,8,7,7,4,4,4,12)",0,Solved,"0,0370"," (4t+2)","0,0406","(\infty, 18, \infty, 42) (10, 28, 25, 23, 34, 4, 1, 47) (17, 13, 38, 33, 11, 24, 3) (41, 37, 14, 9, 35, 0, 27) (22, 39, 19, 31) (46, 15, 43, 7) (16, 32, 40, 8) (45, 26, 20, 30, 29, 36, 21, 2, 44, 6, 5, 12) "
"OP(12,8,7,7,4,4,4,4)",0,Solved,"0,0530"," (4t+2)","0,0575","(\infty, 15, 47, 20, 43, 13, \infty, 37, 19, 44, 23, 39) (36, 10, 2, 1, 12, 34, 26, 25) (6, 11, 18, 9, 5, 3, 0) (30, 35, 42, 33, 29, 27, 24) (14, 4, 16, 31) (38, 28, 40, 7) (22, 8, 21, 41) (46, 32, 45, 17) "
"OP(12,8,7,7,4,3,3,3,3)",0,Solved,"0,4980"," (4t+2)","0,5033","(\infty, 41, 18, 36, 31, 3, \infty, 27, 7, 12, 42, 17) (44, 29, 43, 26, 20, 5, 19, 2) (38, 0, 45, 33, 37, 28, 1) (14, 24, 21, 9, 13, 4, 25) (32, 34, 8, 10) (35, 22, 6) (11, 46, 30) (39, 40, 47) (15, 16, 23) "
"OP(6,7,7,6,6,6,12)",0,Solved,"0,1200"," (4t+2)","0,1244","(\infty, \infty, 23, 45, 21, 47) (43, 38, 18, 26, 7, 10, 4) (19, 14, 42, 2, 31, 34, 28) (40, 13, 20, 33, 8, 39) (16, 37, 44, 9, 32, 15) (11, 1, 5, 35, 25, 29) (12, 24, 22, 6, 17, 3, 36, 0, 46, 30, 41, 27) "
"OP(6,7,7,6,6,12,3,3)",0,Solved,"0,1230"," (4t+2)","0,1282","(\infty, 35, 9, \infty, 33, 11) (8, 42, 19, 39, 21, 40, 23) (32, 18, 43, 15, 45, 16, 47) (1, 2, 4, 46, 37, 5) (25, 26, 28, 22, 13, 29) (20, 10, 3, 0, 12, 7, 44, 34, 27, 24, 36, 31) (6, 14, 41) (30, 38, 17) "
"OP(4,7,7,6,6,4,4,12)",0,Solved,"0,0550"," (4t+2)","0,0594","(\infty, 17, \infty, 41) (23, 3, 45, 43, 26, 42, 33) (47, 27, 21, 19, 2, 18, 9) (30, 34, 39, 36, 25, 11) (6, 10, 15, 12, 1, 35) (8, 20, 13, 38) (32, 44, 37, 14) (0, 40, 5, 4, 31, 46, 24, 16, 29, 28, 7, 22) "
"OP(4,7,7,6,5,5,4,12)",0,Solved,"0,0570"," (4t+2)","0,0610","(\infty, 21, \infty, 45) (35, 47, 18, 41, 14, 36, 19) (11, 23, 42, 17, 38, 12, 43) (46, 16, 8, 22, 40, 32) (1, 0, 2, 5, 10) (25, 24, 26, 29, 34) (3, 7, 27, 31) (20, 9, 15, 28, 13, 6, 44, 33, 39, 4, 37, 30) "
"OP(6,7,7,6,12,4,4,4)",0,Solved,"0,2970"," (4t+2)","0,3051","(\infty, 9, 23, \infty, 47, 33) (1, 6, 10, 40, 19, 12, 21) (25, 30, 34, 16, 43, 36, 45) (11, 44, 13, 35, 20, 37) (46, 8, 14, 2, 0, 3, 22, 32, 38, 26, 24, 27) (4, 17, 42, 5) (28, 41, 18, 29) (15, 7, 39, 31) "
"OP(6,7,7,6,12,3,3,3,3)",0,Solved,"0,0560"," (4t+2)","0,0594","(\infty, 43, 9, \infty, 33, 19) (12, 40, 17, 2, 4, 21, 42) (36, 16, 41, 26, 28, 45, 18) (44, 8, 15, 20, 32, 39) (0, 13, 10, 6, 5, 14, 24, 37, 34, 30, 29, 38) (7, 1, 23) (31, 25, 47) (22, 11, 3) (46, 35, 27) "
"OP(4,7,7,6,4,4,12,3,3)",0,Solved,"0,0690"," (4t+2)","0,0731","(\infty, 3, \infty, 27) (4, 6, 9, 22, 45, 31, 11) (28, 30, 33, 46, 21, 7, 35) (1, 18, 26, 25, 42, 2) (13, 8, 14, 23) (37, 32, 38, 47) (40, 10, 36, 20, 41, 5, 16, 34, 12, 44, 17, 29) (0, 15, 19) (24, 39, 43) "
"OP(4,7,7,5,5,5,5,12)",0,Solved,"0,0480"," (4t+2)","0,0525","(\infty, 19, \infty, 43) (42, 15, 5, 3, 6, 11, 12) (18, 39, 29, 27, 30, 35, 36) (4, 0, 20, 46, 17) (28, 24, 44, 22, 41) (1, 7, 16, 33, 8) (25, 31, 40, 9, 32) (2, 10, 21, 37, 23, 38, 26, 34, 45, 13, 47, 14) "
"OP(6,7,7,12,5,5,4,4)",0,Solved,"0,1920"," (4t+2)","0,1962","(\infty, 46, 40, \infty, 16, 22) (13, 2, 11, 43, 18, 45, 33) (37, 26, 35, 19, 42, 21, 9) (44, 14, 7, 4, 17, 12, 20, 38, 31, 28, 41, 36) (47, 0, 34, 5, 3) (23, 24, 10, 29, 27) (32, 6, 39, 1) (8, 30, 15, 25) "
"OP(4,7,7,5,5,4,12,3,3)",0,Solved,"0,0410"," (4t+2)","0,0453","(\infty, 11, \infty, 35) (4, 9, 5, 6, 43, 21, 12) (28, 33, 29, 30, 19, 45, 36) (10, 7, 0, 14, 46) (34, 31, 24, 38, 22) (8, 2, 32, 26) (44, 13, 23, 3, 16, 1, 20, 37, 47, 27, 40, 25) (15, 42, 17) (39, 18, 41) "
"OP(6,7,7,12,4,4,4,3,3)",0,Solved,"0,0900"," (4t+2)","0,0942","(\infty, 15, 47, \infty, 23, 39) (3, 9, 22, 41, 40, 19, 10) (27, 33, 46, 17, 16, 43, 34) (42, 8, 0, 11, 21, 6, 18, 32, 24, 35, 45, 30) (12, 38, 20, 37) (36, 14, 44, 13) (1, 5, 25, 29) (7, 4, 2) (31, 28, 26) "
"OP(6,7,7,12,3,3,3,3,3,3)",0,Solved,"0,1430"," (4t+2)","0,1464","(\infty, 34, 12, \infty, 36, 10) (46, 26, 42, 44, 9, 45, 27) (22, 2, 18, 20, 33, 21, 3) (5, 1, 0, 43, 4, 15, 29, 25, 24, 19, 28, 39) (38, 30, 7) (14, 6, 31) (35, 8, 41) (11, 32, 17) (37, 40, 47) (13, 16, 23) "
"OP(4,7,7,4,4,4,4,4,12)",0,Solved,"0,0510"," (4t+2)","0,0554","(\infty, 10, \infty, 34) (12, 22, 35, 18, 7, 19, 37) (36, 46, 11, 42, 31, 43, 13) (45, 23, 44, 16) (21, 47, 20, 40) (8, 1, 2, 17) (32, 25, 26, 41) (6, 14, 30, 38) (15, 9, 4, 0, 3, 5, 39, 33, 28, 24, 27, 29) "
"OP(4,7,7,4,4,12,3,3,3,3)",0,Solved,"0,0440"," (4t+2)","0,0485","(\infty, 4, \infty, 28) (7, 12, 19, 9, 18, 32, 15) (31, 36, 43, 33, 42, 8, 39) (6, 0, 2, 3) (30, 24, 26, 27) (10, 21, 37, 17, 38, 16, 34, 45, 13, 41, 14, 40) (22, 35, 47) (46, 11, 23) (1, 20, 5) (25, 44, 29) "
"OP(12,8,6,6,6,6,6)",0,Solved,"0,0590"," (4t+2)","0,0644","(\infty, 6, 40, 37, 27, 46, \infty, 22, 3, 13, 16, 30) (7, 11, 43, 23, 31, 35, 19, 47) (5, 36, 1, 2, 14, 32) (29, 12, 25, 26, 38, 8) (18, 44, 21, 10, 4, 9) (42, 20, 45, 34, 28, 33) (0, 15, 17, 24, 39, 41) "
"OP(12,8,6,6,6,6,3,3)",0,Solved,"0,0590"," (4t+2)","0,0624","(\infty, 4, 12, 5, 14, 32, \infty, 8, 38, 29, 36, 28) (9, 19, 41, 16, 33, 43, 17, 40) (0, 2, 3, 6, 10, 15) (24, 26, 27, 30, 34, 39) (13, 45, 18, 46, 35, 47) (37, 21, 42, 22, 11, 23) (1, 20, 7) (25, 44, 31) "
"OP(4,8,5,5,6,6,4,12)",0,Solved,"0,0880"," (4t+2)","0,0925","(\infty, 38, \infty, 14) (41, 40, 43, 27, 17, 16, 19, 3) (5, 30, 45, 34, 25) (29, 6, 21, 10, 1) (28, 47, 42, 24, 2, 36) (4, 23, 18, 0, 26, 12) (39, 46, 15, 22) (35, 33, 37, 31, 44, 32, 11, 9, 13, 7, 20, 8) "
"OP(12,8,6,6,6,4,4,4)",0,Solved,"0,1120"," (4t+2)","0,1161","(\infty, 14, 1, 15, 16, 44, \infty, 20, 40, 39, 25, 38) (13, 2, 45, 4, 37, 26, 21, 28) (9, 47, 8, 11, 19, 36) (33, 23, 32, 35, 43, 12) (29, 3, 7, 5, 27, 31) (42, 17, 46, 10) (18, 41, 22, 34) (6, 0, 30, 24) "
"OP(12,8,6,6,6,3,3,3,3)",0,Solved,"0,0620"," (4t+2)","0,0664","(\infty, 4, 12, 5, 14, 32, \infty, 8, 38, 29, 36, 28) (9, 21, 37, 23, 33, 45, 13, 47) (0, 2, 3, 6, 10, 15) (24, 26, 27, 30, 34, 39) (16, 41, 19, 40, 17, 43) (18, 35, 46) (42, 11, 22) (1, 20, 7) (25, 44, 31) "
"OP(4,8,5,5,6,5,5,12)",0,Solved,"0,0390"," (4t+2)","0,0444","(\infty, 1, \infty, 25) (12, 3, 9, 2, 36, 27, 33, 26) (0, 47, 16, 4, 8) (24, 23, 40, 28, 32) (17, 6, 11, 41, 30, 35) (10, 7, 20, 18, 37) (34, 31, 44, 42, 13) (5, 15, 43, 21, 46, 14, 29, 39, 19, 45, 22, 38) "
"OP(12,8,6,6,5,5,4,4)",0,Solved,"0,1450"," (4t+2)","0,1480","(\infty, 6, 43, 36, 38, 32, \infty, 8, 14, 12, 19, 30) (35, 44, 26, 47, 11, 20, 2, 23) (25, 45, 40, 39, 24, 41) (1, 21, 16, 15, 0, 17) (34, 31, 5, 28, 42) (10, 7, 29, 4, 18) (27, 37, 33, 46) (3, 13, 9, 22) "
"OP(4,8,5,5,6,4,12,3,3)",0,Solved,"0,1980"," (4t+2)","0,2026","(\infty, 46, \infty, 22) (4, 8, 16, 5, 28, 32, 40, 29) (37, 3, 12, 10, 15) (13, 27, 36, 34, 39) (42, 9, 2, 18, 33, 26) (41, 47, 17, 23) (45, 0, 20, 1, 11, 38, 21, 24, 44, 25, 35, 14) (7, 19, 6) (31, 43, 30) "
"OP(12,8,6,6,4,4,4,3,3)",0,Solved,"0,3630"," (4t+2)","0,3671","(\infty, 8, 37, 15, 5, 38, \infty, 14, 29, 39, 13, 32) (36, 33, 46, 3, 12, 9, 22, 27) (4, 40, 0, 47, 1, 45) (28, 16, 24, 23, 25, 21) (30, 2, 19, 44) (6, 26, 43, 20) (41, 35, 17, 11) (31, 10, 42) (7, 34, 18) "
"OP(12,8,6,6,3,3,3,3,3,3)",0,Solved,"0,0820"," (4t+2)","0,0862","(\infty, 12, 39, 17, 45, 16, \infty, 40, 21, 41, 15, 36) (13, 7, 2, 6, 37, 31, 26, 30) (44, 32, 14, 5, 18, 34) (20, 8, 38, 29, 42, 10) (19, 4, 11) (43, 28, 35) (1, 0, 3) (25, 24, 27) (23, 9, 46) (47, 33, 22) "
"OP(12,8,6,5,5,5,5,4)",0,Solved,"0,1260"," (4t+2)","0,1305","(\infty, 43, 3, 20, 0, 13, \infty, 37, 24, 44, 27, 19) (15, 45, 4, 7, 39, 21, 28, 31) (8, 9, 18, 32, 33, 42) (22, 1, 5, 47, 10) (46, 25, 29, 23, 34) (40, 14, 12, 2, 17) (16, 38, 36, 26, 41) (11, 6, 35, 30) "
"OP(4,8,5,5,5,5,12,3,3)",0,Solved,"0,0450"," (4t+2)","0,0498","(\infty, 7, \infty, 31) (8, 17, 37, 22, 32, 41, 13, 46) (4, 6, 9, 14, 0) (28, 30, 33, 38, 24) (2, 3, 10, 16, 29) (26, 27, 34, 40, 5) (19, 45, 15, 47, 35, 18, 43, 21, 39, 23, 11, 42) (1, 20, 12) (25, 44, 36) "
"OP(12,8,6,5,5,4,4,3,3)",0,Solved,"0,1640"," (4t+2)","0,1689","(\infty, 18, 46, 14, 47, 20, \infty, 44, 23, 38, 22, 42) (12, 1, 11, 19, 36, 25, 35, 43) (16, 4, 17, 40, 28, 41) (39, 5, 6, 10, 13) (15, 29, 30, 34, 37) (21, 3, 8, 2) (45, 27, 32, 26) (0, 9, 7) (24, 33, 31) "
"OP(4,8,5,5,4,4,4,4,12)",0,Solved,"0,0980"," (4t+2)","0,1037","(\infty, 20, \infty, 44) (15, 43, 14, 6, 39, 19, 38, 30) (7, 17, 4, 0, 2) (31, 41, 28, 24, 26) (21, 46, 16, 37) (45, 22, 40, 13) (3, 12, 9, 10) (27, 36, 33, 34) (1, 23, 11, 5, 42, 8, 25, 47, 35, 29, 18, 32) "
"OP(4,8,5,5,4,12,3,3,3,3)",0,Solved,"0,0460"," (4t+2)","0,0500","(\infty, 1, \infty, 25) (12, 3, 9, 2, 36, 27, 33, 26) (0, 22, 21, 4, 8) (24, 46, 45, 28, 32) (17, 6, 41, 30) (37, 19, 7, 23, 42, 40, 13, 43, 31, 47, 18, 16) (5, 10, 20) (29, 34, 44) (14, 39, 11) (38, 15, 35) "
"OP(12,8,6,4,4,4,4,4,4)",0,Solved,"0,2010"," (4t+2)","0,2050","(\infty, 12, 45, 5, 34, 16, \infty, 40, 10, 29, 21, 36) (9, 0, 23, 44, 33, 24, 47, 20) (38, 32, 1, 14, 8, 25) (19, 15, 17, 31) (43, 39, 41, 7) (2, 3, 6, 22) (26, 27, 30, 46) (13, 18, 28, 35) (37, 42, 4, 11) "
"OP(12,8,6,4,4,4,3,3,3,3)",0,Solved,"0,2220"," (4t+2)","0,2258","(\infty, 10, 3, 41, 12, 38, \infty, 14, 36, 17, 27, 34) (8, 24, 11, 44, 32, 0, 35, 20) (1, 15, 45, 25, 39, 21) (16, 22, 13, 5) (40, 46, 37, 29) (19, 42, 43, 18) (9, 7, 4) (33, 31, 28) (2, 23, 6) (26, 47, 30) "
"OP(12,8,6,3,3,3,3,3,3,3,3)",0,Solved,"0,2130"," (4t+2)","0,2164","(\infty, 20, 17, 18, 45, 22, \infty, 46, 21, 42, 41, 44) (9, 19, 3, 47, 33, 43, 27, 23) (14, 31, 2, 38, 7, 26) (4, 13, 39) (28, 37, 15) (34, 6, 36) (10, 30, 12) (0, 5, 11) (24, 29, 35) (1, 16, 8) (25, 40, 32) "
"OP(12,8,5,5,5,5,5,5)",0,Solved,"0,0550"," (4t+2)","0,0593","(\infty, 34, 11, 38, 20, 46, \infty, 22, 44, 14, 35, 10) (17, 1, 12, 5, 41, 25, 36, 29) (9, 19, 39, 8, 0) (33, 43, 15, 32, 24) (2, 6, 4, 3, 45) (26, 30, 28, 27, 21) (13, 16, 31, 18, 47) (37, 40, 7, 42, 23) "
"OP(12,8,5,5,5,5,4,3,3)",0,Solved,"0,1570"," (4t+2)","0,1609","(\infty, 5, 10, 41, 23, 43, \infty, 19, 47, 17, 34, 29) (13, 14, 0, 16, 37, 38, 24, 40) (6, 12, 22, 7, 4) (30, 36, 46, 31, 28) (18, 9, 2, 25, 44) (42, 33, 26, 1, 20) (8, 21, 32, 45) (11, 15, 3) (35, 39, 27) "
"OP(4,8,4,4,5,5,4,4,12)",0,Solved,"0,0560"," (4t+2)","0,0604","(\infty, 3, \infty, 27) (4, 5, 7, 14, 28, 29, 31, 38) (9, 15, 40, 1) (33, 39, 16, 25) (45, 26, 11, 8, 13) (21, 2, 35, 32, 37) (23, 43, 6, 36) (47, 19, 30, 12) (42, 46, 10, 0, 17, 44, 18, 22, 34, 24, 41, 20) "
"OP(4,8,4,5,5,12,3,3,3,3)",0,Solved,"0,1400"," (4t+2)","0,1433","(\infty, 26, \infty, 2) (40, 7, 43, 44, 16, 31, 19, 20) (10, 28, 34, 4) (35, 0, 17, 39, 32) (11, 24, 41, 15, 8) (5, 30, 38, 1, 47, 33, 29, 6, 14, 25, 23, 9) (42, 37, 21) (18, 13, 45) (36, 46, 27) (12, 22, 3) "
"OP(12,8,5,5,4,4,4,4,4)",0,Solved,"0,1730"," (4t+2)","0,1765","(\infty, 1, 2, 4, 7, 3, \infty, 27, 31, 28, 26, 25) (5, 10, 16, 6, 29, 34, 40, 30) (8, 15, 24, 36, 19) (32, 39, 0, 12, 43) (9, 22, 41, 23) (33, 46, 17, 47) (14, 42, 20, 35) (38, 18, 44, 11) (13, 21, 37, 45) "
"OP(12,8,5,5,4,4,3,3,3,3)",0,Solved,"0,0780"," (4t+2)","0,0831","(\infty, 10, 45, 19, 2, 12, \infty, 36, 26, 43, 21, 34) (8, 13, 4, 5, 32, 37, 28, 29) (47, 7, 3, 1, 17) (23, 31, 27, 25, 41) (15, 22, 11, 40) (39, 46, 35, 16) (6, 42, 9) (30, 18, 33) (14, 0, 20) (38, 24, 44) "
"OP(4,8,4,4,4,4,4,12,3,3)",0,Solved,"0,1340"," (4t+2)","0,1397","(\infty, 10, \infty, 34) (4, 12, 13, 38, 28, 36, 37, 14) (9, 43, 23, 5) (33, 19, 47, 29) (18, 6, 22, 7) (42, 30, 46, 31) (3, 1, 27, 25) (40, 11, 20, 17, 0, 21, 16, 35, 44, 41, 24, 45) (15, 2, 8) (39, 26, 32) "
"OP(4,8,4,4,12,3,3,3,3,3,3)",0,Solved,"0,0370"," (4t+2)","0,0417","(\infty, 42, \infty, 18) (33, 45, 24, 44, 9, 21, 0, 20) (1, 41, 7, 32) (25, 17, 31, 8) (37, 39, 29, 38, 43, 46, 13, 15, 5, 14, 19, 22) (35, 36, 6) (11, 12, 30) (47, 40, 3) (23, 16, 27) (2, 28, 34) (26, 4, 10) "
"OP(12,8,4,4,4,4,4,4,3,3)",0,Solved,"0,0450"," (4t+2)","0,0498","(\infty, 46, 14, 39, 20, 40, \infty, 16, 44, 15, 38, 22) (33, 18, 8, 21, 9, 42, 32, 45) (37, 10, 41, 23) (13, 34, 17, 47) (1, 2, 11, 7) (25, 26, 35, 31) (19, 30, 4, 12) (43, 6, 28, 36) (0, 5, 3) (24, 29, 27) "
"OP(12,8,4,4,4,3,3,3,3,3,3)",0,Solved,"0,2960"," (4t+2)","0,3000","(\infty, 43, 16, 2, 12, 7, \infty, 31, 36, 26, 40, 19) (45, 30, 14, 1, 21, 6, 38, 25) (11, 15, 13, 4) (35, 39, 37, 28) (5, 23, 29, 47) (22, 0, 3) (46, 24, 27) (18, 10, 41) (42, 34, 17) (20, 8, 9) (44, 32, 33) "
"OP(12,8,3,3,3,3,3,3,3,3,3,3)",0,Solved,"0,1120"," (4t+2)","0,1161","(\infty, 13, 47, 22, 0, 17, \infty, 41, 24, 46, 23, 37) (43, 5, 38, 25, 19, 29, 14, 1) (32, 4, 36) (8, 28, 12) (39, 3, 30) (15, 27, 6) (31, 42, 34) (7, 18, 10) (44, 45, 26) (20, 21, 2) (33, 40, 35) (9, 16, 11) "
"OP(4,6,7,7,7,7,12)",0,Solved,"0,0400"," (4t+2)","0,0437","(\infty, 1, \infty, 25) (13, 3, 10, 37, 27, 34) (2, 0, 11, 12, 4, 9, 5) (26, 24, 35, 36, 28, 33, 29) (6, 18, 41, 19, 47, 32, 15) (30, 42, 17, 43, 23, 8, 39) (20, 7, 21, 40, 46, 14, 44, 31, 45, 16, 22, 38) "
"OP(12,7,7,7,7,6,4)",0,Solved,"0,0550"," (4t+2)","0,0590","(\infty, 18, 6, 17, 34, 12, \infty, 36, 10, 41, 30, 42) (46, 21, 39, 20, 40, 19, 11) (22, 45, 15, 44, 16, 43, 35) (8, 1, 2, 4, 7, 23, 14) (32, 25, 26, 28, 31, 47, 38) (9, 5, 0, 33, 29, 24) (13, 3, 37, 27) "
"OP(12,7,7,7,7,5,5)",0,Solved,"0,0450"," (4t+2)","0,0491","(\infty, 24, 39, 17, 36, 18, \infty, 42, 12, 41, 15, 0) (32, 40, 34, 47, 26, 30, 29) (8, 16, 10, 23, 2, 6, 5) (33, 19, 31, 11, 21, 38, 22) (9, 43, 7, 35, 45, 14, 46) (44, 37, 28, 3, 1) (20, 13, 4, 27, 25) "
"OP(12,7,7,7,7,4,3,3)",0,Solved,"0,1050"," (4t+2)","0,1089","(\infty, 0, 14, 42, 40, 30, \infty, 6, 16, 18, 38, 24) (12, 43, 46, 23, 45, 9, 41) (36, 19, 22, 47, 21, 33, 17) (11, 15, 4, 5, 26, 8, 3) (35, 39, 28, 29, 2, 32, 27) (1, 10, 25, 34) (13, 7, 20) (37, 31, 44) "
"OP(6,6,6,6,7,7,12)",0,Solved,"0,0420"," (4t+2)","0,0456","(\infty, 46, 16, \infty, 40, 22) (13, 5, 3, 6, 11, 23) (37, 29, 27, 30, 35, 47) (4, 0, 15, 28, 24, 39) (8, 7, 1, 10, 38, 17, 42) (32, 31, 25, 34, 14, 41, 18) (2, 9, 20, 36, 19, 45, 26, 33, 44, 12, 43, 21) "
"OP(6,6,6,7,7,12,3,3)",0,Solved,"0,0530"," (4t+2)","0,0567","(\infty, 5, 1, \infty, 25, 29) (45, 35, 10, 23, 39, 19) (21, 11, 34, 47, 15, 43) (12, 3, 0, 14, 6, 7, 18) (36, 27, 24, 38, 30, 31, 42) (8, 20, 37, 16, 46, 17, 32, 44, 13, 40, 22, 41) (4, 2, 9) (28, 26, 33) "
"OP(4,6,6,7,7,4,4,12)",0,Solved,"0,0420"," (4t+2)","0,0463","(\infty, 19, \infty, 43) (3, 36, 20, 8, 42, 21) (27, 12, 44, 32, 18, 45) (11, 16, 47, 22, 14, 10, 1) (35, 40, 23, 46, 38, 34, 25) (2, 13, 41, 15) (26, 37, 17, 39) (4, 5, 7, 0, 6, 9, 28, 29, 31, 24, 30, 33) "
"OP(4,6,7,7,5,5,4,12)",0,Solved,"0,0600"," (4t+2)","0,0641","(\infty, 14, \infty, 38) (5, 25, 22, 29, 1, 46) (36, 42, 23, 15, 41, 11, 32) (12, 18, 47, 39, 17, 35, 8) (40, 24, 7, 2, 3) (16, 0, 31, 26, 27) (13, 28, 37, 4) (21, 19, 6, 44, 10, 33, 45, 43, 30, 20, 34, 9) "
"OP(6,6,7,7,12,4,4,4)",0,Solved,"0,2020"," (4t+2)","0,2063","(\infty, 44, 14, \infty, 38, 20) (23, 3, 16, 47, 27, 40) (5, 2, 0, 11, 19, 9, 21) (29, 26, 24, 35, 43, 33, 45) (15, 42, 13, 46, 12, 17, 39, 18, 37, 22, 36, 41) (4, 8, 1, 10) (28, 32, 25, 34) (7, 6, 31, 30) "
"OP(6,6,7,7,12,3,3,3,3)",0,Solved,"0,1130"," (4t+2)","0,1163","(\infty, 14, 24, \infty, 0, 38) (43, 29, 20, 19, 5, 44) (7, 4, 41, 35, 9, 25, 37) (31, 28, 17, 11, 33, 1, 13) (3, 10, 18, 39, 6, 8, 27, 34, 42, 15, 30, 32) (2, 45, 22) (26, 21, 46) (40, 36, 23) (16, 12, 47) "
"OP(4,6,7,7,4,4,12,3,3)",0,Solved,"0,1220"," (4t+2)","0,1264","(\infty, 4, \infty, 28) (5, 3, 10, 29, 27, 34) (8, 9, 6, 1, 7, 15, 19) (32, 33, 30, 25, 31, 39, 43) (26, 41, 14, 46) (2, 17, 38, 22) (12, 0, 13, 23, 40, 18, 36, 24, 37, 47, 16, 42) (35, 21, 44) (11, 45, 20) "
"OP(12,7,7,6,6,6,6)",0,Solved,"0,0460"," (4t+2)","0,0493","(\infty, 13, 39, 12, 23, 43, \infty, 19, 47, 36, 15, 37) (11, 17, 8, 0, 18, 2, 7) (35, 41, 32, 24, 42, 26, 31) (16, 33, 20, 6, 3, 1) (40, 9, 44, 30, 27, 25) (4, 5, 34, 46, 21, 14) (28, 29, 10, 22, 45, 38) "
"OP(12,7,7,6,6,6,3,3)",0,Solved,"0,1290"," (4t+2)","0,1330","(\infty, 19, 44, 10, 47, 21, \infty, 45, 23, 34, 20, 43) (13, 33, 2, 12, 18, 14, 1) (37, 9, 26, 36, 42, 38, 25) (5, 32, 41, 11, 40, 0) (29, 8, 17, 35, 16, 24) (7, 39, 46, 31, 15, 22) (3, 4, 6) (27, 28, 30) "
"OP(4,7,7,5,5,6,4,12)",0,Solved,"0,0720"," (4t+2)","0,0753","(\infty, 38, \infty, 14) (36, 47, 35, 27, 0, 26, 39) (12, 23, 11, 3, 24, 2, 15) (43, 28, 45, 44, 25) (19, 4, 21, 20, 1) (37, 31, 29, 13, 7, 5) (30, 34, 6, 10) (40, 33, 42, 32, 46, 41, 16, 9, 18, 8, 22, 17) "
"OP(12,7,7,6,6,4,4,4)",0,Solved,"0,0950"," (4t+2)","0,1003","(\infty, 7, 32, 2, 0, 15, \infty, 39, 24, 26, 8, 31) (36, 1, 17, 3, 47, 20, 10) (12, 25, 41, 27, 23, 44, 34) (45, 9, 40, 46, 43, 4) (21, 33, 16, 22, 19, 28) (42, 5, 13, 14) (18, 29, 37, 38) (11, 6, 35, 30) "
"OP(12,7,7,6,6,3,3,3,3)",0,Solved,"0,1790"," (4t+2)","0,1828","(\infty, 21, 46, 13, 47, 17, \infty, 41, 23, 37, 22, 45) (4, 9, 19, 39, 20, 8, 1) (28, 33, 43, 15, 44, 32, 25) (34, 18, 5, 16, 38, 7) (10, 42, 29, 40, 14, 31) (11, 3, 12) (35, 27, 36) (6, 2, 0) (30, 26, 24) "
"OP(4,7,7,5,5,5,5,12)",0,Solved,"0,0440"," (4t+2)","0,0477","(\infty, 19, \infty, 43) (42, 15, 5, 3, 6, 11, 12) (18, 39, 29, 27, 30, 35, 36) (4, 0, 20, 46, 17) (28, 24, 44, 22, 41) (1, 7, 16, 33, 8) (25, 31, 40, 9, 32) (2, 10, 21, 37, 23, 38, 26, 34, 45, 13, 47, 14) "
"OP(12,7,7,6,5,5,4,4)",0,Solved,"0,0760"," (4t+2)","0,0799","(\infty, 3, 4, 6, 9, 21, \infty, 45, 33, 30, 28, 27) (18, 46, 14, 1, 20, 26, 41) (42, 22, 38, 25, 44, 2, 17) (8, 13, 23, 32, 37, 47) (19, 5, 36, 10, 40) (43, 29, 12, 34, 16) (7, 0, 11, 15) (31, 24, 35, 39) "
"OP(4,7,7,5,5,4,12,3,3)",0,Solved,"0,0440"," (4t+2)","0,0486","(\infty, 11, \infty, 35) (4, 9, 5, 6, 43, 21, 12) (28, 33, 29, 30, 19, 45, 36) (10, 7, 0, 14, 46) (34, 31, 24, 38, 22) (8, 2, 32, 26) (44, 13, 23, 3, 16, 1, 20, 37, 47, 27, 40, 25) (15, 42, 17) (39, 18, 41) "
"OP(12,7,7,6,4,4,4,3,3)",0,Solved,"0,2400"," (4t+2)","0,2442","(\infty, 3, 28, 12, 45, 19, \infty, 43, 21, 36, 4, 27) (0, 8, 10, 40, 20, 14, 9) (24, 32, 34, 16, 44, 38, 33) (17, 6, 7, 41, 30, 31) (46, 11, 15, 5) (22, 35, 39, 29) (23, 2, 47, 26) (37, 18, 1) (13, 42, 25) "
"OP(12,7,7,6,3,3,3,3,3,3)",0,Solved,"0,2180"," (4t+2)","0,2215","(\infty, 35, 10, 44, 17, 39, \infty, 15, 41, 20, 34, 11) (1, 38, 6, 0, 4, 13, 21) (25, 14, 30, 24, 28, 37, 45) (47, 18, 8, 23, 42, 32) (22, 9, 40) (46, 33, 16) (5, 3, 2) (29, 27, 26) (12, 7, 19) (36, 31, 43) "
"OP(12,7,7,5,5,5,5,4)",0,Solved,"0,1080"," (4t+2)","0,1117","(\infty, 42, 4, 37, 45, 10, \infty, 34, 21, 13, 28, 18) (16, 39, 33, 1, 3, 7, 44) (40, 15, 9, 25, 27, 31, 20) (35, 14, 5, 8, 30) (11, 38, 29, 32, 6) (12, 0, 47, 17, 46) (36, 24, 23, 41, 22) (26, 19, 2, 43) "
"OP(4,7,7,4,5,5,12,3,3)",0,Solved,"0,1070"," (4t+2)","0,1106","(\infty, 2, \infty, 26) (3, 4, 0, 5, 16, 8, 6) (27, 28, 24, 29, 40, 32, 30) (21, 7, 45, 31) (14, 20, 35, 10, 23) (38, 44, 11, 34, 47) (12, 19, 41, 22, 39, 18, 36, 43, 17, 46, 15, 42) (13, 1, 33) (37, 25, 9) "
"OP(12,7,7,5,5,4,4,3,3)",0,Solved,"0,1060"," (4t+2)","0,1101","(\infty, 32, 30, 43, 24, 4, \infty, 28, 0, 19, 6, 8) (45, 7, 13, 39, 36, 44, 1) (21, 31, 37, 15, 12, 20, 25) (11, 34, 46, 29, 38) (35, 10, 22, 5, 14) (33, 47, 40, 3) (9, 23, 16, 27) (41, 42, 26) (17, 18, 2) "
"OP(4,7,7,4,4,4,4,4,12)",0,Solved,"0,0530"," (4t+2)","0,0563","(\infty, 10, \infty, 34) (12, 22, 35, 18, 7, 19, 37) (36, 46, 11, 42, 31, 43, 13) (45, 23, 44, 16) (21, 47, 20, 40) (8, 1, 2, 17) (32, 25, 26, 41) (6, 14, 30, 38) (15, 9, 4, 0, 3, 5, 39, 33, 28, 24, 27, 29) "
"OP(4,7,7,4,4,12,3,3,3,3)",0,Solved,"0,0440"," (4t+2)","0,0484","(\infty, 4, \infty, 28) (7, 12, 19, 9, 18, 32, 15) (31, 36, 43, 33, 42, 8, 39) (6, 0, 2, 3) (30, 24, 26, 27) (10, 21, 37, 17, 38, 16, 34, 45, 13, 41, 14, 40) (22, 35, 47) (46, 11, 23) (1, 20, 5) (25, 44, 29) "
"OP(12,7,7,4,4,4,4,4,4)",0,Solved,"0,0500"," (4t+2)","0,0540","(\infty, 10, 3, 40, 0, 30, \infty, 6, 24, 16, 27, 34) (33, 5, 21, 18, 14, 23, 11) (9, 29, 45, 42, 38, 47, 35) (43, 12, 17, 44) (19, 36, 41, 20) (31, 37, 8, 46) (7, 13, 32, 22) (1, 15, 28, 26) (25, 39, 4, 2) "
"OP(12,7,7,4,4,4,3,3,3,3)",0,Solved,"0,1660"," (4t+2)","0,1703","(\infty, 20, 1, 33, 13, 8, \infty, 32, 37, 9, 25, 44) (5, 16, 39, 41, 14, 4, 19) (29, 40, 15, 17, 38, 28, 43) (22, 34, 47, 21) (46, 10, 23, 45) (36, 6, 12, 30) (42, 2, 11) (18, 26, 35) (3, 0, 7) (27, 24, 31) "
"OP(12,7,7,3,3,3,3,3,3,3,3)",0,Solved,"0,0730"," (4t+2)","0,0779","(\infty, 42, 14, 16, 22, 6, \infty, 30, 46, 40, 38, 18) (23, 8, 37, 19, 11, 24, 1) (47, 32, 13, 43, 35, 0, 25) (15, 4, 3) (39, 28, 27) (12, 21, 7) (36, 45, 31) (17, 20, 10) (41, 44, 34) (26, 9, 5) (2, 33, 29) "
"OP(4,6,6,6,6,6,4,12)",0,Solved,"0,1720"," (4t+2)","0,1758","(\infty, 31, \infty, 7) (41, 9, 34, 14, 12, 2) (17, 33, 10, 38, 36, 26) (1, 4, 16, 8, 45, 27) (25, 28, 40, 32, 21, 3) (0, 15, 11, 24, 39, 35) (13, 18, 37, 42) (47, 5, 46, 19, 20, 6, 23, 29, 22, 43, 44, 30) "
"OP(4,6,6,6,6,5,5,12)",0,Solved,"0,0490"," (4t+2)","0,0527","(\infty, 20, \infty, 44) (43, 15, 5, 3, 6, 11) (19, 39, 29, 27, 30, 35) (17, 4, 0, 47, 13, 46) (41, 28, 24, 23, 37, 22) (1, 7, 16, 33, 8) (25, 31, 40, 9, 32) (2, 10, 21, 42, 12, 38, 26, 34, 45, 18, 36, 14) "
"OP(6,6,6,6,6,12,4,4)",0,Solved,"0,0470"," (4t+2)","0,0514","(\infty, 40, 14, \infty, 38, 16) (6, 5, 3, 10, 19, 35) (30, 29, 27, 34, 43, 11) (4, 0, 12, 22, 9, 1) (28, 24, 36, 46, 33, 25) (20, 37, 23, 8, 2, 7, 44, 13, 47, 32, 26, 31) (42, 17, 45, 15) (18, 41, 21, 39) "
"OP(4,6,6,6,6,4,12,3,3)",0,Solved,"0,0460"," (4t+2)","0,0504","(\infty, 24, \infty, 0) (7, 22, 10, 9, 41, 35) (31, 46, 34, 33, 17, 11) (14, 32, 27, 2, 39, 12) (38, 8, 3, 26, 15, 36) (42, 28, 18, 4) (23, 45, 1, 30, 43, 40, 47, 21, 25, 6, 19, 16) (20, 37, 29) (44, 13, 5) "
"OP(6,6,6,6,12,5,5,4)",0,Solved,"0,0640"," (4t+2)","0,0681","(\infty, 21, 7, \infty, 31, 45) (10, 3, 9, 12, 39, 23) (34, 27, 33, 36, 15, 47) (6, 1, 11, 30, 25, 35) (20, 8, 0, 4, 2, 13, 44, 32, 24, 28, 26, 37) (18, 43, 17, 16, 46) (42, 19, 41, 40, 22) (14, 5, 38, 29) "
"OP(4,6,6,6,5,5,12,3,3)",0,Solved,"0,0450"," (4t+2)","0,0497","(\infty, 2, \infty, 26) (3, 4, 6, 9, 1, 7) (27, 28, 30, 33, 25, 31) (8, 15, 41, 32, 39, 17) (10, 20, 35, 19, 46) (34, 44, 11, 43, 22) (13, 38, 21, 40, 12, 23, 37, 14, 45, 16, 36, 47) (18, 0, 5) (42, 24, 29) "
"OP(6,6,6,6,12,4,4,3,3)",0,Solved,"0,1520"," (4t+2)","0,1563","(\infty, 15, 3, \infty, 27, 39) (12, 46, 16, 44, 43, 14) (36, 22, 40, 20, 19, 38) (42, 9, 41, 18, 33, 17) (11, 21, 29, 8, 2, 13, 35, 45, 5, 32, 26, 37) (1, 10, 23, 6) (25, 34, 47, 30) (0, 7, 4) (24, 31, 28) "
"OP(4,6,6,6,4,4,4,4,12)",0,Solved,"0,0410"," (4t+2)","0,0449","(\infty, 19, \infty, 43) (22, 39, 20, 13, 4, 12) (46, 15, 44, 37, 28, 36) (11, 7, 2, 35, 31, 26) (32, 18, 5, 16) (8, 42, 29, 40) (6, 3, 1, 0) (30, 27, 25, 24) (23, 41, 14, 34, 9, 21, 47, 17, 38, 10, 33, 45) "
"OP(4,6,6,6,4,12,3,3,3,3)",0,Solved,"0,2300"," (4t+2)","0,2332","(\infty, 19, \infty, 43) (22, 38, 21, 47, 18, 4) (46, 14, 45, 23, 42, 28) (0, 6, 34, 24, 30, 10) (2, 11, 26, 35) (44, 17, 12, 1, 9, 13, 20, 41, 36, 25, 33, 37) (39, 16, 3) (15, 40, 27) (5, 7, 8) (29, 31, 32) "
"OP(6,6,6,12,5,5,5,5)",0,Solved,"0,0380"," (4t+2)","0,0422","(\infty, 24, 18, \infty, 42, 0) (40, 20, 37, 19, 29, 17) (16, 44, 13, 43, 5, 41) (4, 12, 11, 26, 33, 31, 28, 36, 35, 2, 9, 7) (46, 32, 27, 14, 25) (22, 8, 3, 38, 1) (39, 23, 45, 6, 10) (15, 47, 21, 30, 34) "
"OP(6,6,6,12,5,5,4,3,3)",0,Solved,"0,2880"," (4t+2)","0,2914","(\infty, 12, 46, \infty, 22, 36) (2, 10, 5, 1, 11, 4) (26, 34, 29, 25, 35, 28) (18, 40, 9, 41, 20, 45, 42, 16, 33, 17, 44, 21) (47, 19, 7, 13, 0) (23, 43, 31, 37, 24) (6, 15, 30, 39) (14, 32, 3) (38, 8, 27) "
"OP(4,6,6,5,5,4,4,4,12)",0,Solved,"0,2010"," (4t+2)","0,2050","(\infty, 29, \infty, 5) (28, 35, 36, 0, 42, 8) (4, 11, 12, 24, 18, 32) (41, 46, 37, 19, 3) (17, 22, 13, 43, 27) (14, 45, 30, 33) (38, 21, 6, 9) (23, 1, 47, 25) (10, 2, 39, 16, 20, 7, 34, 26, 15, 40, 44, 31) "
"OP(4,6,6,5,5,12,3,3,3,3)",0,Solved,"0,0490"," (4t+2)","0,0522","(\infty, 2, \infty, 26) (4, 5, 7, 10, 17, 35) (28, 29, 31, 34, 41, 11) (16, 27, 14, 37, 22) (40, 3, 38, 13, 46) (42, 21, 43, 15, 47, 9, 18, 45, 19, 39, 23, 33) (0, 12, 8) (24, 36, 32) (1, 20, 6) (25, 44, 30) "
"OP(6,6,6,12,4,4,4,4,4)",0,Solved,"0,1070"," (4t+2)","0,1122","(\infty, 6, 36, \infty, 12, 30) (45, 38, 47, 41, 28, 24) (21, 14, 23, 17, 4, 0) (31, 39, 44, 33, 1, 29, 7, 15, 20, 9, 25, 5) (34, 46, 32, 3) (10, 22, 8, 27) (37, 35, 2, 40) (13, 11, 26, 16) (43, 42, 19, 18) "
"OP(6,6,6,12,4,4,3,3,3,3)",0,Solved,"0,1760"," (4t+2)","0,1800","(\infty, 21, 47, \infty, 23, 45) (14, 1, 11, 22, 42, 9) (38, 25, 35, 46, 18, 33) (7, 5, 12, 4, 8, 2, 31, 29, 36, 28, 32, 26) (20, 34, 13, 43) (44, 10, 37, 19) (16, 0, 17) (40, 24, 41) (15, 6, 3) (39, 30, 27) "
"OP(4,6,6,4,4,4,4,12,3,3)",0,Solved,"0,0560"," (4t+2)","0,0599","(\infty, 8, \infty, 32) (1, 6, 9, 2, 23, 5) (25, 30, 33, 26, 47, 29) (0, 11, 3, 16) (24, 35, 27, 40) (21, 12, 10, 44) (45, 36, 34, 20) (4, 46, 15, 14, 42, 13, 28, 22, 39, 38, 18, 37) (43, 17, 7) (19, 41, 31) "
"OP(4,6,6,4,12,3,3,3,3,3,3)",0,Solved,"0,0820"," (4t+2)","0,0863","(\infty, 1, \infty, 25) (10, 42, 14, 22, 0, 47) (34, 18, 38, 46, 24, 23) (11, 21, 35, 45) (13, 44, 17, 5, 2, 8, 37, 20, 41, 29, 26, 32) (6, 4, 19) (30, 28, 43) (12, 7, 3) (36, 31, 27) (39, 16, 9) (15, 40, 33) "
"OP(6,6,12,5,5,5,5,3,3)",0,Solved,"0,2100"," (4t+2)","0,2146","(\infty, 31, 45, \infty, 21, 7) (33, 23, 4, 9, 47, 28) (34, 18, 46, 38, 20, 35, 10, 42, 22, 14, 44, 11) (25, 13, 39, 12, 16) (1, 37, 15, 36, 40) (0, 3, 5, 6, 41) (24, 27, 29, 30, 17) (8, 2, 19) (32, 26, 43) "
"OP(4,6,5,5,5,5,4,4,12)",0,Solved,"0,0550"," (4t+2)","0,0585","(\infty, 4, \infty, 28) (45, 0, 35, 21, 24, 11) (5, 7, 18, 41, 13) (29, 31, 42, 17, 37) (2, 8, 20, 19, 9) (26, 32, 44, 43, 33) (46, 16, 47, 14) (22, 40, 23, 38) (1, 6, 10, 39, 12, 3, 25, 30, 34, 15, 36, 27) "
"OP(6,6,12,5,5,4,4,4,4)",0,Solved,"0,0420"," (4t+2)","0,0464","(\infty, 11, 23, \infty, 47, 35) (39, 14, 4, 15, 38, 28) (10, 42, 13, 46, 16, 8, 34, 18, 37, 22, 40, 32) (12, 6, 1, 2, 19) (36, 30, 25, 26, 43) (7, 20, 41, 21) (31, 44, 17, 45) (9, 0, 3, 5) (33, 24, 27, 29) "
"OP(6,6,12,5,5,4,3,3,3,3)",0,Solved,"0,1510"," (4t+2)","0,1552","(\infty, 30, 20, \infty, 44, 6) (10, 7, 3, 34, 31, 27) (40, 26, 17, 35, 13, 28, 16, 2, 41, 11, 37, 4) (47, 18, 46, 33, 39) (23, 42, 22, 9, 15) (0, 25, 24, 1) (43, 36, 38) (19, 12, 14) (21, 5, 32) (45, 29, 8) "
"OP(4,6,5,5,4,4,4,12,3,3)",0,Solved,"0,1360"," (4t+2)","0,1402","(\infty, 22, \infty, 46) (47, 6, 15, 23, 30, 39) (13, 41, 3, 20, 31) (37, 17, 27, 44, 7) (10, 29, 2, 45) (34, 5, 26, 21) (0, 25, 24, 1) (33, 19, 4, 16, 32, 35, 9, 43, 28, 40, 8, 11) (12, 18, 14) (36, 42, 38) "
"OP(4,6,5,5,12,3,3,3,3,3,3)",0,Solved,"0,1000"," (4t+2)","0,1031","(\infty, 9, \infty, 33) (21, 8, 14, 45, 32, 38) (20, 22, 2, 40, 4) (44, 46, 26, 16, 28) (23, 34, 7, 0, 15, 18, 47, 10, 31, 24, 39, 42) (27, 36, 13) (3, 12, 37) (6, 5, 1) (30, 29, 25) (35, 17, 43) (11, 41, 19) "
"OP(6,6,12,4,4,4,4,4,3,3)",0,Solved,"0,0720"," (4t+2)","0,0758","(\infty, 2, 12, \infty, 36, 26) (10, 5, 19, 34, 29, 43) (9, 0, 13, 21, 44, 17, 33, 24, 37, 45, 20, 41) (11, 8, 1, 7) (35, 32, 25, 31) (47, 18, 46, 16) (23, 42, 22, 40) (6, 4, 30, 28) (3, 15, 14) (27, 39, 38) "
"OP(6,6,12,4,4,3,3,3,3,3,3)",0,Solved,"0,1850"," (4t+2)","0,1885","(\infty, 46, 16, \infty, 40, 22) (10, 37, 17, 34, 13, 41) (6, 2, 8, 19, 33, 18, 30, 26, 32, 43, 9, 42) (15, 44, 21, 47) (39, 20, 45, 23) (4, 3, 12) (28, 27, 36) (1, 14, 11) (25, 38, 35) (7, 0, 5) (31, 24, 29) "
"OP(4,6,4,4,4,4,4,4,4,12)",0,Solved,"0,0480"," (4t+2)","0,0518","(\infty, 11, \infty, 35) (23, 10, 37, 47, 34, 13) (18, 7, 19, 36) (42, 31, 43, 12) (22, 45, 16, 44) (46, 21, 40, 20) (8, 1, 2, 17) (32, 25, 26, 41) (6, 14, 30, 38) (15, 9, 4, 0, 3, 5, 39, 33, 28, 24, 27, 29) "
"OP(4,6,4,4,4,4,12,3,3,3,3)",0,Solved,"0,0590"," (4t+2)","0,0634","(\infty, 4, \infty, 28) (5, 6, 2, 29, 30, 26) (7, 17, 42, 22) (31, 41, 18, 46) (3, 8, 19, 10) (27, 32, 43, 34) (12, 0, 13, 35, 38, 20, 36, 24, 37, 11, 14, 44) (15, 1, 9) (39, 25, 33) (16, 45, 47) (40, 21, 23) "
"OP(4,6,4,12,3,3,3,3,3,3,3,3)",0,Solved,"0,1090"," (4t+2)","0,1124","(\infty, 4, \infty, 28) (2, 8, 40, 26, 32, 16) (22, 5, 46, 29) (17, 44, 18, 0, 13, 1, 41, 20, 42, 24, 37, 25) (21, 6, 11) (45, 30, 35) (10, 7, 9) (34, 31, 33) (12, 3, 23) (36, 27, 47) (43, 39, 14) (19, 15, 38) "
"OP(4,5,5,6,6,6,6,12)",0,Solved,"0,0510"," (4t+2)","0,0545","(\infty, 18, \infty, 42) (17, 35, 47, 20, 7) (41, 11, 23, 44, 31) (40, 21, 38, 22, 37, 12) (16, 45, 14, 46, 13, 36) (8, 1, 2, 10, 19, 30) (32, 25, 26, 34, 43, 6) (15, 9, 4, 0, 3, 5, 39, 33, 28, 24, 27, 29) "
"OP(12,6,6,6,6,6,4,4)",0,Solved,"0,1220"," (4t+2)","0,1269","(\infty, 32, 1, 23, 20, 38, \infty, 14, 44, 47, 25, 8) (45, 36, 2, 6, 7, 13) (21, 12, 26, 30, 31, 37) (28, 16, 41, 22, 43, 33) (4, 40, 17, 46, 19, 9) (39, 11, 0, 15, 35, 24) (3, 10, 18, 5) (27, 34, 42, 29) "
"OP(12,6,6,6,6,5,5,4)",0,Solved,"0,0720"," (4t+2)","0,0766","(\infty, 15, 43, 18, 47, 13, \infty, 37, 23, 42, 19, 39) (33, 12, 1, 11, 16, 3) (9, 36, 25, 35, 40, 27) (7, 10, 14, 21, 4, 5) (31, 34, 38, 45, 28, 29) (22, 6, 0, 8, 44) (46, 30, 24, 32, 20) (17, 2, 41, 26) "
"OP(4,5,5,6,6,6,12,3,3)",0,Solved,"0,0510"," (4t+2)","0,0552","(\infty, \infty, 23, 47) (21, 44, 17, 37, 3) (45, 20, 41, 13, 27) (38, 12, 8, 0, 6, 19) (14, 36, 32, 24, 30, 43) (1, 11, 16, 25, 35, 40) (22, 15, 4, 5, 7, 10, 46, 39, 28, 29, 31, 34) (2, 18, 33) (26, 42, 9) "
"OP(12,6,6,6,6,4,4,3,3)",0,Solved,"0,0780"," (4t+2)","0,0819","(\infty, 11, 29, 36, 14, 39, \infty, 15, 38, 12, 5, 35) (2, 31, 20, 40, 4, 19) (26, 7, 44, 16, 28, 43) (3, 1, 17, 13, 22, 8) (27, 25, 41, 37, 46, 32) (9, 47, 0, 6) (33, 23, 24, 30) (10, 45, 18) (34, 21, 42) "
"OP(12,6,6,6,5,5,5,5)",0,Solved,"0,0640"," (4t+2)","0,0671","(\infty, 13, 0, 18, 19, 3, \infty, 27, 43, 42, 24, 37) (11, 47, 22, 20, 1, 21) (35, 23, 46, 44, 25, 45) (6, 14, 8, 30, 38, 32) (4, 9, 5, 12, 15) (28, 33, 29, 36, 39) (2, 16, 7, 34, 17) (26, 40, 31, 10, 41) "
"OP(12,6,6,6,5,5,4,3,3)",0,Solved,"0,2350"," (4t+2)","0,2392","(\infty, 9, 15, 6, 17, 47, \infty, 23, 41, 30, 39, 33) (18, 8, 0, 7, 5, 4) (42, 32, 24, 31, 29, 28) (12, 44, 11, 36, 20, 35) (3, 16, 13, 1, 22) (27, 40, 37, 25, 46) (14, 10, 38, 34) (45, 19, 2) (21, 43, 26) "
"OP(4,5,5,6,6,4,4,4,12)",0,Solved,"0,0600"," (4t+2)","0,0638","(\infty, 19, \infty, 43) (11, 3, 6, 7, 20) (35, 27, 30, 31, 44) (42, 21, 47, 16, 41, 12) (18, 45, 23, 40, 17, 36) (2, 4, 15, 8) (26, 28, 39, 32) (0, 14, 24, 38) (1, 5, 10, 22, 37, 9, 25, 29, 34, 46, 13, 33) "
"OP(4,5,5,6,6,12,3,3,3,3)",0,Solved,"0,0610"," (4t+2)","0,0653","(\infty, 22, \infty, 46) (2, 13, 33, 3, 10) (26, 37, 9, 27, 34) (38, 21, 47, 18, 4, 17) (14, 45, 23, 42, 28, 41) (12, 44, 19, 15, 6, 0, 36, 20, 43, 39, 30, 24) (11, 1, 16) (35, 25, 40) (8, 5, 7) (32, 29, 31) "
"OP(12,6,6,6,4,4,4,4,4)",0,Solved,"0,0460"," (4t+2)","0,0496","(\infty, \infty, 23, 43, 12, 5, 3, 27, 29, 36, 19, 47) (45, 18, 7, 4, 0, 13) (21, 42, 31, 28, 24, 37) (15, 6, 1, 39, 30, 25) (38, 20, 35, 9) (14, 44, 11, 33) (2, 8, 22, 10) (26, 32, 46, 34) (16, 17, 40, 41) "
"OP(12,6,6,6,4,4,3,3,3,3)",0,Solved,"0,0830"," (4t+2)","0,0875","(\infty, 21, 0, 8, 14, 9, \infty, 33, 38, 32, 24, 45) (5, 41, 40, 36, 3, 19) (29, 17, 16, 12, 27, 43) (11, 42, 7, 35, 18, 31) (2, 20, 10, 39) (26, 44, 34, 15) (4, 13, 6) (28, 37, 30) (1, 23, 46) (25, 47, 22) "
"OP(12,6,6,5,5,5,5,3,3)",0,Solved,"0,1130"," (4t+2)","0,1171","(\infty, 4, 42, 5, 6, 8, \infty, 32, 30, 29, 18, 28) (13, 7, 0, 9, 12, 17) (37, 31, 24, 33, 36, 41) (1, 14, 45, 23, 15) (25, 38, 21, 47, 39) (2, 27, 11, 40, 20) (26, 3, 35, 16, 44) (10, 22, 43) (34, 46, 19) "
"OP(4,5,5,6,5,5,4,4,12)",0,Solved,"0,0900"," (4t+2)","0,0936","(\infty, 0, \infty, 24) (2, 3, 7, 5, 8) (26, 27, 31, 29, 32) (4, 9, 16, 28, 33, 40) (6, 14, 23, 36, 17) (30, 38, 47, 12, 41) (10, 37, 19, 42) (34, 13, 43, 18) (46, 15, 25, 45, 11, 44, 22, 39, 1, 21, 35, 20) "
"OP(12,6,6,5,5,4,4,4,4)",0,Solved,"0,0490"," (4t+2)","0,0527","(\infty, 10, 37, 22, 14, 4, \infty, 28, 38, 46, 13, 34) (45, 23, 39, 11, 41, 16) (21, 47, 15, 35, 17, 40) (12, 6, 1, 2, 19) (36, 30, 25, 26, 43) (7, 18, 32, 20) (31, 42, 8, 44) (9, 0, 3, 5) (33, 24, 27, 29) "
"OP(12,6,6,5,5,4,3,3,3,3)",0,Solved,"0,2050"," (4t+2)","0,2095","(\infty, 4, 5, 7, 1, 8, \infty, 32, 25, 31, 29, 28) (6, 18, 47, 21, 46, 36) (30, 42, 23, 45, 22, 12) (20, 37, 10, 2, 17) (44, 13, 34, 26, 41) (3, 16, 27, 40) (0, 9, 14) (24, 33, 38) (11, 43, 15) (35, 19, 39) "
"OP(4,5,5,6,4,4,4,12,3,3)",0,Solved,"0,2360"," (4t+2)","0,2407","(\infty, 19, \infty, 43) (8, 20, 7, 0, 3) (32, 44, 31, 24, 27) (46, 14, 40, 22, 38, 16) (4, 2, 13, 12) (28, 26, 37, 36) (15, 6, 39, 30) (42, 23, 9, 34, 17, 45, 18, 47, 33, 10, 41, 21) (5, 1, 11) (29, 25, 35) "
"OP(4,5,5,6,12,3,3,3,3,3,3)",0,Solved,"0,0390"," (4t+2)","0,0445","(\infty, 3, \infty, 27) (43, 26, 39, 20, 10) (19, 2, 15, 44, 34) (36, 4, 18, 12, 28, 42) (16, 11, 0, 23, 30, 32, 40, 35, 24, 47, 6, 8) (45, 46, 25) (21, 22, 1) (7, 37, 33) (31, 13, 9) (5, 17, 14) (29, 41, 38) "
"OP(12,6,6,4,4,4,4,4,3,3)",0,Solved,"0,0600"," (4t+2)","0,0640","(\infty, 21, 0, 42, 23, 3, \infty, 27, 47, 18, 24, 45) (43, 17, 1, 12, 8, 26) (19, 41, 25, 36, 32, 2) (10, 13, 5, 44) (34, 37, 29, 20) (11, 6, 16, 4) (35, 30, 40, 28) (39, 14, 15, 38) (33, 31, 46) (9, 7, 22) "
"OP(12,6,6,4,4,3,3,3,3,3,3)",0,Solved,"0,1500"," (4t+2)","0,1542","(\infty, 32, 16, 5, 19, 34, \infty, 10, 43, 29, 40, 8) (1, 4, 3, 7, 13, 30) (25, 28, 27, 31, 37, 6) (14, 23, 15, 41) (38, 47, 39, 17) (9, 2, 45) (33, 26, 21) (12, 22, 35) (36, 46, 11) (20, 18, 0) (44, 42, 24) "
"OP(4,5,5,5,5,5,5,4,12)",0,Solved,"0,0520"," (4t+2)","0,0555","(\infty, 5, \infty, 29) (8, 9, 19, 10, 44) (32, 33, 43, 34, 20) (6, 11, 0, 18, 2) (30, 35, 24, 42, 26) (23, 16, 36, 17, 38) (47, 40, 12, 41, 14) (3, 1, 27, 25) (4, 7, 13, 21, 46, 15, 28, 31, 37, 45, 22, 39) "
"OP(12,6,5,5,5,5,4,4,4)",0,Solved,"0,0550"," (4t+2)","0,0594","(\infty, 38, 20, 5, 28, 0, \infty, 24, 4, 29, 44, 14) (21, 12, 41, 45, 36, 17) (15, 10, 9, 7, 1) (39, 34, 33, 31, 25) (19, 46, 8, 11, 3) (43, 22, 32, 35, 27) (16, 23, 6, 42) (40, 47, 30, 18) (2, 13, 26, 37) "
"OP(12,6,5,5,5,5,3,3,3,3)",0,Solved,"0,1010"," (4t+2)","0,1054","(\infty, 21, 10, 18, 14, 11, \infty, 35, 38, 42, 34, 45) (9, 19, 20, 33, 43, 44) (2, 27, 7, 41, 8) (26, 3, 31, 17, 32) (39, 13, 6, 4, 23) (15, 37, 30, 28, 47) (1, 22, 40) (25, 46, 16) (36, 5, 0) (12, 29, 24) "
"OP(4,5,5,5,5,4,4,12,3,3)",0,Solved,"0,0530"," (4t+2)","0,0568","(\infty, 13, \infty, 37) (0, 3, 19, 40, 9) (24, 27, 43, 16, 33) (35, 42, 14, 15, 45) (11, 18, 38, 39, 21) (41, 5, 1, 12) (17, 29, 25, 36) (46, 23, 28, 6, 20, 7, 22, 47, 4, 30, 44, 31) (10, 8, 2) (34, 32, 26) "
"OP(12,6,5,5,4,4,4,4,3,3)",0,Solved,"0,1010"," (4t+2)","0,1050","(\infty, 46, 13, 30, 27, 18, \infty, 42, 3, 6, 37, 22) (14, 0, 10, 38, 24, 34) (35, 17, 16, 45, 19) (11, 41, 40, 21, 43) (5, 12, 7, 1) (29, 36, 31, 25) (2, 4, 15, 23) (26, 28, 39, 47) (8, 20, 33) (32, 44, 9) "
"OP(12,6,5,5,4,3,3,3,3,3,3)",0,Solved,"0,1950"," (4t+2)","0,1992","(\infty, 46, 19, 47, 16, 20, \infty, 44, 40, 23, 43, 22) (18, 2, 12, 42, 26, 36) (8, 7, 1, 15, 41) (32, 31, 25, 39, 17) (0, 5, 24, 29) (3, 11, 14) (27, 35, 38) (13, 4, 6) (37, 28, 30) (9, 21, 34) (33, 45, 10) "
"OP(4,5,5,4,4,4,4,4,4,12)",0,Solved,"0,0810"," (4t+2)","0,0850","(\infty, 17, \infty, 41) (2, 3, 1, 13, 7) (26, 27, 25, 37, 31) (6, 20, 35, 22) (30, 44, 11, 46) (4, 8, 5, 45) (28, 32, 29, 21) (10, 36, 16, 47) (34, 12, 40, 23) (42, 15, 38, 19, 9, 0, 18, 39, 14, 43, 33, 24) "
"OP(4,5,5,4,4,4,12,3,3,3,3)",0,Solved,"0,2010"," (4t+2)","0,2052","(\infty, 3, \infty, 27) (15, 41, 8, 11, 38) (39, 17, 32, 35, 14) (12, 5, 10, 1) (36, 29, 34, 25) (0, 18, 24, 42) (6, 19, 9, 7, 47, 13, 30, 43, 33, 31, 23, 37) (20, 16, 4) (44, 40, 28) (21, 22, 2) (45, 46, 26) "
"OP(4,5,5,12,3,3,3,3,3,3,3,3)",0,Solved,"0,0450"," (4t+2)","0,0493","(\infty, \infty, 23, 47) (43, 31, 14, 6, 17) (19, 7, 38, 30, 41) (36, 18, 39, 11, 21, 44, 12, 42, 15, 35, 45, 20) (4, 1, 2) (28, 25, 26) (8, 37, 22) (32, 13, 46) (3, 16, 10) (27, 40, 34) (0, 5, 9) (24, 29, 33) "
"OP(12,6,4,4,4,4,4,4,4,4)",0,Solved,"0,2020"," (4t+2)","0,2064","(\infty, 30, 41, 2, 25, 42, \infty, 18, 1, 26, 17, 6) (13, 7, 33, 37, 31, 9) (4, 47, 11, 12) (28, 23, 35, 36) (19, 3, 0, 46) (43, 27, 24, 22) (32, 14, 29, 39) (8, 38, 5, 15) (45, 10, 44, 16) (21, 34, 20, 40) "
"OP(12,6,4,4,4,4,4,3,3,3,3)",0,Solved,"0,1910"," (4t+2)","0,1944","(\infty, 47, 12, 45, 15, 5, \infty, 29, 39, 21, 36, 23) (1, 20, 46, 25, 44, 22) (9, 10, 8, 3) (33, 34, 32, 27) (14, 0, 17, 42) (38, 24, 41, 18) (19, 11, 43, 35) (4, 16, 7) (28, 40, 31) (13, 6, 2) (37, 30, 26) "
"OP(12,6,4,4,3,3,3,3,3,3,3,3)",0,Solved,"0,1090"," (4t+2)","0,1137","(\infty, 22, 2, 9, 6, 12, \infty, 36, 30, 33, 26, 46) (11, 43, 10, 35, 19, 34) (16, 47, 13, 42) (40, 23, 37, 18) (45, 15, 7) (21, 39, 31) (1, 3, 14) (25, 27, 38) (5, 0, 4) (29, 24, 28) (17, 8, 44) (41, 32, 20) "
"OP(4,4,5,5,5,5,5,5,12)",0,Solved,"0,0600"," (4t+2)","0,0639","(\infty, 4, \infty, 28) (5, 6, 29, 30) (2, 8, 12, 46, 17) (26, 32, 36, 22, 41) (3, 16, 18, 39, 23) (27, 40, 42, 15, 47) (0, 7, 10, 20, 11) (24, 31, 34, 44, 35) (13, 1, 9, 14, 45, 19, 37, 25, 33, 38, 21, 43) "
"OP(12,5,5,5,5,5,5,4,4)",0,Solved,"0,1090"," (4t+2)","0,1134","(\infty, 9, 8, 11, 40, 5, \infty, 29, 16, 35, 32, 33) (13, 6, 10, 0, 31) (37, 30, 34, 24, 7) (46, 21, 47, 20, 4) (22, 45, 23, 44, 28) (17, 2, 42, 14, 19) (41, 26, 18, 38, 43) (3, 12, 1, 15) (27, 36, 25, 39) "
"OP(4,4,4,5,5,5,5,12,3,3)",0,Solved,"0,0580"," (4t+2)","0,0621","(\infty, 10, \infty, 34) (27, 19, 0, 20) (3, 43, 24, 44) (4, 6, 36, 21, 9) (28, 30, 12, 45, 33) (13, 7, 42, 38, 35) (37, 31, 18, 14, 11) (25, 41, 2, 23, 22, 32, 1, 17, 26, 47, 46, 8) (40, 29, 15) (16, 5, 39) "
"OP(12,5,5,5,5,4,4,4,3,3)",0,Solved,"0,1630"," (4t+2)","0,1667","(\infty, 0, 12, 31, 42, 26, \infty, 2, 18, 7, 36, 24) (16, 8, 3, 10, 43) (40, 32, 27, 34, 19) (21, 38, 20, 33, 11) (45, 14, 44, 9, 35) (4, 46, 47, 1) (28, 22, 23, 25) (37, 41, 13, 17) (5, 39, 30) (29, 15, 6) "
"OP(12,5,5,5,5,3,3,3,3,3,3)",0,Solved,"0,0560"," (4t+2)","0,0596","(\infty, 29, 38, 25, 33, 19, \infty, 43, 9, 1, 14, 5) (47, 42, 35, 46, 44) (23, 18, 11, 22, 20) (39, 13, 34, 17, 45) (15, 37, 10, 41, 21) (2, 3, 32) (26, 27, 8) (6, 31, 16) (30, 7, 40) (0, 36, 4) (24, 12, 28) "
"OP(4,4,4,5,5,4,4,4,4,12)",0,Solved,"0,0700"," (4t+2)","0,0740","(\infty, 10, \infty, 34) (8, 22, 47, 19) (32, 46, 23, 43) (5, 21, 12, 6, 1) (29, 45, 36, 30, 25) (3, 11, 40, 13) (27, 35, 16, 37) (7, 14, 2, 4) (31, 38, 26, 28) (42, 20, 33, 15, 0, 17, 18, 44, 9, 39, 24, 41) "
"OP(4,4,4,4,5,5,12,3,3,3,3)",0,Solved,"0,1530"," (4t+2)","0,1569","(\infty, 19, \infty, 43) (42, 15, 13, 8) (18, 39, 37, 32) (9, 1, 33, 25) (4, 11, 7, 10, 22) (28, 35, 31, 34, 46) (6, 16, 5, 20, 21, 2, 30, 40, 29, 44, 45, 26) (17, 0, 23) (41, 24, 47) (38, 12, 3) (14, 36, 27) "
"OP(12,5,5,4,4,4,4,4,4,4)",0,Solved,"0,0630"," (4t+2)","0,0668","(\infty, 30, 5, 37, 11, 42, \infty, 18, 35, 13, 29, 6) (0, 28, 14, 1, 12) (24, 4, 38, 25, 36) (16, 46, 44, 17) (40, 22, 20, 41) (8, 15, 9, 47) (32, 39, 33, 23) (3, 7, 10, 43) (27, 31, 34, 19) (26, 21, 2, 45) "
"OP(12,5,5,4,4,4,4,3,3,3,3)",0,Solved,"0,0620"," (4t+2)","0,0680","(\infty, 7, 26, 47, 8, 45, \infty, 21, 32, 23, 2, 31) (29, 37, 9, 11, 36) (5, 13, 33, 35, 12) (46, 40, 4, 30) (22, 16, 28, 6) (38, 25, 43, 42) (14, 1, 19, 18) (44, 41, 27) (20, 17, 3) (34, 24, 39) (10, 0, 15) "
"OP(12,5,5,4,3,3,3,3,3,3,3,3)",0,Solved,"0,0580"," (4t+2)","0,0671","(\infty, 5, 26, 28, 15, 3, \infty, 27, 39, 4, 2, 29) (19, 16, 33, 22, 0) (43, 40, 9, 46, 24) (12, 18, 36, 42) (21, 1, 17) (45, 25, 41) (31, 38, 30) (7, 14, 6) (47, 8, 13) (23, 32, 37) (11, 34, 44) (35, 10, 20) "
"OP(4,4,4,4,4,4,4,4,12,3,3)",0,Solved,"0,1740"," (4t+2)","0,1792","(\infty, 17, \infty, 41) (3, 7, 1, 0) (27, 31, 25, 24) (36, 6, 40, 13) (12, 30, 16, 37) (15, 44, 46, 5) (39, 20, 22, 29) (10, 2, 34, 26) (4, 43, 8, 45, 23, 11, 28, 19, 32, 21, 47, 35) (14, 9, 42) (38, 33, 18) "
"OP(4,4,4,4,4,12,3,3,3,3,3,3)",0,Solved,"0,1740"," (4t+2)","0,1781","(\infty, 9, \infty, 33) (10, 5, 15, 12) (34, 29, 39, 36) (3, 11, 2, 17) (27, 35, 26, 41) (23, 16, 22, 0, 4, 20, 47, 40, 46, 24, 28, 44) (42, 6, 19) (18, 30, 43) (7, 8, 37) (31, 32, 13) (45, 14, 25) (21, 38, 1) "
"OP(4,4,12,3,3,3,3,3,3,3,3,3,3)",0,Solved,"0,2450"," (4t+2)","0,2489","(\infty, 29, \infty, 5) (3, 17, 27, 41) (47, 4, 37, 7, 39, 12, 23, 28, 13, 31, 15, 36) (30, 10, 18) (6, 34, 42) (0, 35, 44) (24, 11, 20) (38, 9, 40) (14, 33, 16) (8, 1, 2) (32, 25, 26) (46, 43, 21) (22, 19, 45) "
"OP(12,4,4,4,4,4,4,4,4,3,3)",0,Solved,"0,0470"," (4t+2)","0,0509","(\infty, 38, 21, 41, 16, 46, \infty, 22, 40, 17, 45, 14) (33, 18, 8, 20) (9, 42, 32, 44) (37, 10, 39, 23) (13, 34, 15, 47) (1, 2, 11, 7) (25, 26, 35, 31) (19, 30, 4, 12) (43, 6, 28, 36) (0, 5, 3) (24, 29, 27) "
"OP(12,4,4,4,4,4,3,3,3,3,3,3)",0,Solved,"0,1750"," (4t+2)","0,1803","(\infty, 20, 4, 8, 9, 30, \infty, 6, 33, 32, 28, 44) (22, 29, 47, 19) (46, 5, 23, 43) (2, 0, 11, 40) (26, 24, 35, 16) (18, 3, 42, 27) (37, 1, 14) (13, 25, 38) (36, 10, 41) (12, 34, 17) (31, 45, 39) (7, 21, 15) "
"OP(12,4,4,3,3,3,3,3,3,3,3,3,3)",0,Solved,"0,0550"," (4t+2)","0,0588","(\infty, 1, 11, 41, 10, 21, \infty, 45, 34, 17, 35, 25) (40, 8, 14, 12) (16, 32, 38, 36) (2, 3, 6) (26, 27, 30) (23, 9, 0) (47, 33, 24) (31, 19, 4) (7, 43, 28) (44, 15, 22) (20, 39, 46) (13, 5, 18) (37, 29, 42) "
"OP(12,10,11,11,6)",0,Solved,"0,0480"," (4t+2)","0,0513","(\infty, 11, 4, 12, 6, 3, \infty, 27, 30, 36, 28, 35) (15, 0, 10, 22, 8, 39, 24, 34, 46, 32) (9, 44, 19, 47, 17, 1, 5, 14, 13, 2, 7) (33, 20, 43, 23, 41, 25, 29, 38, 37, 26, 31) (16, 42, 21, 40, 18, 45) "
"OP(12,10,11,11,3,3)",0,Solved,"0,0480"," (4t+2)","0,0518","(\infty, 2, 4, 7, 6, 22, \infty, 46, 30, 31, 28, 26) (19, 33, 16, 27, 18, 43, 9, 40, 3, 42) (14, 21, 41, 11, 23, 15, 36, 10, 0, 13, 8) (38, 45, 17, 35, 47, 39, 12, 34, 24, 37, 32) (1, 20, 5) (25, 44, 29) "
"OP(8,11,11)",0,Solved,"0,0510"," (4t+2)","0,0551","(\infty, 5, 13, 39, \infty, 15, 37, 29) (30, 42, 22, 12, 7, 4, 0, 2, 3, 9, 16) (6, 18, 46, 36, 31, 28, 24, 26, 27, 33, 40) "
"OP(4,11,11,4)",0,Solved,"0,0620"," (4t+2)","0,0651","(\infty, 7, \infty, 31) (15, 5, 19, 1, 12, 44, 21, 8, 13, 9, 16) (39, 29, 43, 25, 36, 20, 45, 32, 37, 33, 40) (11, 2, 35, 26) "
"OP(10,11,11,10,8)",0,Solved,"0,0700"," (4t+2)","0,0744","(\infty, 6, 39, 5, 36, \infty, 12, 29, 15, 30) (37, 44, 34, 38, 32, 40, 27, 45, 33, 1, 28) (13, 20, 10, 14, 8, 16, 3, 21, 9, 25, 4) (46, 43, 41, 42, 47, 22, 19, 17, 18, 23) (26, 7, 35, 24, 2, 31, 11, 0) "
"OP(11,11,11,9,5,3)",,Infeasible,,Table config is not valid,,
"OP(10,11,11,10,4,4)",0,Solved,"0,0400"," (4t+2)","0,0470","(\infty, 2, 3, 5, 8, \infty, 32, 29, 27, 26) (7, 1, 9, 16, 4, 15, 30, 14, 37, 20, 11) (31, 25, 33, 40, 28, 39, 6, 38, 13, 44, 35) (12, 41, 21, 43, 22, 36, 17, 45, 19, 46) (23, 18, 0, 10) (47, 42, 24, 34) "
"OP(4,11,11,8,6,10)",0,Solved,"0,0750"," (4t+2)","0,0805","(\infty, 35, \infty, 11) (0, 1, 4, 14, 40, 20, 13, 21, 33, 15, 6) (24, 25, 28, 38, 16, 44, 37, 45, 9, 39, 30) (2, 46, 3, 5, 26, 22, 27, 29) (23, 12, 31, 47, 36, 7) (8, 42, 17, 34, 19, 32, 18, 41, 10, 43) "
"OP(6,11,11,8,10,4)",0,Solved,"0,1580"," (4t+2)","0,1627","(\infty, 3, 41, \infty, 17, 27) (5, 6, 8, 11, 15, 22, 38, 18, 36, 2, 10) (29, 30, 32, 35, 39, 46, 14, 42, 12, 26, 34) (1, 13, 19, 4, 25, 37, 43, 28) (40, 9, 0, 23, 45, 16, 33, 24, 47, 21) (20, 7, 44, 31) "
"OP(4,11,11,8,10,3,3)",0,Solved,"0,0690"," (4t+2)","0,0732","(\infty, 46, \infty, 22) (41, 1, 2, 28, 5, 39, 42, 47, 40, 44, 24) (17, 25, 26, 4, 29, 15, 18, 23, 16, 20, 0) (30, 36, 3, 38, 6, 12, 27, 14) (37, 7, 34, 43, 32, 13, 31, 10, 19, 8) (33, 35, 45) (9, 11, 21) "
"OP(4,11,11,7,7,10)",0,Solved,"0,0620"," (4t+2)","0,0664","(\infty, 4, \infty, 28) (5, 6, 2, 36, 17, 14, 8, 3, 10, 19, 7) (29, 30, 26, 12, 41, 38, 32, 27, 34, 43, 31) (11, 0, 13, 44, 16, 46, 21) (35, 24, 37, 20, 40, 22, 45) (1, 9, 42, 15, 47, 25, 33, 18, 39, 23) "
"OP(8,11,11,10,6,4)",0,Solved,"0,1110"," (4t+2)","0,1150","(\infty, 20, 21, 0, \infty, 24, 45, 44) (12, 7, 4, 19, 17, 10, 2, 22, 9, 13, 38) (36, 31, 28, 43, 41, 34, 26, 46, 33, 37, 14) (8, 18, 6, 15, 1, 32, 42, 30, 39, 25) (3, 35, 16, 27, 11, 40) (5, 23, 29, 47) "
"OP(8,11,11,10,5,5)",0,Solved,"0,0580"," (4t+2)","0,0652","(\infty, 21, 37, 23, \infty, 47, 13, 45) (2, 4, 14, 33, 46, 18, 39, 17, 34, 16, 7) (26, 28, 38, 9, 22, 42, 15, 41, 10, 40, 31) (44, 19, 8, 1, 5, 20, 43, 32, 25, 29) (11, 12, 0, 6, 3) (35, 36, 24, 30, 27) "
"OP(8,11,11,10,4,3,3)",0,Solved,"0,4190"," (4t+2)","0,4221","(\infty, 5, 39, 3, \infty, 27, 15, 29) (9, 10, 0, 8, 35, 41, 18, 2, 7, 20, 13) (33, 34, 24, 32, 11, 17, 42, 26, 31, 44, 37) (45, 14, 43, 23, 12, 21, 38, 19, 47, 36) (6, 4, 30, 28) (1, 16, 46) (25, 40, 22) "
"OP(6,11,11,6,6,10)",0,Solved,"0,0850"," (4t+2)","0,0899","(\infty, 0, 2, \infty, 26, 24) (3, 6, 5, 9, 15, 4, 11, 20, 34, 16, 8) (27, 30, 29, 33, 39, 28, 35, 44, 10, 40, 32) (7, 17, 38, 18, 47, 22) (31, 41, 14, 42, 23, 46) (12, 25, 13, 45, 19, 36, 1, 37, 21, 43) "
"OP(6,11,11,6,10,3,3)",0,Solved,"0,0900"," (4t+2)","0,0935","(\infty, 2, 4, \infty, 28, 26) (5, 6, 45, 7, 10, 44, 8, 12, 17, 39, 23) (29, 30, 21, 31, 34, 20, 32, 36, 41, 15, 47) (11, 0, 27, 35, 24, 3) (42, 22, 9, 40, 25, 18, 46, 33, 16, 1) (13, 19, 38) (37, 43, 14) "
"OP(4,11,11,6,4,4,10)",0,Solved,"0,1410"," (4t+2)","0,1449","(\infty, 20, \infty, 44) (7, 3, 4, 25, 23, 9, 21, 43, 36, 18, 10) (31, 27, 28, 1, 47, 33, 45, 19, 12, 42, 34) (14, 5, 0, 38, 29, 24) (35, 22, 39, 6) (11, 46, 15, 30) (41, 13, 2, 8, 40, 17, 37, 26, 32, 16) "
"OP(4,11,11,5,5,4,10)",0,Solved,"0,0570"," (4t+2)","0,0604","(\infty, 20, \infty, 44) (43, 17, 5, 3, 6, 11, 21, 4, 0, 14, 15) (19, 41, 29, 27, 30, 35, 45, 28, 24, 38, 39) (7, 1, 8, 37, 16) (31, 25, 32, 13, 40) (10, 2, 34, 26) (23, 12, 42, 9, 22, 47, 36, 18, 33, 46) "
"OP(6,11,11,10,4,4,4)",0,Solved,"0,1090"," (4t+2)","0,1136","(\infty, 31, 47, \infty, 23, 7) (32, 10, 46, 15, 4, 6, 3, 18, 11, 21, 12) (8, 34, 22, 39, 28, 30, 27, 42, 35, 45, 36) (44, 1, 9, 5, 26, 20, 25, 33, 29, 2) (0, 14, 43, 13) (24, 38, 19, 37) (40, 17, 16, 41) "
"OP(6,11,11,10,3,3,3,3)",0,Solved,"0,0440"," (4t+2)","0,0491","(\infty, 0, 18, \infty, 42, 24) (46, 33, 16, 43, 21, 29, 20, 6, 4, 23, 26) (22, 9, 40, 19, 45, 5, 44, 30, 28, 47, 2) (13, 3, 14, 10, 25, 37, 27, 38, 34, 1) (36, 41, 35) (12, 17, 11) (31, 15, 8) (7, 39, 32) "
"OP(4,11,11,4,4,10,3,3)",0,Solved,"0,0430"," (4t+2)","0,0467","(\infty, 1, \infty, 25) (4, 3, 6, 2, 0, 5, 13, 22, 32, 17, 10) (28, 27, 30, 26, 24, 29, 37, 46, 8, 41, 34) (35, 18, 7, 19) (11, 42, 31, 43) (14, 39, 21, 40, 12, 38, 15, 45, 16, 36) (23, 9, 44) (47, 33, 20) "
"OP(12,10,8)",0,Solved,"0,0460"," (4t+2)","0,0496","(\infty, 5, 13, 22, 39, 23, \infty, 47, 15, 46, 37, 29) (14, 9, 6, 4, 0, 38, 33, 30, 28, 24) (2, 3, 10, 16, 26, 27, 34, 40) "
"OP(4,10,10,4)",0,Solved,"0,0800"," (4t+2)","0,0838","(\infty, 0, \infty, 24) (2, 3, 7, 5, 8, 13, 4, 23, 15, 9) (26, 27, 31, 29, 32, 37, 28, 47, 39, 33) (6, 16, 30, 40) "
"OP(12,10,4,4)",0,Solved,"0,0610"," (4t+2)","0,0661","(\infty, 4, 5, 7, 2, 14, \infty, 38, 26, 31, 29, 28) (21, 43, 13, 3, 22, 45, 19, 37, 27, 46) (8, 11, 15, 0) (32, 35, 39, 24) "
"OP(12,9,9)",0,Solved,"0,1020"," (4t+2)","0,1078","(\infty, 14, 41, 21, 47, 16, \infty, 40, 23, 45, 17, 38) (2, 0, 7, 18, 32, 20, 12, 6, 1) (26, 24, 31, 42, 8, 44, 36, 30, 25) "
"OP(4,9,9,6)",0,Solved,"0,0440"," (4t+2)","0,0473","(\infty, 1, \infty, 25) (4, 3, 6, 2, 0, 5, 31, 17, 10) (28, 27, 30, 26, 24, 29, 7, 41, 34) (39, 14, 43, 15, 38, 19) "
"OP(6,9,9,4)",0,Solved,"0,0920"," (4t+2)","0,0959","(\infty, 13, 17, \infty, 41, 37) (39, 19, 0, 45, 22, 38, 8, 6, 5) (15, 43, 24, 21, 46, 14, 32, 30, 29) (3, 18, 27, 42) "
"OP(4,9,9,3,3)",0,Solved,"0,0700"," (4t+2)","0,0734","(\infty, 20, \infty, 44) (10, 39, 17, 7, 1, 5, 6, 19, 40) (34, 15, 41, 31, 25, 29, 30, 43, 16) (14, 46, 18) (38, 22, 42) "
"OP(4,10,7,7)",0,Solved,"0,0450"," (4t+2)","0,0489","(\infty, 17, \infty, 41) (46, 16, 39, 2, 24, 22, 40, 15, 26, 0) (27, 23, 10, 31, 12, 6, 13) (3, 47, 34, 7, 36, 30, 37) "
"OP(12,8,6,4)",0,Solved,"0,0490"," (4t+2)","0,0528","(\infty, 22, 43, 20, 36, 16, \infty, 40, 12, 44, 19, 46) (4, 7, 15, 34, 28, 31, 39, 10) (45, 23, 14, 21, 47, 38) (8, 1, 32, 25) "
"OP(12,8,5,5)",0,Solved,"0,1570"," (4t+2)","0,1635","(\infty, 20, 42, 10, 41, 22, \infty, 46, 17, 34, 18, 44) (14, 23, 43, 16, 38, 47, 19, 40) (39, 6, 36, 0, 2) (15, 30, 12, 24, 26) "
"OP(12,8,4,3,3)",0,Solved,"0,0840"," (4t+2)","0,0880","(\infty, 14, 0, 5, 13, 10, \infty, 34, 37, 29, 24, 38) (18, 1, 7, 17, 42, 25, 31, 41) (32, 45, 8, 21) (22, 15, 3) (46, 39, 27) "
"OP(12,7,7,4)",0,Solved,"0,1400"," (4t+2)","0,1447","(\infty, 10, 8, 1, 21, 4, \infty, 28, 45, 25, 32, 34) (12, 18, 47, 11, 15, 7, 2) (36, 42, 23, 35, 39, 31, 26) (3, 6, 27, 30) "
"OP(6,10,6,6)",0,Solved,"0,0430"," (4t+2)","0,0467","(\infty, 4, 14, \infty, 38, 28) (13, 39, 21, 44, 16, 37, 15, 45, 20, 40) (7, 23, 12, 41, 10, 22) (31, 47, 36, 17, 34, 46) "
"OP(6,10,6,3,3)",0,Solved,"0,0690"," (4t+2)","0,0744","(\infty, 11, 45, \infty, 21, 35) (15, 2, 7, 1, 19, 39, 26, 31, 25, 43) (5, 12, 3, 29, 36, 27) (14, 4, 8) (38, 28, 32) "
"OP(4,10,6,4,4)",0,Solved,"0,0780"," (4t+2)","0,0822","(\infty, 46, \infty, 22) (47, 3, 35, 44, 45, 23, 27, 11, 20, 21) (34, 0, 40, 10, 24, 16) (43, 41, 26, 14) (19, 17, 2, 38) "
"OP(12,6,6,6)",0,Solved,"0,0530"," (4t+2)","0,0575","(\infty, 36, 42, 3, 28, 24, \infty, 0, 4, 27, 18, 12) (41, 6, 38, 39, 37, 22) (17, 30, 14, 15, 13, 46) (44, 25, 7, 20, 1, 31) "
"OP(12,6,6,3,3)",0,Solved,"0,0410"," (4t+2)","0,0466","(\infty, 12, 41, 23, 10, 22, \infty, 46, 34, 47, 17, 36) (4, 7, 13, 3, 14, 30) (28, 31, 37, 27, 38, 6) (16, 8, 1) (40, 32, 25) "
"OP(4,10,5,5,4)",0,Solved,"0,0530"," (4t+2)","0,0567","(\infty, 1, \infty, 25) (2, 3, 9, 12, 37, 26, 27, 33, 36, 13) (5, 19, 38, 22, 40) (29, 43, 14, 46, 16) (7, 0, 31, 24) "
"OP(12,6,4,4,4)",0,Solved,"0,0460"," (4t+2)","0,0498","(\infty, 4, 7, 11, 6, 18, \infty, 42, 30, 35, 31, 28) (12, 33, 16, 36, 9, 40) (27, 41, 21, 43) (3, 17, 45, 19) (13, 38, 37, 14) "
"OP(12,6,3,3,3,3)",0,Solved,"0,0540"," (4t+2)","0,0580","(\infty, 44, 17, 3, 18, 46, \infty, 22, 42, 27, 41, 20) (16, 4, 47, 40, 28, 23) (15, 45, 19) (39, 21, 43) (36, 13, 2) (12, 37, 26) "
"OP(4,10,4,5,5)",0,Solved,"0,0450"," (4t+2)","0,0493","(\infty, \infty, 23, 47) (5, 12, 8, 19, 44, 29, 36, 32, 43, 20) (7, 1, 31, 25) (22, 3, 15, 41, 42) (46, 27, 39, 17, 18) "
"OP(12,5,5,4,4)",0,Solved,"0,0740"," (4t+2)","0,0779","(\infty, \infty, 23, 36, 21, 40, 13, 37, 16, 45, 12, 47) (9, 3, 1, 6, 7) (33, 27, 25, 30, 31) (39, 19, 42, 11) (15, 43, 18, 35) "
"OP(4,10,4,4,3,3)",0,Solved,"0,0840"," (4t+2)","0,0880","(\infty, 30, \infty, 6) (3, 0, 10, 44, 14, 27, 24, 34, 20, 38) (23, 11, 43, 12) (47, 35, 19, 36) (22, 13, 5) (46, 37, 29) "
"OP(12,4,4,4,3,3)",0,Solved,"0,1210"," (4t+2)","0,1246","(\infty, 42, 8, 34, 35, 4, \infty, 28, 11, 10, 32, 18) (5, 3, 38, 43) (29, 27, 14, 19) (22, 45, 46, 21) (37, 47, 2) (13, 23, 26) "
"OP(12,3,3,3,3,3,3)",0,Solved,"0,2060"," (4t+2)","0,2106","(\infty, 42, 7, 8, 20, 46, \infty, 22, 44, 32, 31, 18) (16, 5, 15) (40, 29, 39) (35, 21, 38) (11, 45, 14) (23, 41, 12) (47, 17, 36) "
"OP(4,9,9,6)",0,Solved,"0,0420"," (4t+2)","0,0458","(\infty, 1, \infty, 25) (4, 3, 6, 2, 0, 5, 31, 17, 10) (28, 27, 30, 26, 24, 29, 7, 41, 34) (39, 14, 43, 15, 38, 19) "
"OP(12,10,9,9,6,4)",0,Solved,"0,3910"," (4t+2)","0,3950","(\infty, 0, 1, 3, 6, 10, \infty, 34, 30, 27, 25, 24) (4, 12, 21, 5, 16, 28, 36, 45, 29, 40) (8, 22, 41, 14, 37, 15, 33, 43, 23) (32, 46, 17, 38, 13, 39, 9, 19, 47) (20, 7, 2, 44, 31, 26) (18, 11, 42, 35) "
"OP(12,10,9,9,5,5)",0,Solved,"0,0870"," (4t+2)","0,0905","(\infty, 17, 2, 3, 1, 13, \infty, 37, 25, 27, 26, 41) (9, 38, 16, 43, 15, 33, 14, 40, 19, 39) (34, 18, 4, 45, 5, 8, 12, 22, 47) (10, 42, 28, 21, 29, 32, 36, 46, 23) (6, 11, 20, 31, 0) (30, 35, 44, 7, 24) "
"OP(12,10,9,9,4,3,3)",0,Solved,"0,0920"," (4t+2)","0,0955","(\infty, 39, 9, 41, 22, 43, \infty, 19, 46, 17, 33, 15) (21, 6, 20, 42, 14, 45, 30, 44, 18, 38) (23, 13, 7, 2, 3, 0, 4, 12, 35) (47, 37, 31, 26, 27, 24, 28, 36, 11) (5, 16, 29, 40) (1, 8, 10) (25, 32, 34) "
"OP(4,8,8,8)",0,Solved,"0,0780"," (4t+2)","0,0832","(\infty, 46, \infty, 22) (2, 23, 13, 45, 12, 34, 31, 38) (26, 47, 37, 21, 36, 10, 7, 14) (41, 6, 25, 16, 17, 30, 1, 40) "
"OP(8,8,8,4)",0,Solved,"0,1860"," (4t+2)","0,1901","(\infty, 16, 34, 42, \infty, 18, 10, 40) (21, 8, 27, 39, 19, 41, 14, 46) (45, 32, 3, 15, 43, 17, 38, 22) (7, 2, 31, 26) "
"OP(6,8,8,6)",0,Solved,"0,0670"," (4t+2)","0,0712","(\infty, 0, 2, \infty, 26, 24) (3, 6, 5, 9, 15, 4, 16, 8) (27, 30, 29, 33, 39, 28, 40, 32) (7, 14, 41, 31, 38, 17) "
"OP(6,8,8,3,3)",0,Solved,"0,0440"," (4t+2)","0,0478","(\infty, 2, 4, \infty, 28, 26) (6, 7, 23, 43, 33, 16, 27, 45) (30, 31, 47, 19, 9, 40, 3, 21) (11, 17, 42) (35, 41, 18) "
"OP(4,8,8,4,4)",0,Solved,"0,0910"," (4t+2)","0,0944","(\infty, 0, \infty, 24) (2, 3, 7, 5, 8, 13, 19, 9) (26, 27, 31, 29, 32, 37, 43, 33) (4, 12, 21, 34) (28, 36, 45, 10) "
"OP(6,8,7,7)",0,Solved,"0,0420"," (4t+2)","0,0463","(\infty, 1, 31, \infty, 7, 25) (12, 35, 43, 16, 36, 11, 19, 40) (37, 26, 33, 17, 32, 10, 27) (13, 2, 9, 41, 8, 34, 3) "
"OP(8,8,6,6)",0,Solved,"0,0480"," (4t+2)","0,0520","(\infty, 36, 16, 4, \infty, 28, 40, 12) (41, 7, 20, 47, 17, 31, 44, 23) (15, 37, 18, 34, 19, 8) (39, 13, 42, 10, 43, 32) "
"OP(8,8,6,3,3)",0,Solved,"0,1270"," (4t+2)","0,1312","(\infty, 38, 3, 28, \infty, 4, 27, 14) (6, 39, 35, 8, 30, 15, 11, 32) (25, 45, 46, 1, 21, 22) (37, 29, 40) (13, 5, 16) "
"OP(11,11,9,7,5,4,3)",,Infeasible,,Table config is not valid,,
"OP(8,8,4,4,4)",0,Solved,"0,0610"," (4t+2)","0,0645","(\infty, 44, 25, 2, \infty, 26, 1, 20) (5, 33, 34, 46, 29, 9, 10, 22) (43, 40, 24, 37) (19, 16, 0, 13) (47, 32, 23, 8) "
"OP(8,8,3,3,3,3)",0,Solved,"0,1150"," (4t+2)","0,1189","(\infty, 24, 19, 38, \infty, 14, 43, 0) (34, 32, 2, 23, 10, 8, 26, 47) (40, 39, 22) (16, 15, 46) (36, 11, 5) (12, 35, 29) "
"OP(4,8,6,6,4)",0,Solved,"0,0420"," (4t+2)","0,0461","(\infty, \infty, 23, 47) (38, 18, 13, 2, 14, 42, 37, 26) (40, 15, 41, 20, 3, 21) (16, 39, 17, 44, 27, 45) (10, 19, 34, 43) "
"OP(4,8,6,5,5)",0,Solved,"0,0580"," (4t+2)","0,0620","(\infty, 16, \infty, 40) (39, 34, 23, 33, 15, 10, 47, 9) (11, 14, 26, 35, 38, 2) (32, 0, 28, 13, 19) (8, 24, 4, 37, 43) "
"OP(6,8,6,4,4)",0,Solved,"0,0380"," (4t+2)","0,0425","(\infty, 43, 35, \infty, 11, 19) (26, 44, 29, 33, 2, 20, 5, 9) (0, 13, 36, 24, 37, 12) (41, 38, 1, 30) (17, 14, 25, 6) "
"OP(4,8,6,4,3,3)",0,Solved,"0,0480"," (4t+2)","0,0515","(\infty, 2, \infty, 26) (3, 4, 6, 10, 27, 28, 30, 34) (1, 7, 12, 25, 31, 36) (5, 14, 29, 38) (9, 16, 13) (33, 40, 37) "
"OP(6,8,5,5,4)",0,Solved,"0,1470"," (4t+2)","0,1509","(\infty, 9, 39, \infty, 15, 33) (45, 13, 3, 14, 21, 37, 27, 38) (10, 2, 11, 36, 22) (34, 26, 35, 12, 46) (5, 0, 29, 24) "
"OP(4,8,5,5,3,3)",0,Solved,"0,0880"," (4t+2)","0,0915","(\infty, 17, \infty, 41) (2, 3, 1, 10, 26, 27, 25, 34) (9, 23, 43, 13, 38) (33, 47, 19, 37, 14) (31, 16, 4) (7, 40, 28) "
"OP(6,8,4,4,3,3)",0,Solved,"0,0480"," (4t+2)","0,0522","(\infty, 2, 4, \infty, 28, 26) (6, 7, 10, 42, 30, 31, 34, 18) (33, 16, 27, 36) (9, 40, 3, 12) (11, 41, 21) (35, 17, 45) "
"OP(4,8,4,4,4,4)",0,Solved,"0,0600"," (4t+2)","0,0637","(\infty, 3, \infty, 27) (4, 5, 7, 14, 28, 29, 31, 38) (9, 15, 40, 1) (33, 39, 16, 25) (11, 26, 13, 8) (35, 2, 37, 32) "
"OP(4,8,4,3,3,3,3)",0,Solved,"0,0850"," (4t+2)","0,0888","(\infty, 21, \infty, 45) (42, 7, 8, 4, 18, 31, 32, 28) (24, 40, 0, 16) (1, 44, 6) (25, 20, 30) (9, 11, 17) (33, 35, 41) "
"OP(12,10,8,8,8,4)",0,Solved,"0,2000"," (4t+2)","0,2054","(\infty, 2, 3, 5, 8, 14, \infty, 38, 32, 29, 27, 26) (4, 13, 31, 45, 16, 28, 37, 7, 21, 40) (11, 18, 33, 17, 44, 22, 39, 19) (35, 42, 9, 41, 20, 46, 15, 43) (1, 6, 10, 0, 25, 30, 34, 24) (12, 23, 36, 47) "
"OP(6,7,7,8)",0,Solved,"0,1040"," (4t+2)","0,1080","(\infty, 2, 4, \infty, 28, 26) (5, 6, 45, 7, 10, 44, 9) (29, 30, 21, 31, 34, 20, 33) (11, 18, 36, 16, 35, 42, 12, 40) "
"OP(12,10,8,8,6,6)",0,Solved,"0,0650"," (4t+2)","0,0700","(\infty, 5, 13, 45, 23, 41, \infty, 17, 47, 21, 37, 29) (14, 9, 6, 4, 0, 38, 33, 30, 28, 24) (2, 3, 10, 16, 7, 22, 43, 15) (26, 27, 34, 40, 31, 46, 19, 39) (18, 35, 12, 1, 20, 32) (42, 11, 36, 25, 44, 8) "
"OP(12,10,8,8,6,3,3)",0,Solved,"0,2490"," (4t+2)","0,2540","(\infty, 2, 8, 1, 4, 40, \infty, 16, 28, 25, 32, 26) (45, 11, 10, 15, 43, 21, 35, 34, 39, 19) (12, 31, 13, 24, 14, 30, 3, 47) (36, 7, 37, 0, 38, 6, 27, 23) (17, 9, 18, 41, 33, 42) (5, 22, 20) (29, 46, 44) "
"OP(4,8,8,4,4)",0,Solved,"0,0850"," (4t+2)","0,0889","(\infty, 0, \infty, 24) (2, 3, 7, 5, 8, 13, 19, 9) (26, 27, 31, 29, 32, 37, 43, 33) (4, 12, 21, 34) (28, 36, 45, 10) "
"OP(12,10,8,8,4,4,4)",0,Solved,"0,2420"," (4t+2)","0,2454","(\infty, 2, 3, 0, 4, 6, \infty, 30, 28, 24, 27, 26) (5, 15, 34, 13, 43, 29, 39, 10, 37, 19) (45, 20, 12, 7, 1, 8, 17, 33) (21, 44, 36, 31, 25, 32, 41, 9) (14, 42, 16, 47) (38, 18, 40, 23) (11, 22, 35, 46) "
"OP(12,10,8,8,3,3,3,3)",0,Solved,"0,0610"," (4t+2)","0,0648","(\infty, 7, 37, 41, 44, 35, \infty, 11, 20, 17, 13, 31) (34, 39, 26, 47, 33, 10, 15, 2, 23, 9) (38, 27, 1, 30, 45, 29, 46, 0) (14, 3, 25, 6, 21, 5, 22, 24) (42, 43, 36) (18, 19, 12) (32, 4, 40) (8, 28, 16) "
"OP(12,10,8,7,7,6)",0,Solved,"0,0710"," (4t+2)","0,0748","(\infty, 17, 44, 18, 33, 19, \infty, 43, 9, 42, 20, 41) (16, 46, 21, 14, 5, 40, 22, 45, 38, 29) (1, 7, 8, 37, 25, 31, 32, 13) (6, 2, 4, 12, 23, 39, 11) (30, 26, 28, 36, 47, 15, 35) (3, 0, 10, 27, 24, 34) "
"OP(12,10,8,7,7,3,3)",0,Solved,"0,1020"," (4t+2)","0,1057","(\infty, \infty, 23, 42, 10, 2, 3, 27, 26, 34, 18, 47) (21, 39, 16, 33, 19, 45, 15, 40, 9, 43) (1, 6, 8, 36, 25, 30, 32, 12) (22, 35, 14, 4, 0, 7, 13) (46, 11, 38, 28, 24, 31, 37) (5, 20, 17) (29, 44, 41) "
"OP(4,7,7,6,4)",0,Solved,"0,0820"," (4t+2)","0,0859","(\infty, 0, \infty, 24) (2, 3, 7, 5, 8, 13, 19) (26, 27, 31, 29, 32, 37, 43) (4, 11, 20, 28, 35, 44) (6, 16, 30, 40) "
"OP(4,7,7,5,5)",0,Solved,"0,0400"," (4t+2)","0,0438","(\infty, 1, \infty, 25) (4, 3, 6, 2, 0, 5, 11) (28, 27, 30, 26, 24, 29, 35) (19, 9, 23, 12, 38) (43, 33, 47, 36, 14) "
"OP(6,7,7,4,4)",0,Solved,"0,0620"," (4t+2)","0,0666","(\infty, 37, 11, \infty, 35, 13) (36, 28, 18, 3, 0, 31, 17) (12, 4, 42, 27, 24, 7, 41) (43, 20, 8, 6) (19, 44, 32, 30) "
"OP(4,7,7,4,3,3)",0,Solved,"0,1730"," (4t+2)","0,1770","(\infty, 12, \infty, 36) (5, 9, 14, 45, 20, 0, 19) (29, 33, 38, 21, 44, 24, 43) (22, 16, 46, 40) (34, 18, 3) (10, 42, 27) "
"OP(4,8,5,5,6)",0,Solved,"0,0970"," (4t+2)","0,1009","(\infty, 8, \infty, 32) (10, 21, 39, 22, 34, 45, 15, 46) (0, 2, 3, 9, 5) (24, 26, 27, 33, 29) (11, 4, 1, 35, 28, 25) "
"OP(12,10,8,6,6,4,4)",0,Solved,"0,0500"," (4t+2)","0,0543","(\infty, 7, 40, 28, 34, 23, \infty, 47, 10, 4, 16, 31) (41, 25, 5, 9, 26, 17, 1, 29, 33, 2) (32, 42, 37, 30, 8, 18, 13, 6) (44, 45, 15, 36, 11, 46) (20, 21, 39, 12, 35, 22) (0, 14, 43, 3) (24, 38, 19, 27) "
"OP(12,10,8,6,5,5,4)",0,Solved,"0,3700"," (4t+2)","0,3757","(\infty, 31, 35, 22, 36, 9, \infty, 33, 12, 46, 11, 7) (43, 45, 4, 37, 8, 19, 21, 28, 13, 32) (40, 23, 20, 38, 16, 47, 44, 14) (29, 30, 25, 5, 6, 1) (39, 27, 17, 42, 0) (15, 3, 41, 18, 24) (10, 2, 34, 26) "
"OP(4,8,5,5,3,3)",0,Solved,"0,0860"," (4t+2)","0,0905","(\infty, 17, \infty, 41) (2, 3, 1, 10, 26, 27, 25, 34) (9, 23, 43, 13, 38) (33, 47, 19, 37, 14) (31, 16, 4) (7, 40, 28) "
"OP(12,10,8,6,4,4,3,3)",0,Solved,"0,1180"," (4t+2)","0,1221","(\infty, 17, 8, 13, 6, 21, \infty, 45, 30, 37, 32, 41) (15, 44, 22, 19, 9, 39, 20, 46, 43, 33) (4, 3, 11, 5, 28, 27, 35, 29) (1, 18, 38, 25, 42, 14) (2, 0, 12, 16) (26, 24, 36, 40) (23, 34, 7) (47, 10, 31) "
"OP(12,10,8,5,5,5,5)",0,Solved,"0,1840"," (4t+2)","0,1894","(\infty, 41, 35, 10, 0, 39, \infty, 15, 24, 34, 11, 17) (31, 23, 12, 26, 8, 7, 47, 36, 2, 32) (44, 13, 45, 1, 20, 37, 21, 25) (4, 19, 22, 29, 9) (28, 43, 46, 5, 33) (18, 30, 3, 38, 16) (42, 6, 27, 14, 40) "
"OP(12,10,8,5,5,4,3,3)",0,Solved,"0,0390"," (4t+2)","0,0430","(\infty, 6, 3, 9, 35, 14, \infty, 38, 11, 33, 27, 30) (20, 10, 22, 47, 15, 44, 34, 46, 23, 39) (40, 12, 5, 1, 16, 36, 29, 25) (2, 7, 21, 13, 4) (26, 31, 45, 37, 28) (19, 8, 43, 32) (0, 18, 17) (24, 42, 41) "
"OP(4,8,4,4,4,4)",0,Solved,"0,0590"," (4t+2)","0,0632","(\infty, 3, \infty, 27) (4, 5, 7, 14, 28, 29, 31, 38) (9, 15, 40, 1) (33, 39, 16, 25) (11, 26, 13, 8) (35, 2, 37, 32) "
"OP(4,8,4,3,3,3,3)",0,Solved,"0,0860"," (4t+2)","0,0895","(\infty, 21, \infty, 45) (42, 7, 8, 4, 18, 31, 32, 28) (24, 40, 0, 16) (1, 44, 6) (25, 20, 30) (9, 11, 17) (33, 35, 41) "
"OP(12,10,8,4,4,4,4,4)",0,Solved,"0,4900"," (4t+2)","0,4933","(\infty, 40, 31, 8, 29, 34, \infty, 10, 5, 32, 7, 16) (35, 2, 38, 1, 39, 11, 26, 14, 25, 15) (44, 28, 36, 33, 20, 4, 12, 9) (19, 21, 22, 41) (43, 45, 46, 17) (3, 47, 6, 37) (27, 23, 30, 13) (0, 18, 24, 42) "
"OP(12,10,8,4,4,3,3,3,3)",0,Solved,"0,1700"," (4t+2)","0,1748","(\infty, 12, 4, 31, 9, 8, \infty, 32, 33, 7, 28, 36) (44, 2, 11, 46, 23, 20, 26, 35, 22, 47) (37, 3, 14, 43, 13, 27, 38, 19) (17, 10, 15, 0) (41, 34, 39, 24) (5, 21, 1) (29, 45, 25) (18, 6, 16) (42, 30, 40) "
"OP(12,10,7,7,7,7)",0,Solved,"0,0480"," (4t+2)","0,0516","(\infty, \infty, 23, 38, 21, 7, 19, 43, 31, 45, 14, 47) (10, 42, 15, 44, 16, 34, 18, 39, 20, 40) (22, 13, 8, 1, 2, 12, 35) (46, 37, 32, 25, 26, 36, 11) (9, 17, 28, 6, 0, 3, 5) (33, 41, 4, 30, 24, 27, 29) "
"OP(4,6,7,7,4)",0,Solved,"0,1090"," (4t+2)","0,1134","(\infty, 19, \infty, 43) (8, 0, 1, 32, 24, 25) (2, 39, 3, 17, 11, 7, 4) (26, 15, 27, 41, 35, 31, 28) (5, 10, 29, 34) "
"OP(4,7,7,5,5)",0,Solved,"0,0410"," (4t+2)","0,0449","(\infty, 1, \infty, 25) (4, 3, 6, 2, 0, 5, 11) (28, 27, 30, 26, 24, 29, 35) (19, 9, 23, 12, 38) (43, 33, 47, 36, 14) "
"OP(12,10,7,7,6,4,4)",0,Solved,"0,1530"," (4t+2)","0,1580","(\infty, 16, 43, 17, 47, 14, \infty, 38, 23, 41, 19, 40) (7, 4, 0, 1, 3, 31, 28, 24, 25, 27) (34, 15, 46, 35, 21, 9, 18) (10, 39, 22, 11, 45, 33, 42) (2, 8, 13, 26, 32, 37) (5, 12, 20, 30) (29, 36, 44, 6) "
"OP(12,10,7,7,5,5,4)",0,Solved,"0,1120"," (4t+2)","0,1158","(\infty, 7, 5, 36, 41, 47, \infty, 23, 17, 12, 29, 31) (42, 10, 37, 45, 19, 18, 34, 13, 21, 43) (44, 40, 30, 11, 46, 1, 26) (20, 16, 6, 35, 22, 25, 2) (39, 32, 4, 38, 27) (15, 8, 28, 14, 3) (24, 33, 0, 9) "
"OP(4,7,7,4,3,3)",0,Solved,"0,1640"," (4t+2)","0,1676","(\infty, 12, \infty, 36) (5, 9, 14, 45, 20, 0, 19) (29, 33, 38, 21, 44, 24, 43) (22, 16, 46, 40) (34, 18, 3) (10, 42, 27) "
"OP(12,10,7,7,4,4,3,3)",0,Solved,"0,0610"," (4t+2)","0,0652","(\infty, 8, 41, 19, 46, 12, \infty, 36, 22, 43, 17, 32) (14, 9, 6, 4, 0, 38, 33, 30, 28, 24) (2, 3, 10, 16, 39, 21, 13) (26, 27, 34, 40, 15, 45, 37) (31, 18, 35, 47) (7, 42, 11, 23) (1, 20, 29) (25, 44, 5) "
"OP(4,6,6,6,6)",0,Solved,"0,0540"," (4t+2)","0,0584","(\infty, 1, \infty, 25) (2, 3, 9, 13, 46, 12) (26, 27, 33, 37, 22, 36) (7, 10, 42, 29, 11, 0) (31, 34, 18, 5, 35, 24) "
"OP(6,6,6,6,4)",0,Solved,"0,1580"," (4t+2)","0,1651","(\infty, 19, 45, \infty, 21, 43) (13, 23, 3, 18, 9, 2) (37, 47, 27, 42, 33, 26) (12, 7, 1, 36, 31, 25) (44, 17, 20, 41) "
"OP(4,6,6,6,3,3)",0,Solved,"0,0480"," (4t+2)","0,0526","(\infty, 31, \infty, 7) (37, 36, 41, 24, 33, 39) (13, 12, 17, 0, 9, 15) (43, 28, 44, 19, 4, 20) (5, 32, 35) (29, 8, 11) "
"OP(6,6,6,5,5)",0,Solved,"0,0950"," (4t+2)","0,0986","(\infty, 43, 11, \infty, 35, 19) (5, 13, 46, 21, 47, 3) (29, 37, 22, 45, 23, 27) (20, 8, 1, 6, 41) (44, 32, 25, 30, 17) "
"OP(6,6,6,4,3,3)",0,Solved,"0,0480"," (4t+2)","0,0513","(\infty, 2, 4, \infty, 28, 26) (6, 7, 10, 17, 47, 16) (30, 31, 34, 41, 23, 40) (27, 11, 3, 35) (36, 22, 14) (12, 46, 38) "
"OP(4,6,6,4,4,4)",0,Solved,"0,0470"," (4t+2)","0,0514","(\infty, 40, \infty, 16) (36, 32, 1, 33, 5, 6) (12, 8, 25, 9, 29, 30) (4, 39, 37, 27) (28, 15, 13, 3) (43, 38, 19, 14) "
"OP(4,6,6,3,3,3,3)",0,Solved,"0,0490"," (4t+2)","0,0527","(\infty, 46, \infty, 22) (17, 3, 10, 14, 4, 16) (41, 27, 34, 38, 28, 40) (47, 7, 1) (23, 31, 25) (33, 5, 24) (9, 29, 0) "
"OP(6,6,5,5,3,3)",0,Solved,"0,0500"," (4t+2)","0,0550","(\infty, 2, 4, \infty, 28, 26) (6, 7, 21, 30, 31, 45) (22, 34, 16, 27, 43) (46, 10, 40, 3, 19) (18, 38, 12) (42, 14, 36) "
"OP(4,6,5,5,4,4)",0,Solved,"0,0760"," (4t+2)","0,0806","(\infty, 19, \infty, 43) (11, 37, 18, 35, 13, 42) (3, 12, 22, 7, 6) (27, 36, 46, 31, 30) (15, 8, 2, 4) (39, 32, 26, 28) "
"OP(6,6,4,4,4,4)",0,Solved,"0,0850"," (4t+2)","0,0894","(\infty, 42, 12, \infty, 36, 18) (35, 7, 2, 11, 31, 26) (39, 14, 40, 21) (15, 38, 16, 45) (5, 41, 10, 20) (29, 17, 34, 44) "
"OP(6,6,4,3,3,3,3)",0,Solved,"0,3310"," (4t+2)","0,3357","(\infty, 6, 32, \infty, 8, 30) (27, 42, 39, 3, 18, 15) (34, 2, 10, 26) (4, 47, 5) (28, 23, 29) (44, 40, 12) (20, 16, 36) "
"OP(4,6,4,4,4,3,3)",0,Solved,"0,0810"," (4t+2)","0,0853","(\infty, 33, \infty, 9) (42, 31, 39, 18, 7, 15) (37, 34, 41, 2) (13, 10, 17, 26) (47, 43, 23, 19) (44, 11, 21) (20, 35, 45) "
"OP(4,6,3,3,3,3,3,3)",0,Solved,"0,0460"," (4t+2)","0,0500","(\infty, 41, \infty, 17) (11, 29, 36, 35, 5, 12) (20, 22, 45) (44, 46, 21) (3, 25, 14) (27, 1, 38) (0, 16, 6) (24, 40, 30) "
"OP(12,10,6,6,6,6,4)",0,Solved,"0,0420"," (4t+2)","0,0471","(\infty, 18, 47, 17, 43, 22, \infty, 46, 19, 41, 23, 42) (14, 9, 6, 4, 0, 38, 33, 30, 28, 24) (2, 3, 10, 16, 32, 15) (26, 27, 34, 40, 8, 39) (13, 21, 7, 35, 12, 1) (37, 45, 31, 11, 36, 25) (20, 5, 44, 29) "
"OP(12,10,6,6,6,5,5)",0,Solved,"0,1270"," (4t+2)","0,1307","(\infty, 43, 38, 1, 37, 31, \infty, 7, 13, 25, 14, 19) (47, 8, 34, 6, 33, 23, 32, 10, 30, 9) (26, 44, 46, 29, 0, 40) (2, 20, 22, 5, 24, 16) (36, 3, 35, 12, 27, 11) (39, 4, 45, 41, 42) (15, 28, 21, 17, 18) "
"OP(12,10,6,6,6,4,3,3)",0,Solved,"0,0810"," (4t+2)","0,0888","(\infty, 18, 9, 35, 12, 22, \infty, 46, 36, 11, 33, 42) (41, 34, 15, 20, 38, 17, 10, 39, 44, 14) (21, 4, 5, 1, 3, 6) (45, 28, 29, 25, 27, 30) (47, 19, 7, 23, 43, 31) (0, 13, 24, 37) (8, 16, 2) (32, 40, 26) "
"OP(12,10,6,6,5,5,3,3)",0,Solved,"0,0620"," (4t+2)","0,0664","(\infty, 3, 4, 6, 9, 17, \infty, 41, 33, 30, 28, 27) (20, 45, 15, 1, 16, 44, 21, 39, 25, 40) (26, 13, 8, 14, 23, 42) (2, 37, 32, 38, 47, 18) (5, 36, 10, 22, 43) (29, 12, 34, 46, 19) (0, 7, 11) (24, 31, 35) "
"OP(4,5,5,6,4,4)",0,Solved,"0,0970"," (4t+2)","0,1005","(\infty, 37, \infty, 13) (0, 6, 14, 7, 22) (24, 30, 38, 31, 46) (35, 3, 40, 11, 27, 16) (19, 39, 8, 44) (43, 15, 32, 20) "
"OP(12,10,6,6,4,4,4,4)",0,Solved,"0,0810"," (4t+2)","0,0877","(\infty, 44, 15, 17, 0, 12, \infty, 36, 24, 41, 39, 20) (6, 9, 23, 45, 7, 30, 33, 47, 21, 31) (8, 19, 40, 46, 18, 3) (32, 43, 16, 22, 42, 27) (29, 11, 4, 13) (5, 35, 28, 37) (14, 10, 2, 1) (38, 34, 26, 25) "
"OP(12,10,6,6,4,3,3,3,3)",0,Solved,"0,1100"," (4t+2)","0,1144","(\infty, 24, 35, 3, 29, 36, \infty, 12, 5, 27, 11, 0) (40, 46, 7, 34, 4, 16, 22, 31, 10, 28) (41, 38, 30, 1, 15, 43) (17, 14, 6, 25, 39, 19) (45, 44, 21, 20) (42, 32, 47) (18, 8, 23) (37, 2, 33) (13, 26, 9) "
"OP(4,5,5,5,5,4)",0,Solved,"0,0410"," (4t+2)","0,0453","(\infty, 2, \infty, 26) (36, 13, 39, 8, 27) (12, 37, 15, 32, 3) (11, 4, 34, 1, 0) (35, 28, 10, 25, 24) (42, 38, 18, 14) "
"OP(12,10,6,5,5,4,4,4)",0,Solved,"0,2450"," (4t+2)","0,2494","(\infty, 11, 45, 14, 16, 1, \infty, 25, 40, 38, 21, 35) (44, 6, 3, 9, 46, 20, 30, 27, 33, 22) (2, 23, 10, 26, 47, 34) (15, 8, 0, 18, 43) (39, 32, 24, 42, 19) (13, 17, 5, 4) (37, 41, 29, 28) (12, 7, 36, 31) "
"OP(12,10,6,5,5,3,3,3,3)",0,Solved,"0,0820"," (4t+2)","0,0859","(\infty, 44, 10, 3, 43, 8, \infty, 32, 19, 27, 34, 20) (39, 6, 4, 40, 12, 15, 30, 28, 16, 36) (14, 5, 9, 38, 29, 33) (17, 47, 22, 0, 1) (41, 23, 46, 24, 25) (35, 18, 45) (11, 42, 21) (13, 2, 7) (37, 26, 31) "
"OP(4,5,5,4,4,3,3)",0,Solved,"0,0480"," (4t+2)","0,0518","(\infty, 17, \infty, 41) (47, 16, 44, 43, 13) (23, 40, 20, 19, 37) (39, 10, 0, 12) (15, 34, 24, 36) (5, 3, 11) (29, 27, 35) "
"OP(12,10,6,4,4,4,4,3,3)",0,Solved,"0,1070"," (4t+2)","0,1110","(\infty, 10, 12, 20, 5, 4, \infty, 28, 29, 44, 36, 34) (3, 19, 14, 11, 31, 27, 43, 38, 35, 7) (13, 22, 1, 37, 46, 25) (18, 8, 21, 47) (42, 32, 45, 23) (9, 2, 16, 39) (33, 26, 40, 15) (6, 17, 0) (30, 41, 24) "
"OP(12,10,6,4,3,3,3,3,3,3)",0,Solved,"0,1050"," (4t+2)","0,1081","(\infty, 41, 13, 3, 10, 23, \infty, 47, 34, 27, 37, 17) (21, 0, 19, 7, 11, 45, 24, 43, 31, 35) (40, 15, 32, 16, 39, 8) (18, 9, 42, 33) (12, 6, 1) (36, 30, 25) (22, 14, 44) (46, 38, 20) (4, 5, 2) (28, 29, 26) "
"OP(4,4,5,5,5,5)",0,Solved,"0,0730"," (4t+2)","0,0776","(\infty, 19, \infty, 43) (2, 9, 26, 33) (3, 8, 20, 21, 6) (27, 32, 44, 45, 30) (10, 23, 41, 12, 4) (34, 47, 17, 36, 28) "
"OP(12,10,5,5,5,5,4,4)",0,Solved,"0,2330"," (4t+2)","0,2367","(\infty, 19, 37, 23, 46, 11, \infty, 35, 22, 47, 13, 43) (3, 8, 14, 5, 12, 27, 32, 38, 29, 36) (7, 15, 44, 18, 34) (31, 39, 20, 42, 10) (45, 33, 16, 6, 17) (21, 9, 40, 30, 41) (4, 0, 2, 1) (28, 24, 26, 25) "
"OP(4,4,4,5,5,3,3)",0,Solved,"0,0470"," (4t+2)","0,0513","(\infty, 1, \infty, 25) (9, 3, 12, 2) (33, 27, 36, 26) (0, 45, 16, 4, 8) (24, 21, 40, 28, 32) (17, 6, 11) (41, 30, 35) "
"OP(12,10,5,5,4,4,4,3,3)",0,Solved,"0,0480"," (4t+2)","0,0516","(\infty, 2, 4, 5, 13, 22, \infty, 46, 37, 29, 28, 26) (9, 34, 16, 27, 17, 33, 10, 40, 3, 41) (12, 18, 38, 21, 47) (36, 42, 14, 45, 23) (15, 19, 7, 0) (39, 43, 31, 24) (11, 8, 35, 32) (1, 20, 6) (25, 44, 30) "
"OP(12,10,5,5,3,3,3,3,3,3)",0,Solved,"0,1380"," (4t+2)","0,1420","(\infty, 9, 32, 22, 29, 7, \infty, 31, 5, 46, 8, 33) (41, 1, 34, 4, 21, 17, 25, 10, 28, 45) (36, 37, 16, 30, 24) (12, 13, 40, 6, 0) (43, 27, 14) (19, 3, 38) (11, 2, 39) (35, 26, 15) (20, 23, 18) (44, 47, 42) "
"OP(4,4,4,4,4,4,4)",0,Solved,"0,0460"," (4t+2)","0,0495","(\infty, 35, \infty, 11) (42, 29, 1, 34) (18, 5, 25, 10) (4, 26, 38, 33) (28, 2, 14, 9) (41, 27, 45, 24) (17, 3, 21, 0) "
"OP(4,4,4,4,3,3,3,3)",0,Solved,"0,0520"," (4t+2)","0,0558","(\infty, 34, \infty, 10) (44, 33, 2, 42) (20, 9, 26, 18) (43, 38, 19, 14) (25, 41, 40) (1, 17, 16) (36, 39, 5) (12, 15, 29) "
"OP(12,10,4,4,4,4,4,4,4)",0,Solved,"0,0950"," (4t+2)","0,0988","(\infty, 47, 20, 46, 45, 13, \infty, 37, 21, 22, 44, 23) (4, 15, 0, 6, 9, 28, 39, 24, 30, 33) (10, 2, 16, 3) (34, 26, 40, 27) (5, 7, 19, 14) (29, 31, 43, 38) (17, 42, 25, 35) (41, 18, 1, 11) (12, 8, 36, 32) "
"OP(12,10,4,4,4,4,3,3,3,3)",0,Solved,"0,1300"," (4t+2)","0,1341","(\infty, 32, 5, 39, 13, 30, \infty, 6, 37, 15, 29, 8) (33, 42, 26, 24, 44, 9, 18, 2, 0, 20) (41, 3, 28, 47) (17, 27, 4, 23) (45, 38, 46, 34) (21, 14, 22, 10) (25, 40, 43) (1, 16, 19) (35, 36, 31) (11, 12, 7) "
"OP(12,10,4,3,3,3,3,3,3,3,3)",0,Solved,"0,3140"," (4t+2)","0,3175","(\infty, 4, 20, 3, 10, 0, \infty, 24, 34, 27, 44, 28) (41, 11, 16, 13, 42, 17, 35, 40, 37, 18) (9, 5, 33, 29) (45, 23, 8) (21, 47, 32) (14, 6, 12) (38, 30, 36) (19, 7, 46) (43, 31, 22) (1, 15, 2) (25, 39, 26) "
"OP(10,10,10)",0,Solved,"0,0320"," (4t+2)","0,0386","(\infty, 2, 3, 5, 8, \infty, 32, 29, 27, 26) (7, 1, 9, 16, 4, 30, 17, 36, 20, 11) (31, 25, 33, 40, 28, 6, 41, 12, 44, 35) "
"OP(4,10,10,6)",0,Solved,"0,0450"," (4t+2)","0,0481","(\infty, 1, \infty, 25) (4, 3, 6, 2, 0, 5, 13, 31, 17, 10) (28, 27, 30, 26, 24, 29, 37, 7, 41, 34) (21, 9, 36, 45, 33, 12) "
"OP(6,10,10,4)",0,Solved,"0,0930"," (4t+2)","0,0971","(\infty, 34, 6, \infty, 30, 10) (7, 43, 3, 13, 11, 33, 17, 0, 18, 4) (31, 19, 27, 37, 35, 9, 41, 24, 42, 28) (45, 40, 21, 16) "
"OP(4,10,10,3,3)",0,Solved,"0,0460"," (4t+2)","0,0503","(\infty, 1, \infty, 25) (4, 3, 6, 2, 0, 5, 13, 31, 17, 10) (28, 27, 30, 26, 24, 29, 37, 7, 41, 34) (23, 38, 18) (47, 14, 42) "
"OP(11,10,10,9,7,3)",,Infeasible,,Table config is not valid,,
"OP(10,10,6,4)",0,Solved,"0,0690"," (4t+2)","0,0741","(\infty, 9, 21, 46, 15, \infty, 39, 22, 45, 33) (12, 42, 16, 37, 23, 36, 18, 40, 13, 47) (0, 2, 3, 24, 26, 27) (6, 10, 30, 34) "
"OP(10,10,5,5)",0,Solved,"0,0480"," (4t+2)","0,0522","(\infty, 2, 3, 5, 8, \infty, 32, 29, 27, 26) (7, 1, 9, 16, 43, 31, 25, 33, 40, 19) (6, 17, 34, 15, 35) (30, 41, 10, 39, 11) "
"OP(10,10,4,3,3)",0,Solved,"0,1930"," (4t+2)","0,1975","(\infty, 1, 2, 12, 15, \infty, 39, 36, 26, 25) (6, 43, 9, 7, 0, 30, 19, 33, 31, 24) (20, 45, 44, 21) (16, 29, 3) (40, 5, 27) "
"OP(4,10,8,8)",0,Solved,"0,0460"," (4t+2)","0,0505","(\infty, 21, \infty, 45) (17, 0, 18, 47, 19, 41, 24, 42, 23, 43) (5, 1, 33, 20, 8, 7, 2, 11) (29, 25, 9, 44, 32, 31, 26, 35) "
"OP(8,10,8,4)",0,Solved,"0,3590"," (4t+2)","0,3637","(\infty, 42, 21, 22, \infty, 46, 45, 18) (0, 12, 47, 13, 41, 24, 36, 23, 37, 17) (16, 8, 1, 10, 40, 32, 25, 34) (5, 2, 29, 26) "
"OP(6,10,8,6)",0,Solved,"0,0870"," (4t+2)","0,0917","(\infty, 14, 44, \infty, 20, 38) (46, 18, 37, 12, 43, 22, 42, 13, 36, 19) (47, 11, 1, 16, 23, 35, 25, 40) (8, 21, 10, 32, 45, 34) "
"OP(6,10,8,3,3)",0,Solved,"0,1170"," (4t+2)","0,1204","(\infty, 20, 46, \infty, 22, 44) (13, 1, 10, 12, 2, 37, 25, 34, 36, 26) (14, 19, 40, 21, 38, 43, 16, 45) (9, 8, 4) (33, 32, 28) "
"OP(4,10,8,4,4)",0,Solved,"0,0430"," (4t+2)","0,0472","(\infty, 20, \infty, 44) (43, 13, 5, 3, 9, 19, 37, 29, 27, 33) (23, 7, 4, 0, 47, 31, 28, 24) (6, 17, 8, 1) (30, 41, 32, 25) "
"OP(6,10,7,7)",0,Solved,"0,0500"," (4t+2)","0,0543","(\infty, 40, 14, \infty, 38, 16) (7, 46, 0, 3, 4, 31, 22, 24, 27, 28) (45, 13, 47, 19, 9, 39, 10) (21, 37, 23, 43, 33, 15, 34) "
"OP(8,10,6,6)",0,Solved,"0,0450"," (4t+2)","0,0485","(\infty, 36, 16, 4, \infty, 28, 40, 12) (37, 7, 41, 20, 42, 13, 31, 17, 44, 18) (15, 47, 34, 19, 8, 1) (39, 23, 10, 43, 32, 25) "
"OP(8,10,6,3,3)",0,Solved,"0,1630"," (4t+2)","0,1668","(\infty, 34, 3, 26, \infty, 2, 27, 10) (47, 32, 25, 33, 45, 23, 8, 1, 9, 21) (38, 40, 30, 14, 16, 6) (24, 37, 17) (0, 13, 41) "
"OP(11,10,10,7,5,4,3)",,Infeasible,,Table config is not valid,,
"OP(8,10,4,4,4)",0,Solved,"0,2980"," (4t+2)","0,3021","(\infty, 1, 2, 7, \infty, 31, 26, 25) (33, 18, 41, 22, 13, 9, 42, 17, 46, 37) (10, 45, 11, 23) (34, 21, 35, 47) (5, 3, 29, 27) "
"OP(8,10,3,3,3,3)",0,Solved,"0,0460"," (4t+2)","0,0491","(\infty, 2, 12, 28, \infty, 4, 36, 26) (5, 17, 35, 39, 30, 29, 41, 11, 15, 6) (45, 38, 44) (21, 14, 20) (23, 3, 22) (47, 27, 46) "
"OP(4,10,6,6,4)",0,Solved,"0,0430"," (4t+2)","0,0468","(\infty, 20, \infty, 44) (42, 10, 5, 3, 6, 18, 34, 29, 27, 30) (39, 12, 4, 0, 13, 14) (15, 36, 28, 24, 37, 38) (7, 1, 31, 25) "
"OP(4,10,6,5,5)",0,Solved,"0,0520"," (4t+2)","0,0563","(\infty, 21, \infty, 45) (16, 5, 8, 15, 30, 40, 29, 32, 39, 6) (35, 10, 2, 11, 34, 26) (0, 4, 9, 3, 1) (24, 28, 33, 27, 25) "
"OP(6,10,6,4,4)",0,Solved,"0,0870"," (4t+2)","0,0920","(\infty, 32, 0, \infty, 24, 8) (38, 43, 39, 46, 33, 14, 19, 15, 22, 9) (35, 44, 45, 11, 20, 21) (27, 47, 1, 34) (3, 23, 25, 10) "
"OP(4,10,6,4,3,3)",0,Solved,"0,0920"," (4t+2)","0,0960","(\infty, 21, \infty, 45) (0, 14, 33, 15, 41, 24, 38, 9, 39, 17) (43, 18, 46, 19, 42, 22) (2, 11, 26, 35) (16, 3, 5) (40, 27, 29) "
"OP(6,10,5,5,4)",0,Solved,"0,1350"," (4t+2)","0,1390","(\infty, 40, 8, \infty, 32, 16) (38, 31, 39, 13, 9, 14, 7, 15, 37, 33) (20, 45, 43, 29, 18) (44, 21, 19, 5, 42) (46, 17, 22, 41) "
"OP(4,10,5,5,3,3)",0,Solved,"0,0610"," (4t+2)","0,0643","(\infty, 8, \infty, 32) (16, 4, 0, 23, 14, 40, 28, 24, 47, 38) (5, 15, 21, 1, 22) (29, 39, 45, 25, 46) (17, 3, 19) (41, 27, 43) "
"OP(6,10,4,4,3,3)",0,Solved,"0,0480"," (4t+2)","0,0519","(\infty, 2, 4, \infty, 28, 26) (6, 7, 10, 35, 18, 30, 31, 34, 11, 42) (16, 27, 36, 46) (40, 3, 12, 22) (19, 45, 17) (43, 21, 41) "
"OP(4,10,4,4,4,4)",0,Solved,"0,0570"," (4t+2)","0,0613","(\infty, 17, \infty, 41) (21, 11, 4, 12, 23, 45, 35, 28, 36, 47) (1, 5, 0, 3) (25, 29, 24, 27) (6, 19, 39, 20) (30, 43, 15, 44) "
"OP(4,10,4,3,3,3,3)",0,Solved,"0,0810"," (4t+2)","0,0860","(\infty, 4, \infty, 28) (45, 10, 40, 12, 46, 21, 34, 16, 36, 22) (1, 23, 25, 47) (13, 44, 6) (37, 20, 30) (14, 19, 0) (38, 43, 24) "
"OP(4,9,9,8)",0,Solved,"0,0450"," (4t+2)","0,0493","(\infty, \infty, 23, 47) (3, 12, 42, 9, 41, 22, 43, 21, 8) (27, 36, 18, 33, 17, 46, 19, 45, 32) (39, 14, 11, 1, 15, 38, 35, 25) "
"OP(8,9,9,4)",0,Solved,"0,0670"," (4t+2)","0,0706","(\infty, 8, 14, 16, \infty, 40, 38, 32) (6, 39, 5, 33, 42, 24, 12, 2, 31) (30, 15, 29, 9, 18, 0, 36, 26, 7) (10, 45, 34, 21) "
"OP(6,9,9,6)",0,Solved,"0,0830"," (4t+2)","0,0867","(\infty, 14, 2, \infty, 26, 38) (9, 20, 47, 12, 29, 15, 8, 16, 31) (33, 44, 23, 36, 5, 39, 32, 40, 7) (42, 17, 46, 18, 41, 22) "
"OP(6,9,9,3,3)",0,Solved,"0,0580"," (4t+2)","0,0619","(\infty, 4, 14, \infty, 38, 28) (10, 39, 21, 37, 12, 40, 23, 44, 22) (34, 15, 45, 13, 36, 16, 47, 20, 46) (11, 7, 1) (35, 31, 25) "
"OP(4,9,9,4,4)",0,Solved,"0,0550"," (4t+2)","0,0582","(\infty, 19, \infty, 43) (32, 15, 44, 22, 38, 23, 11, 0, 18) (8, 39, 20, 46, 14, 47, 35, 24, 42) (2, 6, 16, 7) (26, 30, 40, 31) "
"OP(10,8,8,4)",0,Solved,"0,0960"," (4t+2)","0,0997","(\infty, 15, 41, 12, 47, \infty, 23, 36, 17, 39) (16, 7, 6, 4, 9, 5, 13, 19) (40, 31, 30, 28, 33, 29, 37, 43) (22, 1, 46, 25) "
"OP(11,10,9,8,7,5)",,Infeasible,,Table config is not valid,,
"OP(10,8,6,6)",0,Solved,"0,0460"," (4t+2)","0,0498","(\infty, 13, 39, 22, 45, \infty, 21, 46, 15, 37) (33, 19, 12, 8, 9, 43, 36, 32) (0, 18, 2, 7, 16, 44) (24, 42, 26, 31, 40, 20) "
"OP(10,8,6,3,3)",0,Solved,"0,0500"," (4t+2)","0,0539","(\infty, 42, 3, 35, 4, \infty, 28, 11, 27, 18) (44, 32, 2, 46, 20, 8, 26, 22) (45, 30, 38, 21, 6, 14) (1, 29, 39) (25, 5, 15) "
"OP(11,10,9,8,5,4,3)",,Infeasible,,Table config is not valid,,
"OP(10,8,4,4,4)",0,Solved,"0,0450"," (4t+2)","0,0489","(\infty, 6, 16, 32, 18, \infty, 42, 8, 40, 30) (47, 19, 12, 7, 23, 43, 36, 31) (4, 0, 2, 3) (28, 24, 26, 27) (9, 17, 33, 41) "
"OP(10,8,3,3,3,3)",0,Solved,"0,0840"," (4t+2)","0,0878","(\infty, 35, 20, 40, 43, \infty, 19, 16, 44, 11) (7, 15, 9, 38, 31, 39, 33, 14) (25, 47, 24) (1, 23, 0) (6, 18, 34) (30, 42, 10) "
"OP(10,7,7,6)",0,Solved,"0,0490"," (4t+2)","0,0525","(\infty, 2, 3, 5, 8, \infty, 32, 29, 27, 26) (6, 1, 9, 20, 7, 21, 37) (30, 25, 33, 44, 31, 45, 13) (10, 19, 12, 34, 43, 36) "
"OP(10,7,7,3,3)",0,Solved,"0,0490"," (4t+2)","0,0531","(\infty, 14, 3, 15, 20, \infty, 44, 39, 27, 38) (10, 7, 23, 46, 13, 43, 21) (34, 31, 47, 22, 37, 19, 45) (42, 11, 1) (18, 35, 25) "
"OP(11,10,9,7,6,4,3)",,Infeasible,,Table config is not valid,,
"OP(11,10,9,7,5,5,3)",,Infeasible,,Table config is not valid,,
"OP(11,10,9,7,5,4,4)",,Infeasible,,Table config is not valid,,
"OP(11,10,9,7,4,3,3,3)",,Infeasible,,Table config is not valid,,
"OP(11,10,9,6,6,5,3)",,Infeasible,,Table config is not valid,,
"OP(10,6,6,4,4)",0,Solved,"0,0440"," (4t+2)","0,0476","(\infty, 10, 3, 7, 12, \infty, 36, 31, 27, 34) (13, 38, 18, 44, 17, 46) (37, 14, 42, 20, 41, 22) (16, 47, 15, 1) (40, 23, 39, 25) "
"OP(10,6,5,5,4)",0,Solved,"0,2580"," (4t+2)","0,2613","(\infty, 5, 9, 18, 7, \infty, 31, 42, 33, 29) (16, 0, 14, 40, 24, 38) (4, 12, 37, 1, 22) (28, 36, 13, 25, 46) (44, 15, 20, 39) "
"OP(11,10,9,6,5,3,3,3)",,Infeasible,,Table config is not valid,,
"OP(10,6,4,4,3,3)",0,Solved,"0,0430"," (4t+2)","0,0486","(\infty, 2, 3, 5, 8, \infty, 32, 29, 27, 26) (6, 1, 9, 30, 25, 33) (15, 28, 16, 45) (39, 4, 40, 21) (35, 19, 10) (11, 43, 34) "
"OP(10,5,5,5,5)",0,Solved,"0,0550"," (4t+2)","0,0589","(\infty, 3, 4, 6, 9, \infty, 33, 30, 28, 27) (22, 39, 19, 5, 1) (46, 15, 43, 29, 25) (17, 26, 13, 8, 14) (41, 2, 37, 32, 38) "
"OP(10,5,5,4,3,3)",0,Solved,"0,0540"," (4t+2)","0,0578","(\infty, 2, 15, 47, 16, \infty, 40, 23, 39, 26) (5, 12, 35, 21, 33) (29, 36, 11, 45, 9) (44, 14, 20, 38) (42, 13, 3) (18, 37, 27) "
"OP(11,10,9,5,4,4,4,3)",,Infeasible,,Table config is not valid,,
"OP(11,10,9,5,3,3,3,3,3)",,Infeasible,,Table config is not valid,,
"OP(10,4,4,4,4,4)",0,Solved,"0,0470"," (4t+2)","0,0507","(\infty, 0, 4, 11, 20, \infty, 44, 35, 28, 24) (37, 10, 23, 12) (13, 34, 47, 36) (2, 3, 5, 8) (26, 27, 29, 32) (14, 22, 38, 46) "
"OP(10,4,4,3,3,3,3)",0,Solved,"0,0520"," (4t+2)","0,0562","(\infty, 2, 4, 7, 6, \infty, 30, 31, 28, 26) (9, 41, 23, 16) (33, 17, 47, 40) (27, 18, 46) (3, 42, 22) (34, 12, 43) (10, 36, 19) "
"OP(6,8,8,8)",0,Solved,"0,0600"," (4t+2)","0,0643","(\infty, 17, 1, \infty, 25, 41) (42, 15, 5, 19, 8, 10, 45, 12) (18, 39, 29, 43, 32, 34, 21, 36) (2, 9, 3, 46, 26, 33, 27, 22) "
"OP(8,8,8,6)",0,Solved,"0,0880"," (4t+2)","0,0917","(\infty, 19, 6, 7, \infty, 31, 30, 43) (44, 40, 10, 0, 11, 42, 15, 1) (20, 16, 34, 24, 35, 18, 39, 25) (23, 8, 5, 47, 32, 29) "
"OP(8,8,8,3,3)",0,Solved,"0,1000"," (4t+2)","0,1037","(\infty, 17, 2, 3, \infty, 27, 26, 41) (1, 8, 19, 35, 18, 47, 38, 13) (25, 32, 43, 11, 42, 23, 14, 37) (40, 5, 45) (16, 29, 21) "
"OP(4,8,8,6,4)",0,Solved,"0,0470"," (4t+2)","0,0511","(\infty, 36, \infty, 12) (10, 30, 9, 46, 2, 38, 5, 40) (34, 6, 33, 22, 26, 14, 29, 16) (43, 45, 3, 19, 21, 27) (47, 0, 23, 24) "
"OP(4,8,8,5,5)",0,Solved,"0,0460"," (4t+2)","0,0494","(\infty, 18, \infty, 42) (3, 8, 22, 47, 17, 33, 13, 16) (27, 32, 46, 23, 41, 9, 37, 40) (12, 39, 20, 11, 1) (36, 15, 44, 35, 25) "
"OP(6,8,8,4,4)",0,Solved,"0,0600"," (4t+2)","0,0645","(\infty, 46, 36, \infty, 12, 22) (35, 19, 15, 0, 34, 26, 47, 44) (11, 43, 39, 24, 10, 2, 23, 20) (40, 45, 28, 17) (16, 21, 4, 41) "
"OP(4,8,8,4,3,3)",0,Solved,"0,0440"," (4t+2)","0,0489","(\infty, \infty, 23, 47) (19, 0, 17, 42, 15, 3, 9, 10) (43, 24, 41, 18, 39, 27, 33, 34) (2, 16, 26, 40) (6, 21, 8) (30, 45, 32) "
"OP(8,8,7,7)",0,Solved,"0,0650"," (4t+2)","0,0688","(\infty, 17, 43, 25, \infty, 1, 19, 41) (29, 42, 14, 8, 5, 18, 38, 32) (36, 22, 37, 44, 4, 33, 23) (12, 46, 13, 20, 28, 9, 47) "
"OP(4,8,7,7,4)",0,Solved,"0,0430"," (4t+2)","0,0470","(\infty, 1, \infty, 25) (2, 3, 9, 12, 26, 27, 33, 36) (5, 15, 45, 20, 40, 14, 41) (29, 39, 21, 44, 16, 38, 17) (0, 7, 24, 31) "
"OP(11,10,8,7,6,5,3)",,Infeasible,,Table config is not valid,,
"OP(8,8,6,4,4)",0,Solved,"0,1150"," (4t+2)","0,1187","(\infty, 0, 41, 12, \infty, 36, 17, 24) (46, 23, 20, 5, 22, 47, 44, 29) (13, 18, 39, 37, 42, 15) (11, 25, 7, 3) (35, 1, 31, 27) "
"OP(8,8,5,5,4)",0,Solved,"0,0570"," (4t+2)","0,0610","(\infty, 7, 18, 13, \infty, 37, 42, 31) (11, 44, 43, 14, 35, 20, 19, 38) (3, 45, 9, 0, 2) (27, 21, 33, 24, 26) (15, 46, 39, 22) "
"OP(11,10,8,7,5,3,3,3)",,Infeasible,,Table config is not valid,,
"OP(8,8,4,4,3,3)",0,Solved,"0,1800"," (4t+2)","0,1842","(\infty, 39, 13, 3, \infty, 27, 37, 15) (17, 6, 22, 40, 41, 30, 46, 16) (0, 9, 1, 21) (24, 33, 25, 45) (44, 47, 18) (20, 23, 42) "
"OP(4,8,6,6,6)",0,Solved,"0,0470"," (4t+2)","0,0514","(\infty, 22, \infty, 46) (40, 12, 5, 3, 16, 36, 29, 27) (37, 18, 7, 4, 0, 14) (13, 42, 31, 28, 24, 38) (15, 6, 1, 39, 30, 25) "
"OP(6,8,6,6,4)",0,Solved,"0,0710"," (4t+2)","0,0748","(\infty, 19, 13, \infty, 37, 43) (18, 9, 5, 10, 42, 33, 29, 34) (16, 2, 4, 21, 1, 23) (40, 26, 28, 45, 25, 47) (11, 22, 35, 46) "
"OP(4,8,6,6,3,3)",0,Solved,"0,0450"," (4t+2)","0,0497","(\infty, 15, \infty, 39) (23, 6, 4, 13, 47, 30, 28, 37) (7, 8, 12, 40, 33, 18) (31, 32, 36, 16, 9, 42) (34, 2, 25) (10, 26, 1) "
"OP(6,8,6,5,5)",0,Solved,"0,1030"," (4t+2)","0,1071","(\infty, 19, 45, \infty, 21, 43) (1, 11, 6, 0, 25, 35, 30, 24) (4, 13, 42, 28, 37, 18) (3, 10, 31, 44, 32) (27, 34, 7, 20, 8) "
"OP(6,8,6,4,3,3)",0,Solved,"0,2140"," (4t+2)","0,2186","(\infty, 0, 16, \infty, 40, 24) (10, 43, 37, 23, 34, 19, 13, 47) (7, 2, 1, 31, 26, 25) (12, 41, 36, 17) (20, 45, 33) (44, 21, 9) "
"OP(4,8,6,4,4,4)",0,Solved,"0,0590"," (4t+2)","0,0633","(\infty, 4, \infty, 28) (5, 6, 2, 17, 29, 30, 26, 41) (7, 13, 11, 31, 37, 35) (3, 8, 19, 10) (27, 32, 43, 34) (14, 0, 38, 24) "
"OP(4,8,6,3,3,3,3)",0,Solved,"0,1320"," (4t+2)","0,1362","(\infty, 0, \infty, 24) (14, 9, 3, 12, 38, 33, 27, 36) (11, 43, 10, 35, 19, 34) (1, 8, 42) (25, 32, 18) (46, 6, 7) (22, 30, 31) "
"OP(6,8,5,5,3,3)",0,Solved,"0,0470"," (4t+2)","0,0510","(\infty, 3, 15, \infty, 39, 27) (21, 12, 7, 23, 45, 36, 31, 47) (9, 40, 11, 0, 1) (33, 16, 35, 24, 25) (22, 2, 20) (46, 26, 44) "
"OP(4,8,5,5,4,4)",0,Solved,"0,0430"," (4t+2)","0,0467","(\infty, 1, \infty, 25) (23, 3, 9, 2, 47, 27, 33, 26) (0, 22, 35, 4, 8) (24, 46, 11, 28, 32) (17, 6, 20, 38) (41, 30, 44, 14) "
"OP(6,8,4,4,4,4)",0,Solved,"0,0480"," (4t+2)","0,0516","(\infty, 2, 4, \infty, 28, 26) (5, 6, 14, 42, 29, 30, 38, 18) (31, 16, 27, 21) (7, 40, 3, 45) (46, 19, 37, 47) (22, 43, 13, 23) "
"OP(6,8,4,3,3,3,3)",0,Solved,"0,0800"," (4t+2)","0,0837","(\infty, 14, 36, \infty, 12, 38) (41, 3, 35, 16, 17, 27, 11, 40) (1, 32, 25, 8) (9, 7, 15) (33, 31, 39) (45, 0, 44) (21, 24, 20) "
"OP(4,8,4,4,4,3,3)",0,Solved,"0,0480"," (4t+2)","0,0532","(\infty, 2, \infty, 26) (3, 4, 6, 10, 27, 28, 30, 34) (1, 7, 12, 15) (25, 31, 36, 39) (5, 14, 29, 38) (11, 22, 9) (35, 46, 33) "
"OP(4,8,3,3,3,3,3,3)",0,Solved,"0,0510"," (4t+2)","0,0568","(\infty, 24, \infty, 0) (11, 21, 28, 29, 35, 45, 4, 5) (22, 38, 47) (46, 14, 23) (25, 17, 2) (1, 41, 26) (32, 13, 9) (8, 37, 33) "
"OP(11,10,7,7,7,5,3)",,Infeasible,,Table config is not valid,,
"OP(8,7,7,4,4)",0,Solved,"0,0770"," (4t+2)","0,0800","(\infty, 17, 7, 15, \infty, 39, 31, 41) (36, 2, 38, 34, 6, 4, 1) (12, 26, 14, 10, 30, 28, 25) (23, 46, 5, 42) (47, 22, 29, 18) "
"OP(4,7,7,6,6)",0,Solved,"0,0200"," (4t+2)","0,0243","(\infty, 1, \infty, 25) (4, 3, 6, 2, 0, 5, 11) (28, 27, 30, 26, 24, 29, 35) (19, 9, 44, 23, 12, 38) (43, 33, 20, 47, 36, 14) "
"OP(6,7,7,6,4)",0,Solved,"0,1260"," (4t+2)","0,1290","(\infty, 15, 1, \infty, 25, 39) (14, 2, 23, 0, 45, 19, 6) (38, 26, 47, 24, 21, 43, 30) (16, 17, 7, 40, 41, 31) (12, 42, 36, 18) "
"OP(4,7,7,6,3,3)",0,Solved,"0,0420"," (4t+2)","0,0462","(\infty, 2, \infty, 26) (3, 4, 6, 9, 1, 7, 14) (27, 28, 30, 33, 25, 31, 38) (8, 12, 41, 32, 36, 17) (11, 21, 37) (35, 45, 13) "
"OP(6,7,7,5,5)",0,Solved,"0,0780"," (4t+2)","0,0818","(\infty, 20, 10, \infty, 34, 44) (22, 43, 23, 12, 37, 21, 40) (46, 19, 47, 36, 13, 45, 16) (4, 17, 32, 15, 7) (28, 41, 8, 39, 31) "
"OP(6,7,7,4,3,3)",0,Solved,"0,1610"," (4t+2)","0,1655","(\infty, 45, 3, \infty, 27, 21) (4, 1, 8, 7, 39, 17, 9) (28, 25, 32, 31, 15, 41, 33) (5, 16, 29, 40) (47, 13, 42) (23, 37, 18) "
"OP(4,7,7,4,4,4)",0,Solved,"0,0460"," (4t+2)","0,0498","(\infty, 1, \infty, 25) (2, 3, 0, 4, 23, 5, 7) (26, 27, 24, 28, 47, 29, 31) (9, 19, 12, 21) (33, 43, 36, 45) (17, 6, 41, 30) "
"OP(4,7,7,3,3,3,3)",0,Solved,"0,1390"," (4t+2)","0,1428","(\infty, 20, \infty, 44) (12, 23, 11, 45, 5, 31, 3) (36, 47, 35, 21, 29, 7, 27) (15, 10, 41) (39, 34, 17) (18, 8, 1) (42, 32, 25) "
"OP(8,6,6,6,4)",0,Solved,"0,1510"," (4t+2)","0,1547","(\infty, 9, 35, 21, \infty, 45, 11, 33) (16, 5, 18, 15, 3, 20) (40, 29, 42, 39, 27, 44) (41, 12, 7, 17, 36, 31) (0, 2, 24, 26) "
"OP(8,6,6,5,5)",0,Solved,"0,0570"," (4t+2)","0,0608","(\infty, 43, 17, 45, \infty, 21, 41, 19) (40, 22, 9, 23, 13, 1) (16, 46, 33, 47, 37, 25) (12, 39, 10, 42, 14) (36, 15, 34, 18, 38) "
"OP(8,6,6,4,3,3)",0,Solved,"0,0490"," (4t+2)","0,0538","(\infty, 24, 18, 26, \infty, 2, 42, 0) (13, 10, 1, 19, 12, 22) (37, 34, 25, 43, 36, 46) (9, 4, 33, 28) (21, 32, 44) (45, 8, 20) "
"OP(8,6,5,5,3,3)",0,Solved,"0,1370"," (4t+2)","0,1423","(\infty, 3, 7, 37, \infty, 13, 31, 27) (18, 4, 21, 42, 28, 45) (16, 36, 43, 5, 41) (40, 12, 19, 29, 17) (8, 34, 1) (32, 10, 25) "
"OP(11,10,7,6,5,4,4,3)",,Infeasible,,Table config is not valid,,
"OP(8,6,4,4,4,4)",0,Solved,"0,0450"," (4t+2)","0,0483","(\infty, 18, 39, 8, \infty, 32, 15, 42) (7, 5, 4, 31, 29, 28) (9, 19, 3, 11) (33, 43, 27, 35) (2, 14, 10, 12) (26, 38, 34, 36) "
"OP(8,6,4,3,3,3,3)",0,Solved,"0,1550"," (4t+2)","0,1592","(\infty, 9, 8, 5, \infty, 29, 32, 33) (18, 2, 20, 42, 26, 44) (34, 17, 10, 41) (12, 0, 15) (36, 24, 39) (23, 46, 21) (47, 22, 45) "
"OP(11,10,7,5,5,5,4,3)",,Infeasible,,Table config is not valid,,
"OP(8,5,5,4,4,4)",0,Solved,"0,1210"," (4t+2)","0,1250","(\infty, 1, 31, 5, \infty, 29, 7, 25) (16, 24, 9, 41, 21) (40, 0, 33, 17, 45) (4, 6, 15, 8) (28, 30, 39, 32) (2, 12, 26, 36) "
"OP(8,5,5,3,3,3,3)",0,Solved,"0,3230"," (4t+2)","0,3312","(\infty, 17, 15, 11, \infty, 35, 39, 41) (8, 23, 4, 9, 0) (32, 47, 28, 33, 24) (6, 19, 42) (30, 43, 18) (14, 40, 12) (38, 16, 36) "
"OP(11,10,7,5,4,4,3,3,3)",,Infeasible,,Table config is not valid,,
"OP(8,4,4,4,4,3,3)",0,Solved,"0,1600"," (4t+2)","0,1642","(\infty, 46, 20, 4, \infty, 28, 44, 22) (11, 34, 14, 0) (35, 10, 38, 24) (7, 9, 21, 39) (31, 33, 45, 15) (43, 16, 6) (19, 40, 30) "
"OP(8,4,3,3,3,3,3,3)",0,Solved,"0,1400"," (4t+2)","0,1445","(\infty, 13, 46, 19, \infty, 43, 22, 37) (34, 17, 10, 41) (7, 18, 36) (31, 42, 12) (11, 47, 21) (35, 23, 45) (40, 20, 14) (16, 44, 38) "
"OP(6,6,6,6,6)",0,Solved,"0,0500"," (4t+2)","0,0539","(\infty, 16, 44, \infty, 20, 40) (6, 5, 3, 10, 19, 35) (30, 29, 27, 34, 43, 11) (4, 0, 12, 22, 9, 1) (28, 24, 36, 46, 33, 25) "
"OP(6,6,6,6,3,3)",0,Solved,"0,1090"," (4t+2)","0,1128","(\infty, 20, 8, \infty, 32, 44) (0, 4, 6, 23, 13, 7) (24, 28, 30, 47, 37, 31) (45, 5, 18, 21, 29, 42) (12, 40, 22) (36, 16, 46) "
"OP(4,6,6,6,4,4)",0,Solved,"0,0480"," (4t+2)","0,0527","(\infty, \infty, 23, 47) (3, 16, 21, 0, 19, 18) (27, 40, 45, 24, 43, 42) (44, 12, 46, 20, 36, 22) (8, 5, 15, 33) (32, 29, 39, 9) "
"OP(4,6,6,5,5,4)",0,Solved,"0,0760"," (4t+2)","0,0802","(\infty, 35, \infty, 11) (0, 1, 6, 14, 5, 3) (24, 25, 30, 38, 29, 27) (13, 7, 17, 4, 20) (37, 31, 41, 28, 44) (2, 46, 26, 22) "
"OP(6,6,6,4,4,4)",0,Solved,"0,0710"," (4t+2)","0,0772","(\infty, 16, 6, \infty, 30, 40) (33, 21, 12, 4, 10, 17) (9, 45, 36, 28, 34, 41) (35, 18, 7, 20) (11, 42, 31, 44) (46, 19, 22, 43) "
"OP(6,6,6,3,3,3,3)",0,Solved,"0,0460"," (4t+2)","0,0504","(\infty, 5, 15, \infty, 39, 29) (7, 37, 23, 43, 18, 40) (31, 13, 47, 19, 42, 16) (4, 0, 2) (28, 24, 26) (3, 6, 12) (27, 30, 36) "
"OP(4,6,6,4,4,3,3)",0,Solved,"0,0630"," (4t+2)","0,0670","(\infty, 26, \infty, 2) (37, 45, 16, 47, 12, 22) (13, 21, 40, 23, 36, 46) (5, 41, 15, 9) (29, 17, 39, 33) (1, 6, 8) (25, 30, 32) "
"OP(4,6,5,5,5,5)",0,Solved,"0,0600"," (4t+2)","0,0659","(\infty, 5, \infty, 29) (36, 0, 23, 12, 24, 47) (19, 3, 16, 44, 14) (43, 27, 40, 20, 38) (17, 15, 1, 8, 2) (41, 39, 25, 32, 26) "
"OP(6,6,5,5,4,4)",0,Solved,"0,1240"," (4t+2)","0,1283","(\infty, 39, 3, \infty, 27, 15) (4, 5, 7, 28, 29, 31) (16, 47, 13, 45, 19) (40, 23, 37, 21, 43) (38, 20, 10, 1) (14, 44, 34, 25) "
"OP(4,6,5,5,4,3,3)",0,Solved,"0,0940"," (4t+2)","0,0983","(\infty, 19, \infty, 43) (37, 10, 44, 13, 34, 20) (6, 17, 8, 21, 36) (30, 41, 32, 45, 12) (11, 3, 35, 27) (1, 7, 9) (25, 31, 33) "
"OP(6,6,4,4,4,3,3)",0,Solved,"0,2490"," (4t+2)","0,2525","(\infty, 10, 36, \infty, 12, 34) (32, 17, 40, 8, 41, 16) (42, 7, 6, 20) (18, 31, 30, 44) (37, 47, 13, 23) (11, 4, 15) (35, 28, 39) "
"OP(6,6,3,3,3,3,3,3)",0,Solved,"0,2390"," (4t+2)","0,2429","(\infty, 18, 46, \infty, 22, 42) (47, 14, 45, 23, 38, 21) (6, 9, 15) (30, 33, 39) (44, 19, 32) (20, 43, 8) (11, 1, 13) (35, 25, 37) "
"OP(4,6,4,4,4,4,4)",0,Solved,"0,0430"," (4t+2)","0,0466","(\infty, 17, \infty, 41) (33, 7, 42, 9, 31, 18) (3, 5, 11, 6) (27, 29, 35, 30) (4, 0, 14, 13) (28, 24, 38, 37) (8, 1, 32, 25) "
"OP(4,6,4,4,3,3,3,3)",0,Solved,"0,0760"," (4t+2)","0,0805","(\infty, 5, \infty, 29) (8, 16, 42, 32, 40, 18) (45, 4, 7, 44) (21, 28, 31, 20) (13, 36, 17) (37, 12, 41) (11, 6, 2) (35, 30, 26) "
"OP(6,5,5,5,5,4)",0,Solved,"0,1980"," (4t+2)","0,2027","(\infty, 9, 21, \infty, 45, 33) (22, 8, 1, 4, 15) (46, 32, 25, 28, 39) (34, 19, 35, 18, 40) (10, 43, 11, 42, 16) (20, 12, 44, 36) "
"OP(4,5,5,5,5,3,3)",0,Solved,"0,0410"," (4t+2)","0,0452","(\infty, 15, \infty, 39) (1, 4, 13, 20, 5) (25, 28, 37, 44, 29) (0, 2, 3, 11, 6) (24, 26, 27, 35, 30) (17, 33, 21) (41, 9, 45) "
"OP(6,5,5,4,4,3,3)",0,Solved,"0,1120"," (4t+2)","0,1155","(\infty, 12, 40, \infty, 16, 36) (25, 3, 4, 6, 41) (1, 27, 28, 30, 17) (23, 37, 18, 15) (47, 13, 42, 39) (19, 20, 11) (43, 44, 35) "
"OP(4,5,5,4,4,4,4)",0,Solved,"0,0710"," (4t+2)","0,0752","(\infty, 18, \infty, 42) (21, 44, 15, 31, 3) (45, 20, 39, 7, 27) (23, 37, 2, 14) (47, 13, 26, 38) (11, 0, 6, 9) (35, 24, 30, 33) "
"OP(4,5,5,4,3,3,3,3)",0,Solved,"0,1350"," (4t+2)","0,1383","(\infty, 46, \infty, 22) (44, 12, 1, 21, 34) (20, 36, 25, 45, 10) (5, 23, 29, 47) (19, 11, 42) (43, 35, 18) (28, 40, 13) (4, 16, 37) "
"OP(6,4,4,4,4,4,4)",0,Solved,"0,0600"," (4t+2)","0,0644","(\infty, \infty, 23, 9, 33, 47) (16, 46, 15, 43) (40, 22, 39, 19) (18, 37, 21, 6) (42, 13, 45, 30) (17, 38, 5, 0) (41, 14, 29, 24) "
"OP(6,4,4,4,3,3,3,3)",0,Solved,"0,0460"," (4t+2)","0,0504","(\infty, 14, 44, \infty, 20, 38) (6, 17, 32, 46) (30, 41, 8, 22) (15, 43, 39, 19) (16, 42, 23) (40, 18, 47) (13, 7, 1) (37, 31, 25) "
"OP(6,3,3,3,3,3,3,3,3)",0,Solved,"0,0490"," (4t+2)","0,0535","(\infty, 12, 42, \infty, 18, 36) (31, 14, 6) (7, 38, 30) (17, 32, 46) (41, 8, 22) (23, 44, 15) (47, 20, 39) (43, 4, 1) (19, 28, 25) "
"OP(4,4,4,4,4,4,3,3)",0,Solved,"0,0650"," (4t+2)","0,0687","(\infty, 5, \infty, 29) (6, 14, 45, 15) (30, 38, 21, 39) (9, 19, 34, 22) (33, 43, 10, 46) (0, 2, 24, 26) (3, 7, 13) (27, 31, 37) "
"OP(4,4,4,3,3,3,3,3,3)",0,Solved,"0,1240"," (4t+2)","0,1291","(\infty, 40, \infty, 16) (17, 38, 10, 6) (41, 14, 34, 30) (0, 9, 35) (24, 33, 11) (43, 7, 25) (19, 31, 1) (32, 46, 27) (8, 22, 3) "
"OP(4,9,9,9,9,10)",0,Solved,"0,0260"," (4t+2)","0,0306","(\infty, 1, \infty, 25) (4, 3, 6, 2, 0, 5, 31, 17, 10) (28, 27, 30, 26, 24, 29, 7, 41, 34) (16, 33, 45, 13, 38, 23, 36, 18, 8) (40, 9, 21, 37, 14, 47, 12, 42, 32) (46, 19, 39, 20, 11, 22, 43, 15, 44, 35) "
"OP(10,10,9,9,8,4)",0,Solved,"0,1990"," (4t+2)","0,2023","(\infty, 20, 11, 43, 14, \infty, 38, 19, 35, 44) (22, 7, 21, 10, 8, 46, 31, 45, 34, 32) (23, 3, 15, 9, 17, 40, 13, 0, 18) (47, 27, 39, 33, 41, 16, 37, 24, 42) (4, 1, 2, 6, 28, 25, 26, 30) (5, 12, 29, 36) "
"OP(11,9,9,9,7,5)",,Infeasible,,Table config is not valid,,
"OP(10,10,9,9,6,6)",0,Solved,"0,0280"," (4t+2)","0,0325","(\infty, 22, 19, 5, 6, \infty, 30, 29, 43, 46) (3, 15, 21, 17, 4, 27, 39, 45, 41, 28) (0, 10, 32, 12, 1, 9, 11, 16, 7) (24, 34, 8, 36, 25, 33, 35, 40, 31) (2, 18, 37, 20, 38, 23) (26, 42, 13, 44, 14, 47) "
"OP(10,10,9,9,6,3,3)",0,Solved,"0,0780"," (4t+2)","0,0819","(\infty, 46, 44, 24, 36, \infty, 12, 0, 20, 22) (15, 4, 33, 34, 29, 39, 28, 9, 10, 5) (40, 37, 19, 25, 17, 32, 18, 2, 27) (16, 13, 43, 1, 41, 8, 42, 26, 3) (38, 11, 7, 14, 35, 31) (30, 21, 47) (6, 45, 23) "
"OP(11,9,9,9,5,4,3)",,Infeasible,,Table config is not valid,,
"OP(10,10,9,9,4,4,4)",0,Solved,"0,2290"," (4t+2)","0,2327","(\infty, 43, 6, 23, 21, \infty, 45, 47, 30, 19) (8, 22, 44, 11, 3, 32, 46, 20, 35, 27) (1, 17, 7, 0, 9, 13, 12, 42, 14) (25, 41, 31, 24, 33, 37, 36, 18, 38) (40, 15, 10, 4) (16, 39, 34, 28) (5, 2, 29, 26) "
"OP(10,10,9,9,3,3,3,3)",0,Solved,"0,0440"," (4t+2)","0,0484","(\infty, 19, 47, 13, 5, \infty, 29, 37, 23, 43) (22, 11, 6, 21, 0, 46, 35, 30, 45, 24) (14, 4, 8, 39, 36, 7, 42, 20, 2) (38, 28, 32, 15, 12, 31, 18, 44, 26) (40, 1, 17) (16, 25, 41) (3, 9, 10) (27, 33, 34) "
"OP(6,9,9,8,8,10)",0,Solved,"0,0980"," (4t+2)","0,1012","(\infty, 34, 4, \infty, 28, 10) (6, 12, 19, 9, 18, 44, 15, 26, 14) (30, 36, 43, 33, 42, 20, 39, 2, 38) (5, 1, 0, 3, 8, 35, 22, 7) (29, 25, 24, 27, 32, 11, 46, 31) (13, 45, 17, 40, 23, 37, 21, 41, 16, 47) "
"OP(8,9,9,8,10,6)",0,Solved,"0,0420"," (4t+2)","0,0456","(\infty, 41, 23, 43, \infty, 19, 47, 17) (2, 4, 13, 14, 39, 8, 22, 44, 9) (26, 28, 37, 38, 15, 32, 46, 20, 33) (6, 3, 11, 40, 30, 27, 35, 16) (42, 10, 5, 1, 7, 18, 34, 29, 25, 31) (0, 12, 45, 24, 36, 21) "
"OP(8,9,9,8,10,3,3)",0,Solved,"0,1060"," (4t+2)","0,1102","(\infty, 37, 46, 27, \infty, 3, 22, 13) (42, 31, 6, 36, 32, 39, 40, 23, 45) (18, 7, 30, 12, 8, 15, 16, 47, 21) (38, 0, 34, 2, 14, 24, 10, 26) (44, 29, 1, 28, 33, 20, 5, 25, 4, 9) (35, 41, 43) (11, 17, 19) "
"OP(4,9,9,8,6,4,10)",0,Solved,"0,1950"," (4t+2)","0,1985","(\infty, \infty, 23, 47) (8, 0, 22, 4, 33, 40, 5, 21, 6) (32, 24, 46, 28, 9, 16, 29, 45, 30) (3, 13, 1, 10, 27, 37, 25, 34) (14, 17, 44, 38, 41, 20) (19, 18, 43, 42) (12, 7, 11, 39, 2, 36, 31, 35, 15, 26) "
"OP(4,9,9,8,5,5,10)",0,Solved,"0,0890"," (4t+2)","0,0930","(\infty, 18, \infty, 42) (32, 15, 11, 5, 0, 7, 4, 40, 22) (8, 39, 35, 29, 24, 31, 28, 16, 46) (45, 6, 17, 37, 21, 30, 41, 13) (1, 3, 2, 10, 36) (25, 27, 26, 34, 12) (33, 19, 44, 23, 38, 9, 43, 20, 47, 14) "
"OP(6,9,9,8,10,4,4)",0,Solved,"0,0520"," (4t+2)","0,0554","(\infty, 4, 8, \infty, 32, 28) (5, 12, 21, 13, 40, 22, 10, 0, 2) (29, 36, 45, 37, 16, 46, 34, 24, 26) (3, 9, 23, 38, 27, 33, 47, 14) (42, 17, 39, 19, 35, 18, 41, 15, 43, 11) (6, 1, 20, 7) (30, 25, 44, 31) "
"OP(4,9,9,8,4,10,3,3)",0,Solved,"0,0390"," (4t+2)","0,0433","(\infty, 7, \infty, 31) (3, 13, 16, 45, 12, 35, 23, 44, 14) (27, 37, 40, 21, 36, 11, 47, 20, 38) (41, 15, 10, 1, 17, 39, 34, 25) (2, 19, 26, 43) (46, 18, 4, 5, 9, 22, 42, 28, 29, 33) (0, 8, 6) (24, 32, 30) "
"OP(8,9,9,10,7,7)",0,Solved,"0,0540"," (4t+2)","0,0578","(\infty, 19, 36, 21, \infty, 45, 12, 43) (14, 41, 13, 23, 9, 0, 18, 2, 6) (38, 17, 37, 47, 33, 24, 42, 26, 30) (16, 39, 10, 5, 3, 40, 15, 34, 29, 27) (1, 4, 11, 46, 20, 8, 7) (25, 28, 35, 22, 44, 32, 31) "
"OP(4,9,9,7,7,4,10)",0,Solved,"0,0430"," (4t+2)","0,0477","(\infty, 35, \infty, 11) (46, 44, 36, 3, 39, 5, 33, 1, 24) (22, 20, 12, 27, 15, 29, 9, 25, 0) (4, 31, 26, 45, 34, 43, 42) (28, 7, 2, 21, 10, 19, 18) (38, 32, 14, 8) (47, 40, 37, 41, 6, 23, 16, 13, 17, 30) "
"OP(11,9,9,7,6,5,3)",,Infeasible,,Table config is not valid,,
"OP(8,9,9,10,6,4,4)",0,Solved,"0,0480"," (4t+2)","0,0537","(\infty, 15, 3, 13, \infty, 37, 27, 39) (18, 32, 26, 19, 22, 30, 31, 10, 33) (42, 8, 2, 43, 46, 6, 7, 34, 9) (41, 28, 12, 16, 35, 17, 4, 36, 40, 11) (29, 24, 44, 5, 0, 20) (38, 21, 23, 1) (14, 45, 47, 25) "
"OP(8,9,9,10,5,5,4)",0,Solved,"0,1560"," (4t+2)","0,1593","(\infty, 33, 44, 41, \infty, 17, 20, 9) (2, 32, 15, 38, 46, 0, 4, 36, 29) (26, 8, 39, 14, 22, 24, 28, 12, 5) (47, 42, 30, 31, 37, 23, 18, 6, 7, 13) (27, 1, 21, 11, 40) (3, 25, 45, 35, 16) (43, 10, 19, 34) "
"OP(11,9,9,7,5,3,3,3)",,Infeasible,,Table config is not valid,,
"OP(8,9,9,10,4,4,3,3)",0,Solved,"0,0430"," (4t+2)","0,0470","(\infty, 8, 3, 0, \infty, 24, 27, 32) (9, 2, 4, 12, 45, 20, 39, 13, 23) (33, 26, 28, 36, 21, 44, 15, 37, 47) (38, 18, 6, 19, 46, 14, 42, 30, 43, 22) (5, 16, 7, 1) (29, 40, 31, 25) (11, 10, 41) (35, 34, 17) "
"OP(4,9,9,6,6,6,10)",0,Solved,"0,0790"," (4t+2)","0,0824","(\infty, 35, \infty, 11) (0, 1, 4, 17, 34, 20, 13, 21, 6) (24, 25, 28, 41, 10, 44, 37, 45, 30) (32, 14, 2, 46, 3, 5) (8, 38, 26, 22, 27, 29) (23, 12, 31, 47, 36, 7) (9, 18, 40, 15, 43, 33, 42, 16, 39, 19) "
"OP(6,9,9,6,6,10,4)",0,Solved,"0,1150"," (4t+2)","0,1187","(\infty, 12, 38, \infty, 14, 36) (0, 9, 16, 21, 34, 46, 17, 42, 11) (24, 33, 40, 45, 10, 22, 41, 18, 35) (7, 39, 19, 4, 1, 3) (31, 15, 43, 28, 25, 27) (6, 5, 13, 23, 44, 30, 29, 37, 47, 20) (2, 8, 26, 32) "
"OP(4,9,9,6,6,10,3,3)",0,Solved,"0,0610"," (4t+2)","0,0646","(\infty, 44, \infty, 20) (39, 28, 43, 24, 2, 33, 36, 29, 11) (15, 4, 19, 0, 26, 9, 12, 5, 35) (6, 27, 25, 37, 47, 38) (30, 3, 1, 13, 23, 14) (41, 46, 42, 34, 40, 17, 22, 18, 10, 16) (32, 45, 31) (8, 21, 7) "
"OP(6,9,9,6,10,5,5)",0,Solved,"0,0790"," (4t+2)","0,0834","(\infty, 46, 20, \infty, 44, 22) (42, 41, 16, 4, 8, 0, 5, 11, 39) (18, 17, 40, 28, 32, 24, 29, 35, 15) (13, 3, 10, 37, 27, 34) (9, 43, 30, 21, 2, 33, 19, 6, 45, 26) (7, 25, 36, 38, 23) (31, 1, 12, 14, 47) "
"OP(6,9,9,6,10,4,3,3)",0,Solved,"0,2110"," (4t+2)","0,2142","(\infty, 46, 16, \infty, 40, 22) (11, 23, 3, 18, 39, 20, 4, 5, 45) (35, 47, 27, 42, 15, 44, 28, 29, 21) (8, 6, 9, 32, 30, 33) (17, 12, 2, 13, 19, 41, 36, 26, 37, 43) (0, 7, 24, 31) (10, 1, 14) (34, 25, 38) "
"OP(4,9,9,6,4,4,4,10)",0,Solved,"0,1190"," (4t+2)","0,1232","(\infty, 22, \infty, 46) (1, 12, 7, 0, 17, 42, 20, 47, 19) (25, 36, 31, 24, 41, 18, 44, 23, 43) (13, 10, 39, 37, 34, 15) (5, 9, 21, 6) (29, 33, 45, 30) (4, 14, 28, 38) (8, 2, 11, 3, 16, 32, 26, 35, 27, 40) "
"OP(4,9,9,6,10,3,3,3,3)",0,Solved,"0,1100"," (4t+2)","0,1142","(\infty, 9, \infty, 33) (20, 21, 34, 18, 13, 17, 7, 46, 27) (44, 45, 10, 42, 37, 41, 31, 22, 3) (8, 35, 15, 32, 11, 39) (4, 12, 23, 29, 6, 28, 36, 47, 5, 30) (16, 1, 19) (40, 25, 43) (0, 14, 2) (24, 38, 26) "
"OP(6,9,9,10,5,5,3,3)",0,Solved,"0,1350"," (4t+2)","0,1393","(\infty, 13, 43, \infty, 19, 37) (38, 16, 5, 15, 36, 22, 41, 10, 23) (14, 40, 29, 39, 12, 46, 17, 34, 47) (8, 7, 1, 21, 44, 32, 31, 25, 45, 20) (3, 0, 4, 6, 11) (27, 24, 28, 30, 35) (9, 18, 2) (33, 42, 26) "
"OP(4,9,9,5,5,4,4,10)",0,Solved,"0,0380"," (4t+2)","0,0419","(\infty, 22, \infty, 46) (1, 7, 8, 21, 36, 6, 2, 4, 9) (25, 31, 32, 45, 12, 30, 26, 28, 33) (10, 3, 0, 11, 20) (34, 27, 24, 35, 44) (15, 42, 16, 47) (39, 18, 40, 23) (38, 19, 5, 17, 37, 14, 43, 29, 41, 13) "
"OP(6,9,9,10,4,4,4,4)",0,Solved,"0,1640"," (4t+2)","0,1702","(\infty, 42, 14, \infty, 38, 18) (22, 47, 35, 17, 4, 12, 10, 3, 6) (46, 23, 11, 41, 28, 36, 34, 27, 30) (7, 2, 8, 37, 20, 31, 26, 32, 13, 44) (43, 9, 0, 21) (19, 33, 24, 45) (1, 5, 15, 16) (25, 29, 39, 40) "
"OP(6,9,9,10,4,3,3,3,3)",0,Solved,"0,2150"," (4t+2)","0,2192","(\infty, 44, 16, \infty, 40, 20) (46, 11, 47, 21, 42, 8, 19, 38, 15) (22, 35, 23, 45, 18, 32, 43, 14, 39) (4, 6, 3, 13, 12, 28, 30, 27, 37, 36) (1, 7, 25, 31) (10, 2, 17) (34, 26, 41) (0, 5, 9) (24, 29, 33) "
"OP(4,9,9,4,4,4,10,3,3)",0,Solved,"0,0430"," (4t+2)","0,0484","(\infty, 10, \infty, 34) (4, 6, 9, 14, 29, 40, 15, 7, 0) (28, 30, 33, 38, 5, 16, 39, 31, 24) (2, 3, 12, 18) (26, 27, 36, 42) (13, 23, 37, 47) (19, 45, 17, 35, 22, 43, 21, 41, 11, 46) (1, 20, 32) (25, 44, 8) "
"OP(4,9,9,10,3,3,3,3,3,3)",0,Solved,"0,1180"," (4t+2)","0,1217","(\infty, 17, \infty, 41) (47, 33, 13, 2, 11, 1, 6, 19, 16) (23, 9, 37, 26, 35, 25, 30, 43, 40) (4, 0, 12, 34, 5, 28, 24, 36, 10, 29) (7, 8, 15) (31, 32, 39) (21, 42, 27) (45, 18, 3) (38, 20, 22) (14, 44, 46) "
"OP(10,10,8,8,8,6)",0,Solved,"0,0560"," (4t+2)","0,0596","(\infty, 16, 5, 15, 30, \infty, 6, 39, 29, 40) (42, 13, 43, 23, 44, 18, 37, 19, 47, 20) (21, 7, 2, 0, 1, 4, 8, 14) (45, 31, 26, 24, 25, 28, 32, 38) (34, 22, 9, 41, 10, 46, 33, 17) (11, 3, 12, 35, 27, 36) "
"OP(10,10,8,8,8,3,3)",0,Solved,"0,0830"," (4t+2)","0,0869","(\infty, 46, 37, 41, 0, \infty, 24, 17, 13, 22) (36, 39, 25, 38, 44, 12, 15, 1, 14, 20) (34, 4, 30, 47, 45, 33, 32, 5) (10, 28, 6, 23, 21, 9, 8, 29) (42, 31, 3, 43, 18, 7, 27, 19) (40, 35, 2) (16, 11, 26) "
"OP(10,10,8,8,7,7)",0,Solved,"0,0540"," (4t+2)","0,0575","(\infty, 2, 3, 5, 8, \infty, 32, 29, 27, 26) (7, 1, 9, 16, 41, 31, 25, 33, 40, 17) (10, 21, 35, 20, 39, 12, 38, 22) (34, 45, 11, 44, 15, 36, 14, 46) (13, 30, 43, 23, 18, 0, 4) (37, 6, 19, 47, 42, 24, 28) "
"OP(11,9,8,8,7,4,3)",,Infeasible,,Table config is not valid,,
"OP(11,9,8,8,6,5,3)",,Infeasible,,Table config is not valid,,
"OP(10,10,8,8,6,4,4)",0,Solved,"0,0650"," (4t+2)","0,0691","(\infty, 4, 5, 7, 2, \infty, 26, 31, 29, 28) (42, 11, 22, 13, 3, 18, 35, 46, 37, 27) (45, 15, 34, 6, 0, 8, 44, 19) (21, 39, 10, 30, 24, 32, 20, 43) (41, 14, 1, 17, 38, 25) (9, 12, 16, 23) (33, 36, 40, 47) "
"OP(10,10,8,8,5,5,4)",0,Solved,"0,2740"," (4t+2)","0,2778","(\infty, 20, 42, 17, 36, \infty, 12, 41, 18, 44) (43, 23, 10, 22, 37, 19, 47, 34, 46, 13) (4, 1, 0, 2, 7, 21, 14, 8) (28, 25, 24, 26, 31, 45, 38, 32) (33, 6, 15, 5, 16) (9, 30, 39, 29, 40) (11, 3, 35, 27) "
"OP(11,9,8,8,5,3,3,3)",,Infeasible,,Table config is not valid,,
"OP(10,10,8,8,4,4,3,3)",0,Solved,"0,0570"," (4t+2)","0,0610","(\infty, 25, 9, 11, 17, \infty, 41, 35, 33, 1) (44, 32, 4, 26, 43, 20, 8, 28, 2, 19) (40, 0, 13, 10, 15, 42, 5, 6) (16, 24, 37, 34, 39, 18, 29, 30) (14, 21, 3, 47) (38, 45, 27, 23) (36, 7, 46) (12, 31, 22) "
"OP(11,9,8,7,7,5,3)",,Infeasible,,Table config is not valid,,
"OP(10,10,8,7,7,4,4)",0,Solved,"0,0640"," (4t+2)","0,0686","(\infty, 3, 4, 6, 9, \infty, 33, 30, 28, 27) (11, 39, 17, 5, 1, 35, 15, 41, 29, 25) (43, 26, 13, 8, 19, 2, 37, 32) (46, 23, 42, 21, 36, 44, 14) (22, 47, 18, 45, 12, 20, 38) (7, 0, 10, 16) (31, 24, 34, 40) "
"OP(11,9,8,7,6,6,3)",,Infeasible,,Table config is not valid,,
"OP(11,9,8,7,6,5,4)",,Infeasible,,Table config is not valid,,
"OP(11,9,8,7,6,3,3,3)",,Infeasible,,Table config is not valid,,
"OP(11,9,8,7,5,5,5)",,Infeasible,,Table config is not valid,,
"OP(11,9,8,7,5,4,3,3)",,Infeasible,,Table config is not valid,,
"OP(11,9,8,7,4,4,4,3)",,Infeasible,,Table config is not valid,,
"OP(11,9,8,7,3,3,3,3,3)",,Infeasible,,Table config is not valid,,
"OP(10,10,8,6,6,6,4)",0,Solved,"0,0750"," (4t+2)","0,0799","(\infty, 34, 43, 31, 38, \infty, 14, 7, 19, 10) (42, 40, 9, 32, 46, 18, 16, 33, 8, 22) (6, 27, 5, 35, 30, 3, 29, 11) (25, 24, 39, 45, 41, 12) (1, 0, 15, 21, 17, 36) (26, 37, 47, 2, 13, 23) (44, 28, 20, 4) "
"OP(10,10,8,6,6,5,5)",0,Solved,"0,2070"," (4t+2)","0,2107","(\infty, 35, 1, 13, 33, \infty, 9, 37, 25, 11) (14, 43, 20, 47, 21, 38, 19, 44, 23, 45) (6, 10, 5, 12, 30, 34, 29, 36) (46, 8, 2, 18, 3, 0) (22, 32, 26, 42, 27, 24) (4, 17, 16, 7, 15) (28, 41, 40, 31, 39) "
"OP(10,10,8,6,6,4,3,3)",0,Solved,"0,0680"," (4t+2)","0,0721","(\infty, 17, 0, 21, 39, \infty, 15, 45, 24, 41) (2, 7, 46, 1, 11, 26, 31, 22, 25, 35) (12, 4, 16, 14, 36, 28, 40, 38) (32, 18, 5, 37, 9, 3) (8, 42, 29, 13, 33, 27) (43, 20, 19, 44) (47, 6, 10) (23, 30, 34) "
"OP(10,10,8,6,5,5,3,3)",0,Solved,"0,1020"," (4t+2)","0,1057","(\infty, 9, 22, 10, 7, \infty, 31, 34, 46, 33) (21, 13, 20, 2, 11, 45, 37, 44, 26, 35) (3, 4, 6, 17, 27, 28, 30, 41) (1, 5, 0, 25, 29, 24) (19, 38, 12, 18, 39) (43, 14, 36, 42, 15) (23, 40, 8) (47, 16, 32) "
"OP(11,9,8,6,5,4,4,3)",,Infeasible,,Table config is not valid,,
"OP(10,10,8,6,4,4,4,4)",0,Solved,"0,2820"," (4t+2)","0,2873","(\infty, 30, 22, 0, 36, \infty, 12, 24, 46, 6) (40, 2, 43, 13, 44, 16, 26, 19, 37, 20) (38, 29, 4, 41, 14, 5, 28, 17) (9, 10, 39, 33, 34, 15) (35, 1, 47, 31) (11, 25, 23, 7) (42, 45, 32, 27) (18, 21, 8, 3) "
"OP(10,10,8,6,4,3,3,3,3)",0,Solved,"0,4580"," (4t+2)","0,4627","(\infty, 44, 13, 42, 46, \infty, 22, 18, 37, 20) (26, 11, 4, 10, 23, 2, 35, 28, 34, 47) (15, 14, 19, 16, 39, 38, 43, 40) (36, 27, 1, 12, 3, 25) (17, 31, 41, 7) (6, 8, 24) (30, 32, 0) (45, 33, 5) (21, 9, 29) "
"OP(11,9,8,5,5,5,4,3)",,Infeasible,,Table config is not valid,,
"OP(10,10,8,5,5,4,4,4)",0,Solved,"0,0780"," (4t+2)","0,0828","(\infty, 17, 2, 3, 1, \infty, 25, 27, 26, 41) (7, 11, 22, 9, 43, 31, 35, 46, 33, 19) (10, 20, 36, 14, 34, 44, 12, 38) (45, 4, 13, 8, 5) (21, 28, 37, 32, 29) (15, 40, 23, 42) (39, 16, 47, 18) (6, 0, 30, 24) "
"OP(10,10,8,5,5,3,3,3,3)",0,Solved,"0,1150"," (4t+2)","0,1196","(\infty, 0, 47, 31, 20, \infty, 44, 7, 23, 24) (36, 38, 32, 17, 5, 12, 14, 8, 41, 29) (10, 40, 18, 43, 34, 16, 42, 19) (22, 2, 21, 35, 27) (46, 26, 45, 11, 3) (4, 1, 39) (28, 25, 15) (33, 6, 37) (9, 30, 13) "
"OP(11,9,8,5,4,4,3,3,3)",,Infeasible,,Table config is not valid,,
"OP(10,10,8,4,4,4,4,3,3)",0,Solved,"0,0460"," (4t+2)","0,0496","(\infty, 45, 16, 46, 15, \infty, 39, 22, 40, 21) (17, 33, 18, 8, 20, 41, 9, 42, 32, 44) (23, 10, 38, 13, 47, 34, 14, 37) (1, 2, 11, 7) (25, 26, 35, 31) (19, 30, 4, 12) (43, 6, 28, 36) (0, 5, 3) (24, 29, 27) "
"OP(10,10,8,4,3,3,3,3,3,3)",0,Solved,"0,1290"," (4t+2)","0,1327","(\infty, 36, 33, 6, 32, \infty, 8, 30, 9, 12) (4, 29, 13, 25, 10, 28, 5, 37, 1, 34) (40, 2, 3, 44, 16, 26, 27, 20) (46, 35, 22, 11) (43, 41, 24) (19, 17, 0) (45, 31, 39) (21, 7, 15) (42, 47, 38) (18, 23, 14) "
"OP(11,9,7,7,7,6,3)",,Infeasible,,Table config is not valid,,
"OP(11,9,7,7,7,5,4)",,Infeasible,,Table config is not valid,,
"OP(11,9,7,7,7,3,3,3)",,Infeasible,,Table config is not valid,,
"OP(10,10,7,7,6,6,4)",0,Solved,"0,0850"," (4t+2)","0,0890","(\infty, 2, 4, 5, 8, \infty, 32, 29, 28, 26) (45, 10, 6, 44, 7, 21, 34, 30, 20, 31) (11, 19, 36, 14, 9, 0, 27) (35, 43, 12, 38, 33, 24, 3) (15, 22, 42, 13, 25, 40) (39, 46, 18, 37, 1, 16) (17, 23, 41, 47) "
"OP(10,10,7,7,6,5,5)",0,Solved,"0,0910"," (4t+2)","0,0957","(\infty, 36, 41, 20, 2, \infty, 26, 44, 17, 12) (39, 13, 0, 8, 1, 15, 37, 24, 32, 25) (19, 4, 16, 6, 5, 42, 23) (43, 28, 40, 30, 29, 18, 47) (11, 9, 3, 35, 33, 27) (21, 38, 10, 7, 46) (45, 14, 34, 31, 22) "
"OP(10,10,7,7,6,4,3,3)",0,Solved,"0,3180"," (4t+2)","0,3214","(\infty, 6, 31, 2, 12, \infty, 36, 26, 7, 30) (41, 21, 3, 18, 44, 17, 45, 27, 42, 20) (15, 47, 13, 9, 0, 40, 4) (39, 23, 37, 33, 24, 16, 28) (1, 14, 19, 25, 38, 43) (22, 5, 46, 29) (10, 8, 11) (34, 32, 35) "
"OP(10,10,7,7,5,5,3,3)",0,Solved,"0,1880"," (4t+2)","0,1919","(\infty, \infty, 23, 22, 20, 37, 13, 44, 46, 47) (42, 10, 2, 7, 0, 18, 34, 26, 31, 24) (8, 33, 14, 4, 15, 35, 21) (32, 9, 38, 28, 39, 11, 45) (43, 16, 1, 5, 17) (19, 40, 25, 29, 41) (6, 12, 3) (30, 36, 27) "
"OP(11,9,7,7,5,4,4,3)",,Infeasible,,Table config is not valid,,
"OP(10,10,7,7,4,4,4,4)",0,Solved,"0,0460"," (4t+2)","0,0494","(\infty, \infty, 23, 38, 11, 39, 15, 35, 14, 47) (8, 18, 40, 21, 46, 32, 42, 16, 45, 22) (17, 28, 12, 6, 1, 2, 10) (41, 4, 36, 30, 25, 26, 34) (19, 37, 20, 7) (43, 13, 44, 31) (9, 0, 3, 5) (33, 24, 27, 29) "
"OP(10,10,7,7,4,3,3,3,3)",0,Solved,"0,1860"," (4t+2)","0,1908","(\infty, 33, 19, 1, 21, \infty, 45, 25, 43, 9) (2, 0, 7, 11, 32, 26, 24, 31, 35, 8) (36, 17, 4, 3, 39, 22, 47) (12, 41, 28, 27, 15, 46, 23) (20, 5, 44, 29) (18, 13, 10) (42, 37, 34) (30, 40, 14) (6, 16, 38) "
"OP(11,9,7,6,6,6,5)",,Infeasible,,Table config is not valid,,
"OP(11,9,7,6,6,5,3,3)",,Infeasible,,Table config is not valid,,
"OP(11,9,7,6,6,4,4,3)",,Infeasible,,Table config is not valid,,
"OP(11,9,7,6,5,5,4,3)",,Infeasible,,Table config is not valid,,
"OP(11,9,7,6,5,4,4,4)",,Infeasible,,Table config is not valid,,
"OP(11,9,7,6,5,3,3,3,3)",,Infeasible,,Table config is not valid,,
"OP(11,9,7,6,4,4,3,3,3)",,Infeasible,,Table config is not valid,,
"OP(11,9,7,5,5,5,5,3)",,Infeasible,,Table config is not valid,,
"OP(11,9,7,5,5,5,4,4)",,Infeasible,,Table config is not valid,,
"OP(11,9,7,5,5,4,3,3,3)",,Infeasible,,Table config is not valid,,
"OP(11,9,7,5,4,4,4,3,3)",,Infeasible,,Table config is not valid,,
"OP(11,9,7,5,3,3,3,3,3,3)",,Infeasible,,Table config is not valid,,
"OP(11,9,7,4,4,4,4,4,3)",,Infeasible,,Table config is not valid,,
"OP(11,9,7,4,4,3,3,3,3,3)",,Infeasible,,Table config is not valid,,
"OP(10,10,6,6,6,6,6)",0,Solved,"0,0600"," (4t+2)","0,0640","(\infty, 4, 5, 7, 2, \infty, 26, 31, 29, 28) (8, 21, 42, 17, 3, 32, 45, 18, 41, 27) (13, 46, 15, 6, 0, 10) (37, 22, 39, 30, 24, 34) (16, 20, 38, 12, 1, 9) (40, 44, 14, 36, 25, 33) (11, 43, 23, 35, 19, 47) "
"OP(10,10,6,6,6,6,3,3)",0,Solved,"0,0480"," (4t+2)","0,0523","(\infty, 4, 12, 5, 14, \infty, 38, 29, 36, 28) (8, 18, 40, 9, 21, 32, 42, 16, 33, 45) (0, 2, 3, 6, 10, 15) (24, 26, 27, 30, 34, 39) (46, 23, 37, 17, 35, 19) (22, 47, 13, 41, 11, 43) (1, 20, 7) (25, 44, 31) "
"OP(11,9,6,6,6,5,4,3)",,Infeasible,,Table config is not valid,,
"OP(10,10,6,6,6,4,4,4)",0,Solved,"0,1570"," (4t+2)","0,1618","(\infty, 39, 45, 18, 3, \infty, 27, 42, 21, 15) (33, 5, 34, 30, 4, 9, 29, 10, 6, 28) (19, 11, 12, 44, 46, 1) (43, 35, 36, 20, 22, 25) (17, 8, 31, 41, 32, 7) (0, 13, 2, 14) (24, 37, 26, 38) (23, 16, 47, 40) "
"OP(10,10,6,6,6,3,3,3,3)",0,Solved,"0,1640"," (4t+2)","0,1671","(\infty, 43, 25, 8, 27, \infty, 3, 32, 1, 19) (12, 39, 7, 42, 28, 36, 15, 31, 18, 4) (46, 13, 6, 10, 35, 9) (22, 37, 30, 34, 11, 33) (45, 40, 41, 21, 16, 17) (2, 0, 38) (26, 24, 14) (47, 44, 5) (23, 20, 29) "
"OP(11,9,6,6,5,5,5,3)",,Infeasible,,Table config is not valid,,
"OP(10,10,6,6,5,5,4,4)",0,Solved,"0,0870"," (4t+2)","0,0916","(\infty, 17, 2, 3, 1, \infty, 25, 27, 26, 41) (7, 19, 39, 22, 44, 31, 43, 15, 46, 20) (8, 12, 18, 4, 45, 5) (32, 36, 42, 28, 21, 29) (10, 35, 16, 37, 47) (34, 11, 40, 13, 23) (9, 14, 30, 0) (33, 38, 6, 24) "
"OP(11,9,6,6,5,4,3,3,3)",,Infeasible,,Table config is not valid,,
"OP(10,10,6,6,4,4,4,3,3)",0,Solved,"0,1420"," (4t+2)","0,1460","(\infty, 11, 28, 34, 43, \infty, 19, 10, 4, 35) (44, 24, 36, 38, 45, 20, 0, 12, 14, 21) (3, 32, 2, 37, 33, 41) (27, 8, 26, 13, 9, 17) (47, 42, 5, 31) (23, 18, 29, 7) (22, 1, 46, 25) (40, 6, 39) (16, 30, 15) "
"OP(10,10,6,6,3,3,3,3,3,3)",0,Solved,"0,0970"," (4t+2)","0,1007","(\infty, 21, 38, 13, 47, \infty, 23, 37, 14, 45) (4, 9, 6, 19, 1, 28, 33, 30, 43, 25) (5, 7, 3, 18, 10, 16) (29, 31, 27, 42, 34, 40) (39, 17, 46) (15, 41, 22) (2, 12, 11) (26, 36, 35) (20, 32, 0) (44, 8, 24) "
"OP(10,10,6,5,5,5,5,4)",0,Solved,"0,1430"," (4t+2)","0,1473","(\infty, 47, 10, 3, 37, \infty, 13, 27, 34, 23) (5, 4, 8, 2, 0, 29, 28, 32, 26, 24) (6, 1, 22, 30, 25, 46) (14, 39, 17, 35, 45) (38, 15, 41, 11, 21) (7, 19, 16, 36, 20) (31, 43, 40, 12, 44) (18, 9, 42, 33) "
"OP(11,9,6,5,5,5,3,3,3)",,Infeasible,,Table config is not valid,,
"OP(10,10,6,5,5,4,4,3,3)",0,Solved,"0,1860"," (4t+2)","0,1906","(\infty, 39, 16, 21, 19, \infty, 43, 45, 40, 15) (4, 3, 7, 17, 47, 28, 27, 31, 41, 23) (13, 0, 6, 37, 24, 30) (9, 2, 22, 10, 1) (33, 26, 46, 34, 25) (44, 12, 38, 11) (20, 36, 14, 35) (42, 5, 8) (18, 29, 32) "
"OP(11,9,6,5,4,4,4,4,3)",,Infeasible,,Table config is not valid,,
"OP(11,9,6,5,4,3,3,3,3,3)",,Infeasible,,Table config is not valid,,
"OP(10,10,6,4,4,4,4,4,4)",0,Solved,"0,1090"," (4t+2)","0,1128","(\infty, 17, 16, 44, 13, \infty, 37, 20, 40, 41) (7, 4, 0, 18, 47, 31, 28, 24, 42, 23) (38, 12, 39, 14, 36, 15) (8, 21, 6, 1) (32, 45, 30, 25) (9, 3, 5, 19) (33, 27, 29, 43) (22, 11, 2, 10) (46, 35, 26, 34) "
"OP(10,10,6,4,4,4,3,3,3,3)",0,Solved,"0,3350"," (4t+2)","0,3400","(\infty, 2, 13, 11, 42, \infty, 18, 35, 37, 26) (38, 5, 8, 12, 40, 14, 29, 32, 36, 16) (0, 9, 45, 24, 33, 21) (7, 39, 46, 6) (31, 15, 22, 30) (17, 3, 41, 27) (47, 34, 4) (23, 10, 28) (1, 43, 20) (25, 19, 44) "
"OP(10,10,6,3,3,3,3,3,3,3,3)",0,Solved,"0,0450"," (4t+2)","0,0485","(\infty, \infty, 23, 46, 19, 45, 21, 43, 22, 47) (20, 33, 13, 4, 11, 44, 9, 37, 28, 35) (0, 12, 41, 24, 36, 17) (3, 14, 6) (27, 38, 30) (10, 40, 42) (34, 16, 18) (7, 2, 8) (31, 26, 32) (1, 15, 5) (25, 39, 29) "
"OP(10,10,5,5,5,5,5,5)",0,Solved,"0,1820"," (4t+2)","0,1860","(\infty, 14, 47, 18, 12, \infty, 36, 42, 23, 38) (16, 9, 46, 28, 41, 40, 33, 22, 4, 17) (19, 39, 13, 11, 3) (43, 15, 37, 35, 27) (6, 10, 0, 31, 45) (30, 34, 24, 7, 21) (1, 44, 8, 5, 26) (25, 20, 32, 29, 2) "
"OP(10,10,5,5,5,5,4,3,3)",0,Solved,"0,0550"," (4t+2)","0,0592","(\infty, 7, 16, 35, 15, \infty, 39, 11, 40, 31) (1, 2, 20, 36, 3, 25, 26, 44, 12, 27) (19, 8, 14, 9, 6) (43, 32, 38, 33, 30) (46, 5, 13, 17, 34) (22, 29, 37, 41, 10) (18, 4, 42, 28) (47, 24, 45) (23, 0, 21) "
"OP(11,9,5,5,5,4,4,4,3)",,Infeasible,,Table config is not valid,,
"OP(11,9,5,5,5,3,3,3,3,3)",,Infeasible,,Table config is not valid,,
"OP(10,10,5,5,4,4,4,4,4)",0,Solved,"0,0860"," (4t+2)","0,0900","(\infty, 17, 2, 3, 1, \infty, 25, 27, 26, 41) (7, 11, 22, 9, 19, 31, 35, 46, 33, 43) (4, 13, 8, 5, 45) (28, 37, 32, 29, 21) (10, 38, 12, 44) (34, 14, 36, 20) (15, 40, 23, 42) (39, 16, 47, 18) (6, 0, 30, 24) "
"OP(10,10,5,5,4,4,3,3,3,3)",0,Solved,"0,2490"," (4t+2)","0,2530","(\infty, 10, 23, 22, 8, \infty, 32, 46, 47, 34) (4, 0, 11, 42, 13, 28, 24, 35, 18, 37) (12, 6, 3, 5, 21) (36, 30, 27, 29, 45) (40, 20, 41, 15) (16, 44, 17, 39) (2, 14, 7) (26, 38, 31) (9, 19, 1) (33, 43, 25) "
"OP(11,9,5,4,4,4,4,3,3,3)",,Infeasible,,Table config is not valid,,
"OP(11,9,5,4,3,3,3,3,3,3,3)",,Infeasible,,Table config is not valid,,
"OP(10,10,4,4,4,4,4,4,3,3)",0,Solved,"0,0820"," (4t+2)","0,0858","(\infty, 7, 2, 6, 17, \infty, 41, 30, 26, 31) (9, 39, 23, 13, 0, 33, 15, 47, 37, 24) (45, 16, 42, 14) (21, 40, 18, 38) (3, 11, 12, 5) (27, 35, 36, 29) (20, 8, 22, 43) (44, 32, 46, 19) (4, 10, 1) (28, 34, 25) "
"OP(10,10,4,4,4,3,3,3,3,3,3)",0,Solved,"0,3360"," (4t+2)","0,3399","(\infty, 10, 41, 16, 46, \infty, 22, 40, 17, 34) (12, 2, 8, 0, 9, 36, 26, 32, 24, 33) (45, 19, 47, 13) (21, 43, 23, 37) (6, 1, 30, 25) (7, 11, 4) (31, 35, 28) (14, 3, 15) (38, 27, 39) (18, 20, 5) (42, 44, 29) "
"OP(10,10,3,3,3,3,3,3,3,3,3,3)",0,Solved,"0,2800"," (4t+2)","0,2844","(\infty, 47, 4, 26, 3, \infty, 27, 2, 28, 23) (41, 35, 24, 7, 45, 17, 11, 0, 31, 21) (6, 38, 25) (30, 14, 1) (39, 43, 40) (15, 19, 16) (33, 42, 12) (9, 18, 36) (37, 29, 44) (13, 5, 20) (46, 32, 34) (22, 8, 10) "
"OP(8,8,8,8,8,10)",0,Solved,"0,0550"," (4t+2)","0,0581","(\infty, 8, 31, 16, \infty, 40, 7, 32) (2, 1, 4, 14, 3, 10, 23, 29) (26, 25, 28, 38, 27, 34, 47, 5) (19, 17, 12, 46, 42, 20, 39, 11) (43, 41, 36, 22, 18, 44, 15, 35) (13, 30, 0, 9, 21, 37, 6, 24, 33, 45) "
"OP(4,8,8,8,8,4,10)",0,Solved,"0,0510"," (4t+2)","0,0552","(\infty, 12, \infty, 36) (13, 46, 23, 43, 14, 45, 15, 4) (37, 22, 47, 19, 38, 21, 39, 28) (0, 3, 7, 2, 1, 8, 16, 6) (24, 27, 31, 26, 25, 32, 40, 30) (9, 11, 33, 35) (34, 18, 5, 17, 44, 10, 42, 29, 41, 20) "
"OP(11,8,8,8,7,5,3)",,Infeasible,,Table config is not valid,,
"OP(8,8,8,8,10,4,4)",0,Solved,"0,0680"," (4t+2)","0,0716","(\infty, 46, 21, 38, \infty, 14, 45, 22) (7, 4, 0, 16, 9, 3, 5, 17) (31, 28, 24, 40, 33, 27, 29, 41) (18, 44, 23, 8, 42, 20, 47, 32) (19, 6, 1, 12, 13, 43, 30, 25, 36, 37) (10, 39, 11, 2) (34, 15, 35, 26) "
"OP(4,8,8,8,6,6,10)",0,Solved,"0,0800"," (4t+2)","0,0859","(\infty, 0, \infty, 24) (2, 3, 7, 5, 8, 13, 19, 9) (26, 27, 31, 29, 32, 37, 43, 33) (4, 12, 21, 6, 28, 36, 45, 30) (10, 22, 40, 20, 39, 23) (34, 46, 16, 44, 15, 47) (11, 25, 14, 41, 18, 35, 1, 38, 17, 42) "
"OP(6,8,8,8,6,10,4)",0,Solved,"0,1340"," (4t+2)","0,1376","(\infty, 5, 15, \infty, 39, 29) (25, 10, 17, 37, 19, 38, 16, 33) (1, 34, 41, 13, 43, 14, 40, 9) (8, 3, 12, 44, 32, 27, 36, 20) (45, 46, 35, 21, 22, 11) (7, 42, 0, 4, 6, 31, 18, 24, 28, 30) (23, 2, 47, 26) "
"OP(4,8,8,8,6,10,3,3)",0,Solved,"0,0410"," (4t+2)","0,0453","(\infty, 20, \infty, 44) (19, 39, 18, 33, 46, 32, 16, 7) (43, 15, 42, 9, 22, 8, 40, 31) (21, 11, 37, 14, 45, 35, 13, 38) (1, 2, 6, 25, 26, 30) (12, 4, 10, 17, 47, 36, 28, 34, 41, 23) (0, 5, 3) (24, 29, 27) "
"OP(6,8,8,8,10,5,5)",0,Solved,"0,1230"," (4t+2)","0,1268","(\infty, 39, 5, \infty, 29, 15) (13, 23, 1, 8, 17, 46, 19, 44) (37, 47, 25, 32, 41, 22, 43, 20) (6, 21, 9, 14, 30, 45, 33, 38) (11, 3, 2, 4, 0, 35, 27, 26, 28, 24) (7, 10, 16, 36, 18) (31, 34, 40, 12, 42) "
"OP(6,8,8,8,10,4,3,3)",0,Solved,"0,2210"," (4t+2)","0,2251","(\infty, 16, 46, \infty, 22, 40) (13, 33, 17, 43, 14, 45, 12, 4) (37, 9, 41, 19, 38, 21, 36, 28) (2, 7, 18, 39, 26, 31, 42, 15) (8, 6, 3, 10, 44, 32, 30, 27, 34, 20) (0, 23, 24, 47) (1, 5, 11) (25, 29, 35) "
"OP(4,8,8,8,4,4,4,10)",0,Solved,"0,0650"," (4t+2)","0,0704","(\infty, 13, \infty, 37) (6, 15, 4, 5, 1, 9, 19, 3) (30, 39, 28, 29, 25, 33, 43, 27) (10, 8, 35, 21, 34, 32, 11, 45) (22, 47, 16, 42) (46, 23, 40, 18) (14, 20, 38, 44) (41, 12, 0, 7, 2, 17, 36, 24, 31, 26) "
"OP(4,8,8,8,10,3,3,3,3)",0,Solved,"0,1130"," (4t+2)","0,1191","(\infty, 21, \infty, 45) (2, 8, 10, 0, 43, 22, 9, 17) (26, 32, 34, 24, 19, 46, 33, 41) (14, 3, 7, 16, 38, 27, 31, 40) (11, 36, 4, 18, 15, 35, 12, 28, 42, 39) (1, 13, 20) (25, 37, 44) (6, 5, 23) (30, 29, 47) "
"OP(4,8,8,7,7,6,10)",0,Solved,"0,0490"," (4t+2)","0,0534","(\infty, \infty, 23, 47) (2, 16, 9, 3, 6, 22, 12, 4) (26, 40, 33, 27, 30, 46, 36, 28) (11, 20, 39, 18, 41, 13, 0) (35, 44, 15, 42, 17, 37, 24) (1, 5, 10, 25, 29, 34) (38, 8, 7, 19, 45, 14, 32, 31, 43, 21) "
"OP(6,8,8,7,7,10,4)",0,Solved,"0,0610"," (4t+2)","0,0651","(\infty, 12, 38, \infty, 14, 36) (47, 18, 45, 31, 15, 5, 13, 22) (23, 42, 21, 7, 39, 29, 37, 46) (4, 0, 1, 3, 6, 11, 17) (28, 24, 25, 27, 30, 35, 41) (8, 19, 34, 16, 44, 32, 43, 10, 40, 20) (2, 9, 26, 33) "
"OP(4,8,8,7,7,10,3,3)",0,Solved,"0,1160"," (4t+2)","0,1220","(\infty, 2, \infty, 26) (7, 5, 21, 3, 43, 47, 0, 35) (31, 29, 45, 27, 19, 23, 24, 11) (1, 12, 41, 38, 15, 46, 40) (25, 36, 17, 14, 39, 22, 16) (8, 20, 34, 13, 6, 32, 44, 10, 37, 30) (42, 9, 4) (18, 33, 28) "
"OP(8,8,8,10,6,6,4)",0,Solved,"0,0640"," (4t+2)","0,0682","(\infty, 22, 14, 2, \infty, 26, 38, 46) (10, 16, 31, 13, 9, 6, 4, 3) (34, 40, 7, 37, 33, 30, 28, 27) (43, 20, 41, 15, 47, 19, 44, 17, 39, 23) (21, 8, 42, 11, 1, 12) (45, 32, 18, 35, 25, 36) (0, 5, 24, 29) "
"OP(8,8,8,10,6,5,5)",0,Solved,"0,0460"," (4t+2)","0,0497","(\infty, 20, 41, 18, \infty, 42, 17, 44) (5, 3, 6, 14, 13, 4, 0, 10) (29, 27, 30, 38, 37, 28, 24, 34) (22, 7, 1, 12, 32, 46, 31, 25, 36, 8) (39, 9, 2, 15, 33, 26) (23, 40, 21, 43, 11) (47, 16, 45, 19, 35) "
"OP(8,8,8,10,6,4,3,3)",0,Solved,"0,5950"," (4t+2)","0,6001","(\infty, 21, 5, 9, \infty, 33, 29, 45) (22, 17, 44, 16, 3, 39, 14, 7) (46, 41, 20, 40, 27, 15, 38, 31) (11, 19, 10, 8, 18, 35, 43, 34, 32, 42) (12, 13, 2, 36, 37, 26) (6, 0, 30, 24) (4, 1, 23) (28, 25, 47) "
"OP(8,8,8,10,5,5,3,3)",0,Solved,"0,1640"," (4t+2)","0,1683","(\infty, 46, 13, 14, \infty, 38, 37, 22) (40, 8, 15, 18, 6, 23, 0, 11) (16, 32, 39, 42, 30, 47, 24, 35) (10, 4, 12, 2, 7, 34, 28, 36, 26, 31) (17, 3, 1, 19, 45) (41, 27, 25, 43, 21) (9, 44, 5) (33, 20, 29) "
"OP(11,8,8,7,5,4,4,3)",,Infeasible,,Table config is not valid,,
"OP(8,8,8,10,4,4,4,4)",0,Solved,"0,0600"," (4t+2)","0,0639","(\infty, 4, 8, 16, \infty, 40, 32, 28) (5, 12, 21, 39, 22, 10, 0, 2) (29, 36, 45, 15, 46, 34, 24, 26) (3, 9, 42, 17, 38, 27, 33, 18, 41, 14) (13, 47, 19, 35) (37, 23, 43, 11) (6, 1, 20, 7) (30, 25, 44, 31) "
"OP(8,8,8,10,4,3,3,3,3)",0,Solved,"0,0610"," (4t+2)","0,0648","(\infty, 6, 40, 24, \infty, 0, 16, 30) (32, 41, 3, 25, 28, 46, 5, 26) (8, 17, 27, 1, 4, 22, 29, 2) (34, 9, 37, 45, 43, 10, 33, 13, 21, 19) (44, 39, 20, 15) (38, 7, 42) (14, 31, 18) (35, 36, 47) (11, 12, 23) "
"OP(6,8,8,6,6,6,10)",0,Solved,"0,0640"," (4t+2)","0,0679","(\infty, 19, 15, \infty, 39, 43) (2, 47, 38, 12, 4, 5, 10, 44) (26, 23, 14, 36, 28, 29, 34, 20) (1, 21, 3, 13, 40, 8) (25, 45, 27, 37, 16, 32) (7, 9, 46, 31, 33, 22) (18, 6, 35, 0, 17, 42, 30, 11, 24, 41) "
"OP(6,8,8,6,6,10,3,3)",0,Solved,"0,1840"," (4t+2)","0,1877","(\infty, 0, 14, \infty, 38, 24) (23, 44, 1, 9, 2, 19, 42, 22) (47, 20, 25, 33, 26, 43, 18, 46) (10, 21, 3, 35, 16, 7) (34, 45, 27, 11, 40, 31) (17, 4, 37, 15, 5, 41, 28, 13, 39, 29) (8, 6, 12) (32, 30, 36) "
"OP(4,8,8,6,6,4,4,10)",0,Solved,"0,0470"," (4t+2)","0,0513","(\infty, 19, \infty, 43) (45, 11, 42, 14, 44, 22, 47, 12) (21, 35, 18, 38, 20, 46, 23, 36) (4, 7, 16, 8, 1, 2) (28, 31, 40, 32, 25, 26) (3, 15, 34, 13) (27, 39, 10, 37) (9, 5, 0, 6, 17, 33, 29, 24, 30, 41) "
"OP(4,8,8,6,5,5,4,10)",0,Solved,"0,1640"," (4t+2)","0,1689","(\infty, 46, \infty, 22) (28, 36, 6, 37, 42, 1, 43, 14) (4, 12, 30, 13, 18, 25, 19, 38) (32, 7, 40, 8, 31, 16) (9, 10, 0, 3, 5) (33, 34, 24, 27, 29) (2, 39, 26, 15) (47, 21, 41, 20, 11, 23, 45, 17, 44, 35) "
"OP(6,8,8,6,10,4,4,4)",0,Solved,"0,1180"," (4t+2)","0,1227","(\infty, 47, 15, \infty, 39, 23) (8, 37, 17, 9, 3, 10, 0, 5) (32, 13, 41, 33, 27, 34, 24, 29) (1, 12, 38, 25, 36, 14) (42, 11, 2, 6, 4, 18, 35, 26, 30, 28) (7, 19, 40, 22) (31, 43, 16, 46) (21, 20, 45, 44) "
"OP(6,8,8,6,10,3,3,3,3)",0,Solved,"0,1040"," (4t+2)","0,1080","(\infty, 39, 9, \infty, 33, 15) (18, 5, 22, 8, 6, 1, 12, 2) (42, 29, 46, 32, 30, 25, 36, 26) (4, 13, 7, 28, 37, 31) (14, 43, 10, 17, 16, 38, 19, 34, 41, 40) (20, 45, 0) (44, 21, 24) (3, 11, 47) (27, 35, 23) "
"OP(4,8,8,6,4,4,10,3,3)",0,Solved,"0,0980"," (4t+2)","0,1016","(\infty, 15, \infty, 39) (3, 6, 1, 13, 46, 8, 2, 33) (27, 30, 25, 37, 22, 32, 26, 9) (12, 4, 45, 36, 28, 21) (35, 7, 5, 16) (11, 31, 29, 40) (47, 34, 18, 14, 0, 23, 10, 42, 38, 24) (19, 20, 41) (43, 44, 17) "
"OP(4,8,8,5,5,5,5,10)",0,Solved,"0,0360"," (4t+2)","0,0406","(\infty, 18, \infty, 42) (3, 6, 16, 17, 47, 19, 32, 11) (27, 30, 40, 41, 23, 43, 8, 35) (7, 21, 10, 5, 1) (31, 45, 34, 29, 25) (2, 9, 38, 13, 4) (26, 33, 14, 37, 28) (44, 12, 0, 15, 46, 20, 36, 24, 39, 22) "
"OP(6,8,8,10,5,5,4,4)",0,Solved,"0,1050"," (4t+2)","0,1089","(\infty, 44, 22, \infty, 46, 20) (17, 13, 19, 32, 15, 1, 24, 14) (41, 37, 43, 8, 39, 25, 0, 38) (11, 29, 45, 16, 7, 35, 5, 21, 40, 31) (4, 2, 3, 36, 9) (28, 26, 27, 12, 33) (6, 47, 10, 18) (30, 23, 34, 42) "
"OP(4,8,8,5,5,4,10,3,3)",0,Solved,"0,0980"," (4t+2)","0,1019","(\infty, 13, \infty, 37) (0, 2, 1, 4, 8, 14, 21, 5) (24, 26, 25, 28, 32, 38, 45, 29) (19, 46, 11, 23, 42) (43, 22, 35, 47, 18) (3, 12, 27, 36) (20, 34, 17, 6, 16, 44, 10, 41, 30, 40) (33, 7, 15) (9, 31, 39) "
"OP(6,8,8,10,4,4,4,3,3)",0,Solved,"0,1580"," (4t+2)","0,1633","(\infty, 11, 43, \infty, 19, 35) (5, 22, 47, 4, 7, 17, 24, 20) (29, 46, 23, 28, 31, 41, 0, 44) (1, 36, 37, 45, 34, 25, 12, 13, 21, 10) (14, 2, 16, 42) (38, 26, 40, 18) (9, 15, 33, 39) (27, 8, 6) (3, 32, 30) "
"OP(6,8,8,10,3,3,3,3,3,3)",0,Solved,"0,0600"," (4t+2)","0,0656","(\infty, 18, 6, \infty, 30, 42) (4, 11, 1, 12, 47, 20, 43, 13) (28, 35, 25, 36, 23, 44, 19, 37) (8, 40, 14, 0, 15, 32, 16, 38, 24, 39) (3, 7, 9) (27, 31, 33) (17, 45, 46) (41, 21, 22) (5, 2, 10) (29, 26, 34) "
"OP(4,8,8,4,4,4,4,4,10)",0,Solved,"0,0520"," (4t+2)","0,0561","(\infty, 21, \infty, 45) (13, 12, 4, 9, 19, 2, 20, 41) (37, 36, 28, 33, 43, 26, 44, 17) (23, 0, 16, 42) (47, 24, 40, 18) (10, 3, 7, 22) (34, 27, 31, 46) (1, 14, 25, 38) (15, 6, 8, 11, 5, 39, 30, 32, 35, 29) "
"OP(4,8,8,4,4,10,3,3,3,3)",0,Solved,"0,0680"," (4t+2)","0,0722","(\infty, 4, \infty, 28) (10, 22, 15, 1, 0, 43, 17, 30) (34, 46, 39, 25, 24, 19, 41, 6) (7, 26, 3, 18) (31, 2, 27, 42) (8, 47, 5, 45, 35, 32, 23, 29, 21, 11) (12, 14, 44) (36, 38, 20) (13, 40, 9) (37, 16, 33) "
"OP(4,8,7,7,7,7,10)",0,Solved,"0,0710"," (4t+2)","0,0785","(\infty, 11, \infty, 35) (23, 3, 7, 0, 47, 27, 31, 24) (36, 4, 14, 25, 17, 2, 33) (12, 28, 38, 1, 41, 26, 9) (43, 37, 18, 44, 5, 10, 22) (19, 13, 42, 20, 29, 34, 46) (16, 39, 21, 8, 6, 40, 15, 45, 32, 30) "
"OP(8,8,10,7,7,6,4)",0,Solved,"0,0460"," (4t+2)","0,0493","(\infty, 41, 23, 21, \infty, 45, 47, 17) (40, 25, 29, 39, 16, 1, 5, 15) (26, 4, 13, 44, 8, 2, 28, 37, 20, 32) (9, 22, 36, 7, 14, 42, 10) (33, 46, 12, 31, 38, 18, 34) (0, 11, 19, 24, 35, 43) (3, 6, 27, 30) "
"OP(8,8,10,7,7,5,5)",0,Solved,"0,0740"," (4t+2)","0,0789","(\infty, 18, 15, 4, \infty, 28, 39, 42) (47, 21, 20, 36, 23, 45, 44, 12) (5, 41, 8, 1, 19, 29, 17, 32, 25, 43) (7, 26, 40, 34, 3, 30, 35) (31, 2, 16, 10, 27, 6, 11) (0, 46, 38, 13, 9) (24, 22, 14, 37, 33) "
"OP(8,8,10,7,7,4,3,3)",0,Solved,"0,0750"," (4t+2)","0,0796","(\infty, 44, 21, 6, \infty, 30, 45, 20) (43, 13, 11, 0, 19, 37, 35, 24) (41, 14, 2, 47, 4, 17, 38, 26, 23, 28) (42, 16, 8, 9, 15, 1, 10) (18, 40, 32, 33, 39, 25, 34) (7, 3, 31, 27) (12, 5, 22) (36, 29, 46) "
"OP(6,8,7,7,6,6,10)",0,Solved,"0,0780"," (4t+2)","0,0826","(\infty, 47, 19, \infty, 43, 23) (15, 5, 20, 8, 39, 29, 44, 32) (0, 4, 17, 11, 6, 3, 1) (24, 28, 41, 35, 30, 27, 25) (16, 46, 12, 38, 13, 45) (40, 22, 36, 14, 37, 21) (7, 18, 9, 2, 10, 31, 42, 33, 26, 34) "
"OP(6,8,7,7,6,10,3,3)",0,Solved,"0,0770"," (4t+2)","0,0825","(\infty, 28, 42, \infty, 18, 4) (41, 35, 6, 32, 17, 11, 30, 8) (3, 33, 25, 5, 36, 45, 44) (27, 9, 1, 29, 12, 21, 20) (0, 37, 47, 24, 13, 23) (26, 39, 7, 34, 46, 2, 15, 31, 10, 22) (38, 43, 40) (14, 19, 16) "
"OP(4,8,7,7,6,4,4,10)",0,Solved,"0,0480"," (4t+2)","0,0528","(\infty, 13, \infty, 37) (19, 9, 23, 12, 43, 33, 47, 36) (20, 35, 22, 14, 7, 16, 32) (44, 11, 46, 38, 31, 40, 8) (6, 1, 2, 30, 25, 26) (41, 18, 45, 15) (17, 42, 21, 39) (10, 4, 0, 3, 5, 34, 28, 24, 27, 29) "
"OP(4,8,7,7,5,5,4,10)",0,Solved,"0,1320"," (4t+2)","0,1360","(\infty, 16, \infty, 40) (15, 44, 11, 34, 39, 20, 35, 10) (8, 2, 6, 9, 21, 47, 19) (32, 26, 30, 33, 45, 23, 43) (1, 3, 4, 38, 17) (25, 27, 28, 14, 41) (0, 7, 24, 31) (18, 5, 13, 22, 12, 42, 29, 37, 46, 36) "
"OP(6,8,7,7,10,4,4,4)",0,Solved,"0,3710"," (4t+2)","0,3751","(\infty, 3, 19, \infty, 43, 27) (0, 6, 15, 41, 24, 30, 39, 17) (1, 9, 32, 20, 47, 42, 14) (25, 33, 8, 44, 23, 18, 38) (22, 40, 21, 10, 13, 46, 16, 45, 34, 37) (5, 7, 11, 4) (29, 31, 35, 28) (12, 2, 36, 26) "
"OP(6,8,7,7,10,3,3,3,3)",0,Solved,"0,0610"," (4t+2)","0,0656","(\infty, 3, 29, \infty, 5, 27) (35, 6, 26, 42, 11, 30, 2, 18) (36, 25, 46, 38, 24, 47, 40) (12, 1, 22, 14, 0, 23, 16) (45, 33, 32, 37, 39, 21, 9, 8, 13, 15) (43, 34, 28) (19, 10, 4) (44, 31, 41) (20, 7, 17) "
"OP(4,8,7,7,4,4,10,3,3)",0,Solved,"0,0520"," (4t+2)","0,0558","(\infty, 31, \infty, 7) (43, 37, 28, 0, 19, 13, 4, 24) (22, 30, 23, 45, 10, 8, 18) (46, 6, 47, 21, 34, 32, 42) (44, 12, 9, 27) (20, 36, 33, 3) (1, 38, 39, 16, 11, 25, 14, 15, 40, 35) (41, 5, 26) (17, 29, 2) "
"OP(8,8,10,6,6,6,6)",0,Solved,"0,1120"," (4t+2)","0,1169","(\infty, 42, 17, 38, \infty, 14, 41, 18) (22, 33, 16, 6, 46, 9, 40, 30) (2, 4, 37, 23, 45, 26, 28, 13, 47, 21) (31, 15, 10, 11, 5, 1) (7, 39, 34, 35, 29, 25) (3, 0, 20, 32, 19, 12) (27, 24, 44, 8, 43, 36) "
"OP(8,8,10,6,6,6,3,3)",0,Solved,"0,1300"," (4t+2)","0,1343","(\infty, 4, 16, 44, \infty, 20, 40, 28) (35, 13, 5, 21, 11, 37, 29, 45) (19, 2, 7, 42, 36, 43, 26, 31, 18, 12) (0, 39, 10, 6, 3, 1) (24, 15, 34, 30, 27, 25) (14, 41, 23, 38, 17, 47) (8, 33, 22) (32, 9, 46) "
"OP(11,8,7,6,6,5,4,3)",,Infeasible,,Table config is not valid,,
"OP(8,8,10,6,6,4,4,4)",0,Solved,"0,2630"," (4t+2)","0,2674","(\infty, 7, 30, 33, \infty, 9, 6, 31) (1, 20, 10, 43, 25, 44, 34, 19) (16, 2, 42, 15, 3, 40, 26, 18, 39, 27) (22, 0, 32, 37, 17, 21) (46, 24, 8, 13, 41, 45) (47, 12, 14, 5) (23, 36, 38, 29) (11, 4, 35, 28) "
"OP(8,8,10,6,6,3,3,3,3)",0,Solved,"0,0980"," (4t+2)","0,1014","(\infty, 14, 40, 2, \infty, 26, 16, 38) (3, 18, 15, 44, 27, 42, 39, 20) (7, 9, 17, 11, 10, 31, 33, 41, 35, 34) (1, 6, 43, 23, 0, 13) (25, 30, 19, 47, 24, 37) (5, 21, 12) (29, 45, 36) (4, 22, 8) (28, 46, 32) "
"OP(11,8,7,6,5,5,5,3)",,Infeasible,,Table config is not valid,,
"OP(8,8,10,6,5,5,4,4)",0,Solved,"0,1880"," (4t+2)","0,1923","(\infty, 8, 7, 12, \infty, 36, 31, 32) (44, 22, 2, 27, 20, 46, 26, 3) (4, 15, 0, 45, 16, 28, 39, 24, 21, 40) (43, 37, 5, 19, 13, 29) (47, 34, 30, 38, 17) (23, 10, 6, 14, 41) (18, 1, 11, 9) (42, 25, 35, 33) "
"OP(11,8,7,6,5,4,3,3,3)",,Infeasible,,Table config is not valid,,
"OP(8,8,10,6,4,4,4,3,3)",0,Solved,"0,3690"," (4t+2)","0,3720","(\infty, 39, 28, 43, \infty, 19, 4, 15) (42, 7, 41, 35, 18, 31, 17, 11) (2, 14, 32, 37, 45, 26, 38, 8, 13, 21) (12, 44, 34, 36, 20, 10) (40, 1, 5, 33) (16, 25, 29, 9) (6, 27, 30, 3) (46, 24, 47) (22, 0, 23) "
"OP(8,8,10,6,3,3,3,3,3,3)",0,Solved,"0,2560"," (4t+2)","0,2600","(\infty, 44, 33, 8, \infty, 32, 9, 20) (5, 39, 43, 34, 29, 15, 19, 10) (23, 2, 14, 17, 7, 47, 26, 38, 41, 31) (35, 13, 42, 11, 37, 18) (46, 30, 0) (22, 6, 24) (4, 3, 45) (28, 27, 21) (25, 12, 40) (1, 36, 16) "
"OP(8,8,10,5,5,5,5,4)",0,Solved,"0,1670"," (4t+2)","0,1709","(\infty, 45, 26, 41, \infty, 17, 2, 21) (42, 43, 33, 7, 18, 19, 9, 31) (46, 30, 37, 24, 1, 22, 6, 13, 0, 25) (8, 11, 5, 3, 20) (32, 35, 29, 27, 44) (38, 47, 39, 34, 4) (14, 23, 15, 10, 28) (40, 36, 16, 12) "
"OP(11,8,7,5,5,5,3,3,3)",,Infeasible,,Table config is not valid,,
"OP(8,8,10,5,5,4,4,3,3)",0,Solved,"0,0990"," (4t+2)","0,1036","(\infty, 14, 15, 10, \infty, 34, 39, 38) (29, 23, 35, 12, 5, 47, 11, 36) (33, 16, 7, 20, 1, 9, 40, 31, 44, 25) (21, 41, 19, 4, 18) (45, 17, 43, 28, 42) (32, 2, 46, 30) (8, 26, 22, 6) (37, 27, 0) (13, 3, 24) "
"OP(11,8,7,5,4,4,4,4,3)",,Infeasible,,Table config is not valid,,
"OP(11,8,7,5,4,3,3,3,3,3)",,Infeasible,,Table config is not valid,,
"OP(8,8,10,4,4,4,4,4,4)",0,Solved,"0,0950"," (4t+2)","0,0991","(\infty, 39, 47, 43, \infty, 19, 23, 15) (25, 42, 44, 34, 1, 18, 20, 10) (36, 24, 3, 38, 41, 12, 0, 27, 14, 17) (30, 37, 9, 4) (6, 13, 33, 28) (7, 32, 2, 16) (31, 8, 26, 40) (35, 29, 45, 46) (11, 5, 21, 22) "
"OP(8,8,10,4,4,4,3,3,3,3)",0,Solved,"0,1630"," (4t+2)","0,1679","(\infty, 34, 0, 4, \infty, 28, 24, 10) (5, 17, 43, 2, 29, 41, 19, 26) (15, 12, 22, 21, 16, 39, 36, 46, 45, 40) (14, 1, 7, 44) (38, 25, 31, 20) (3, 11, 27, 35) (13, 33, 42) (37, 9, 18) (6, 8, 23) (30, 32, 47) "
"OP(8,8,10,3,3,3,3,3,3,3,3)",0,Solved,"0,0790"," (4t+2)","0,0836","(\infty, 37, 1, 27, \infty, 3, 25, 13) (2, 9, 18, 20, 26, 33, 42, 44) (12, 22, 4, 7, 47, 36, 46, 28, 31, 23) (41, 6, 21) (17, 30, 45) (32, 16, 15) (8, 40, 39) (5, 19, 24) (29, 43, 0) (38, 11, 34) (14, 35, 10) "
"OP(4,8,6,6,6,6,4,10)",0,Solved,"0,0430"," (4t+2)","0,0481","(\infty, 16, \infty, 40) (18, 2, 9, 5, 42, 26, 33, 29) (6, 4, 13, 0, 8, 3) (30, 28, 37, 24, 32, 27) (38, 23, 35, 12, 22, 21) (14, 47, 11, 36, 46, 45) (1, 7, 25, 31) (43, 15, 34, 20, 41, 19, 39, 10, 44, 17) "
"OP(4,8,6,6,6,5,5,10)",0,Solved,"0,0510"," (4t+2)","0,0553","(\infty, 19, \infty, 43) (14, 4, 12, 21, 38, 28, 36, 45) (20, 40, 22, 47, 35, 9) (44, 16, 46, 23, 11, 33) (10, 42, 15, 34, 18, 39) (0, 13, 6, 2, 5) (24, 37, 30, 26, 29) (41, 8, 7, 1, 3, 17, 32, 31, 25, 27) "
"OP(6,8,6,6,6,10,4,4)",0,Solved,"0,0690"," (4t+2)","0,0730","(\infty, 38, 22, \infty, 46, 14) (9, 20, 23, 6, 33, 44, 47, 30) (35, 2, 3, 41, 15, 10) (11, 26, 27, 17, 39, 34) (13, 1, 31, 37, 25, 7) (4, 0, 40, 21, 19, 28, 24, 16, 45, 43) (32, 18, 5, 12) (8, 42, 29, 36) "
"OP(4,8,6,6,6,4,10,3,3)",0,Solved,"0,0370"," (4t+2)","0,0409","(\infty, 1, \infty, 25) (14, 3, 9, 2, 38, 27, 33, 26) (0, 23, 13, 4, 8, 21) (24, 47, 37, 28, 32, 45) (6, 40, 12, 30, 16, 36) (7, 15, 31, 39) (11, 10, 5, 20, 18, 35, 34, 29, 44, 42) (46, 17, 43) (22, 41, 19) "
"OP(6,8,6,6,10,5,5,4)",0,Solved,"0,2780"," (4t+2)","0,2820","(\infty, 0, 30, \infty, 6, 24) (2, 5, 46, 41, 26, 29, 22, 17) (44, 36, 11, 43, 39, 10) (20, 12, 35, 19, 15, 34) (1, 3, 4, 31, 37, 25, 27, 28, 7, 13) (18, 40, 9, 47, 38) (42, 16, 33, 23, 14) (8, 21, 32, 45) "
"OP(4,8,6,6,5,5,10,3,3)",0,Solved,"0,1150"," (4t+2)","0,1192","(\infty, 11, \infty, 35) (16, 5, 6, 18, 40, 29, 30, 42) (21, 46, 14, 44, 36, 7) (45, 22, 38, 20, 12, 31) (13, 8, 23, 10, 17) (37, 32, 47, 34, 41) (43, 15, 25, 4, 2, 19, 39, 1, 28, 26) (3, 0, 9) (27, 24, 33) "
"OP(6,8,6,6,10,4,4,3,3)",0,Solved,"0,0610"," (4t+2)","0,0658","(\infty, 18, 14, \infty, 38, 42) (0, 8, 15, 46, 24, 32, 39, 22) (13, 2, 21, 44, 23, 3) (37, 26, 45, 20, 47, 27) (16, 4, 19, 10, 5, 40, 28, 43, 34, 29) (6, 12, 9, 7) (30, 36, 33, 31) (1, 17, 35) (25, 41, 11) "
"OP(4,8,6,6,4,4,4,4,10)",0,Solved,"0,0590"," (4t+2)","0,0642","(\infty, 16, \infty, 40) (21, 3, 8, 46, 45, 27, 32, 22) (6, 10, 7, 5, 12, 0) (30, 34, 31, 29, 36, 24) (15, 4, 18, 47) (39, 28, 42, 23) (37, 14, 1, 9) (13, 38, 25, 33) (43, 17, 44, 11, 2, 19, 41, 20, 35, 26) "
"OP(4,8,6,6,4,10,3,3,3,3)",0,Solved,"0,0630"," (4t+2)","0,0669","(\infty, 3, \infty, 27) (4, 5, 7, 13, 28, 29, 31, 37) (15, 43, 17, 1, 18, 26) (39, 19, 41, 25, 42, 2) (11, 8, 35, 32) (30, 23, 10, 46, 36, 6, 47, 34, 22, 12) (16, 20, 45) (40, 44, 21) (0, 9, 14) (24, 33, 38) "
"OP(6,8,6,10,5,5,5,5)",0,Solved,"0,0760"," (4t+2)","0,0847","(\infty, 21, 47, \infty, 23, 45) (43, 14, 10, 1, 19, 38, 34, 25) (7, 5, 4, 31, 29, 28) (3, 13, 33, 44, 12, 27, 37, 9, 20, 36) (6, 0, 8, 11, 18) (30, 24, 32, 35, 42) (2, 15, 46, 41, 16) (26, 39, 22, 17, 40) "
"OP(6,8,6,10,5,5,4,3,3)",0,Solved,"0,1980"," (4t+2)","0,2024","(\infty, 4, 8, \infty, 32, 28) (10, 17, 40, 7, 34, 41, 16, 31) (21, 19, 13, 45, 43, 37) (9, 39, 11, 1, 2, 33, 15, 35, 25, 26) (22, 3, 0, 5, 14) (46, 27, 24, 29, 38) (12, 23, 36, 47) (20, 6, 42) (44, 30, 18) "
"OP(4,8,6,5,5,4,4,4,10)",0,Solved,"0,2470"," (4t+2)","0,2510","(\infty, 0, \infty, 24) (9, 7, 3, 15, 33, 31, 27, 39) (5, 22, 6, 29, 46, 30) (8, 42, 13, 23, 43) (32, 18, 37, 47, 19) (12, 38, 1, 4) (36, 14, 25, 28) (2, 11, 26, 35) (17, 10, 16, 21, 20, 41, 34, 40, 45, 44) "
"OP(4,8,6,5,5,10,3,3,3,3)",0,Solved,"0,3320"," (4t+2)","0,3365","(\infty, 20, \infty, 44) (6, 1, 10, 45, 30, 25, 34, 21) (9, 40, 11, 33, 16, 35) (13, 14, 7, 23, 5) (37, 38, 31, 47, 29) (19, 46, 0, 3, 15, 43, 22, 24, 27, 39) (18, 4, 41) (42, 28, 17) (8, 2, 12) (32, 26, 36) "
"OP(6,8,6,10,4,4,4,4,4)",0,Solved,"0,3220"," (4t+2)","0,3255","(\infty, 5, 33, \infty, 9, 29) (34, 28, 41, 32, 10, 4, 17, 8) (38, 24, 26, 14, 0, 2) (45, 40, 43, 47, 39, 21, 16, 19, 23, 15) (42, 25, 46, 31) (18, 1, 22, 7) (6, 35, 3, 44) (30, 11, 27, 20) (37, 36, 13, 12) "
"OP(6,8,6,10,4,4,3,3,3,3)",0,Solved,"0,1320"," (4t+2)","0,1363","(\infty, 34, 0, \infty, 24, 10) (32, 23, 20, 1, 8, 47, 44, 25) (2, 15, 4, 26, 39, 28) (43, 11, 38, 40, 9, 19, 35, 14, 16, 33) (46, 18, 3, 21) (22, 42, 27, 45) (12, 6, 7) (36, 30, 31) (17, 13, 5) (41, 37, 29) "
"OP(4,8,6,4,4,4,4,10,3,3)",0,Solved,"0,2400"," (4t+2)","0,2449","(\infty, 2, \infty, 26) (1, 9, 0, 7, 25, 33, 24, 31) (40, 13, 3, 16, 37, 27) (46, 21, 43, 12) (22, 45, 19, 36) (11, 10, 6, 8) (35, 34, 30, 32) (14, 42, 23, 17, 5, 38, 18, 47, 41, 29) (15, 4, 20) (39, 28, 44) "
"OP(4,8,6,4,10,3,3,3,3,3,3)",0,Solved,"0,2150"," (4t+2)","0,2185","(\infty, 8, \infty, 32) (14, 22, 3, 15, 38, 46, 27, 39) (5, 10, 43, 29, 34, 19) (12, 23, 36, 47) (13, 17, 44, 6, 7, 37, 41, 20, 30, 31) (16, 42, 0) (40, 18, 24) (2, 9, 11) (26, 33, 35) (21, 1, 4) (45, 25, 28) "
"OP(6,8,10,5,5,5,5,3,3)",0,Solved,"0,1060"," (4t+2)","0,1105","(\infty, 6, 8, \infty, 32, 30) (22, 3, 42, 14, 46, 27, 18, 38) (20, 47, 4, 11, 0, 44, 23, 28, 35, 24) (7, 13, 1, 16, 17) (31, 37, 25, 40, 41) (5, 19, 2, 15, 45) (29, 43, 26, 39, 21) (34, 12, 9) (10, 36, 33) "
"OP(4,8,5,5,5,5,4,4,10)",0,Solved,"0,0830"," (4t+2)","0,0860","(\infty, 0, \infty, 24) (2, 3, 7, 5, 26, 27, 31, 29) (4, 9, 6, 17, 10) (28, 33, 30, 41, 34) (8, 16, 35, 44, 18) (32, 40, 11, 20, 42) (12, 43, 15, 45) (36, 19, 39, 21) (37, 25, 38, 22, 47, 13, 1, 14, 46, 23) "
"OP(6,8,10,5,5,4,4,4,4)",0,Solved,"0,2360"," (4t+2)","0,2404","(\infty, 43, 31, \infty, 7, 19) (37, 20, 39, 21, 13, 44, 15, 45) (8, 42, 16, 3, 9, 32, 18, 40, 27, 33) (34, 1, 11, 38, 6) (10, 25, 35, 14, 30) (2, 47, 36, 41) (26, 23, 12, 17) (5, 4, 0, 46) (29, 28, 24, 22) "
"OP(6,8,10,5,5,4,3,3,3,3)",0,Solved,"0,3630"," (4t+2)","0,3677","(\infty, 40, 2, \infty, 26, 16) (34, 4, 44, 42, 10, 28, 20, 18) (3, 24, 1, 38, 5, 27, 0, 25, 14, 29) (39, 43, 30, 47, 46) (15, 19, 6, 23, 22) (37, 32, 13, 8) (35, 41, 7) (11, 17, 31) (45, 33, 36) (21, 9, 12) "
"OP(4,8,5,5,4,4,4,10,3,3)",0,Solved,"0,1720"," (4t+2)","0,1765","(\infty, 19, \infty, 43) (0, 8, 2, 9, 24, 32, 26, 33) (13, 4, 20, 39, 12) (37, 28, 44, 15, 36) (3, 21, 38, 16) (27, 45, 14, 40) (11, 1, 35, 25) (5, 7, 10, 6, 17, 29, 31, 34, 30, 41) (46, 23, 18) (22, 47, 42) "
"OP(4,8,5,5,10,3,3,3,3,3,3)",0,Solved,"0,0610"," (4t+2)","0,0643","(\infty, 33, \infty, 9) (30, 46, 35, 23, 6, 22, 11, 47) (40, 27, 20, 15, 12) (16, 3, 44, 39, 36) (19, 1, 34, 7, 21, 43, 25, 10, 31, 45) (41, 18, 37) (17, 42, 13) (0, 2, 8) (24, 26, 32) (28, 29, 38) (4, 5, 14) "
"OP(6,8,10,4,4,4,4,4,3,3)",0,Solved,"0,1640"," (4t+2)","0,1679","(\infty, 7, 21, \infty, 45, 31) (42, 22, 11, 3, 18, 46, 35, 27) (14, 9, 0, 6, 16, 38, 33, 24, 30, 40) (10, 8, 1, 13) (34, 32, 25, 37) (41, 23, 44, 12) (17, 47, 20, 36) (5, 4, 29, 28) (15, 19, 2) (39, 43, 26) "
"OP(6,8,10,4,4,3,3,3,3,3,3)",0,Solved,"0,0350"," (4t+2)","0,0393","(\infty, 14, 44, \infty, 20, 38) (32, 16, 6, 19, 8, 40, 30, 43) (17, 45, 22, 39, 12, 41, 21, 46, 15, 36) (4, 7, 1, 2) (28, 31, 25, 26) (10, 18, 3) (34, 42, 27) (37, 23, 11) (13, 47, 35) (0, 5, 9) (24, 29, 33) "
"OP(4,8,4,4,4,4,4,4,4,10)",0,Solved,"0,2560"," (4t+2)","0,2602","(\infty, 44, \infty, 20) (1, 38, 9, 11, 25, 14, 33, 35) (42, 15, 3, 2) (18, 39, 27, 26) (43, 10, 0, 13) (19, 34, 24, 37) (31, 6, 28, 22) (7, 30, 4, 46) (47, 16, 23, 40) (17, 21, 5, 8, 36, 41, 45, 29, 32, 12) "
"OP(4,8,4,4,4,4,10,3,3,3,3)",0,Solved,"0,0560"," (4t+2)","0,0597","(\infty, 12, \infty, 36) (15, 7, 18, 8, 39, 31, 42, 32) (14, 43, 16, 44) (38, 19, 40, 20) (29, 17, 10, 4) (5, 41, 34, 28) (9, 22, 37, 21, 47, 33, 46, 13, 45, 23) (1, 0, 3) (25, 24, 27) (6, 2, 11) (30, 26, 35) "
"OP(4,8,4,10,3,3,3,3,3,3,3,3)",0,Solved,"0,3200"," (4t+2)","0,3243","(\infty, 39, \infty, 15) (33, 46, 30, 35, 9, 22, 6, 11) (10, 31, 34, 7) (41, 40, 0, 20, 32, 17, 16, 24, 44, 8) (42, 23, 5) (18, 47, 29) (38, 13, 4) (14, 37, 28) (36, 19, 26) (12, 43, 2) (45, 3, 1) (21, 27, 25) "
"OP(8,10,7,7,7,7,4)",0,Solved,"0,2310"," (4t+2)","0,2361","(\infty, 6, 14, 32, \infty, 8, 38, 30) (47, 16, 0, 13, 46, 23, 40, 24, 37, 22) (12, 10, 1, 11, 45, 19, 18) (36, 34, 25, 35, 21, 43, 42) (2, 9, 4, 15, 44, 17, 5) (26, 33, 28, 39, 20, 41, 29) (7, 3, 31, 27) "
"OP(6,7,7,7,7,6,10)",0,Solved,"0,0620"," (4t+2)","0,0661","(\infty, 38, 36, \infty, 12, 14) (15, 9, 46, 1, 31, 24, 34) (39, 33, 22, 25, 7, 0, 10) (37, 20, 29, 30, 4, 16, 2) (13, 44, 5, 6, 28, 40, 26) (45, 18, 41, 21, 42, 17) (11, 3, 8, 23, 19, 35, 27, 32, 47, 43) "
"OP(6,7,7,7,7,10,3,3)",0,Solved,"0,0580"," (4t+2)","0,0621","(\infty, 24, 22, \infty, 46, 0) (17, 39, 30, 14, 47, 13, 42) (41, 15, 6, 38, 23, 37, 18) (33, 16, 44, 8, 2, 1, 12) (9, 40, 20, 32, 26, 25, 36) (45, 10, 5, 43, 3, 21, 34, 29, 19, 27) (4, 11, 7) (28, 35, 31) "
"OP(4,7,7,7,7,4,4,10)",0,Solved,"0,0770"," (4t+2)","0,0826","(\infty, 6, \infty, 30) (45, 41, 43, 15, 4, 1, 26) (21, 17, 19, 39, 28, 25, 2) (42, 3, 29, 44, 38, 7, 12) (18, 27, 5, 20, 14, 31, 36) (37, 10, 11, 23) (13, 34, 35, 47) (46, 33, 40, 24, 32, 22, 9, 16, 0, 8) "
"OP(8,10,7,7,6,6,6)",0,Solved,"0,2210"," (4t+2)","0,2263","(\infty, 39, 16, 45, \infty, 21, 40, 15) (14, 42, 11, 3, 6, 38, 18, 35, 27, 30) (9, 20, 41, 23, 13, 4, 2) (33, 44, 17, 47, 37, 28, 26) (5, 10, 43, 8, 7, 1) (29, 34, 19, 32, 31, 25) (0, 12, 46, 24, 36, 22) "
"OP(8,10,7,7,6,6,3,3)",0,Solved,"0,2340"," (4t+2)","0,2382","(\infty, 5, 15, 37, \infty, 13, 39, 29) (18, 0, 16, 4, 8, 42, 24, 40, 28, 32) (7, 2, 9, 20, 11, 3, 6) (31, 26, 33, 44, 35, 27, 30) (41, 47, 45, 22, 43, 12) (17, 23, 21, 46, 19, 36) (34, 1, 14) (10, 25, 38) "
"OP(11,7,7,7,6,5,4,3)",,Infeasible,,Table config is not valid,,
"OP(8,10,7,7,6,4,4,4)",0,Solved,"0,1900"," (4t+2)","0,1939","(\infty, 2, 36, 44, \infty, 20, 12, 26) (24, 34, 41, 45, 47, 0, 10, 17, 21, 23) (42, 30, 8, 39, 14, 5, 37) (18, 6, 32, 15, 38, 29, 13) (40, 43, 1, 16, 19, 25) (3, 31, 4, 33) (27, 7, 28, 9) (35, 46, 11, 22) "
"OP(8,10,7,7,6,3,3,3,3)",0,Solved,"0,0550"," (4t+2)","0,0597","(\infty, 4, 42, 26, \infty, 2, 18, 28) (40, 46, 27, 39, 36, 16, 22, 3, 15, 12) (34, 45, 47, 33, 38, 31, 1) (10, 21, 23, 9, 14, 7, 25) (30, 5, 32, 6, 29, 8) (41, 37, 24) (17, 13, 0) (43, 35, 44) (19, 11, 20) "
"OP(11,7,7,7,5,5,5,3)",,Infeasible,,Table config is not valid,,
"OP(8,10,7,7,5,5,4,4)",0,Solved,"0,0510"," (4t+2)","0,0559","(\infty, 46, 4, 0, \infty, 24, 28, 22) (26, 13, 14, 44, 5, 2, 37, 38, 20, 29) (23, 33, 40, 15, 42, 34, 45) (47, 9, 16, 39, 18, 10, 21) (36, 8, 41, 7, 19) (12, 32, 17, 31, 43) (30, 25, 27, 11) (6, 1, 3, 35) "
"OP(11,7,7,7,5,4,3,3,3)",,Infeasible,,Table config is not valid,,
"OP(8,10,7,7,4,4,4,3,3)",0,Solved,"0,2240"," (4t+2)","0,2279","(\infty, 22, 29, 0, \infty, 24, 5, 46) (15, 37, 9, 19, 31, 39, 13, 33, 43, 7) (35, 36, 18, 41, 45, 8, 14) (11, 12, 42, 17, 21, 32, 38) (34, 2, 4, 47) (10, 26, 28, 23) (16, 1, 40, 25) (6, 20, 3) (30, 44, 27) "
"OP(8,10,7,7,3,3,3,3,3,3)",0,Solved,"0,0750"," (4t+2)","0,0792","(\infty, 18, 0, 38, \infty, 14, 24, 42) (35, 34, 30, 39, 32, 11, 10, 6, 15, 8) (13, 1, 29, 43, 21, 44, 46) (37, 25, 5, 19, 45, 20, 22) (40, 9, 3) (16, 33, 27) (2, 47, 7) (26, 23, 31) (4, 17, 36) (28, 41, 12) "
"OP(4,7,7,6,6,6,4,10)",0,Solved,"0,0710"," (4t+2)","0,0759","(\infty, 45, \infty, 21) (43, 34, 26, 39, 44, 38, 41) (19, 10, 2, 15, 20, 14, 17) (32, 5, 36, 35, 28, 3) (8, 29, 12, 11, 4, 27) (33, 47, 31, 9, 23, 7) (46, 42, 22, 18) (40, 30, 0, 37, 1, 16, 6, 24, 13, 25) "
"OP(4,7,7,6,6,5,5,10)",0,Solved,"0,0820"," (4t+2)","0,0860","(\infty, 34, \infty, 10) (45, 28, 41, 40, 33, 44, 25) (21, 4, 17, 16, 9, 20, 1) (42, 46, 24, 26, 36, 27) (18, 22, 0, 2, 12, 3) (47, 35, 32, 5, 39) (23, 11, 8, 29, 15) (37, 43, 38, 6, 31, 13, 19, 14, 30, 7) "
"OP(6,7,7,6,6,10,4,4)",0,Solved,"0,0490"," (4t+2)","0,0530","(\infty, 2, 4, \infty, 28, 26) (5, 6, 11, 17, 34, 16, 27) (29, 30, 35, 41, 10, 40, 3) (7, 21, 13, 38, 22, 42) (31, 45, 37, 14, 46, 18) (15, 19, 9, 0, 12, 39, 43, 33, 24, 36) (8, 1, 20, 23) (32, 25, 44, 47) "
"OP(4,7,7,6,6,4,10,3,3)",0,Solved,"0,0660"," (4t+2)","0,0699","(\infty, 3, \infty, 27) (4, 5, 7, 14, 22, 43, 39) (28, 29, 31, 38, 46, 19, 15) (1, 10, 26, 11, 8, 13) (25, 34, 2, 35, 32, 37) (23, 9, 47, 33) (16, 36, 18, 44, 21, 40, 12, 42, 20, 45) (0, 6, 17) (24, 30, 41) "
"OP(6,7,7,6,10,5,5,4)",0,Solved,"0,1610"," (4t+2)","0,1683","(\infty, 14, 2, \infty, 26, 38) (10, 40, 46, 5, 18, 41, 13) (34, 16, 22, 29, 42, 17, 37) (9, 8, 0, 33, 32, 24) (19, 15, 1, 11, 6, 43, 39, 25, 35, 30) (31, 12, 3, 20, 4) (7, 36, 27, 44, 28) (21, 47, 45, 23) "
"OP(4,7,7,6,5,5,10,3,3)",0,Solved,"0,1780"," (4t+2)","0,1817","(\infty, 12, \infty, 36) (8, 2, 45, 9, 42, 20, 37) (32, 26, 21, 33, 18, 44, 13) (0, 7, 34, 24, 31, 10) (4, 6, 15, 11, 3) (28, 30, 39, 35, 27) (5, 16, 46, 23, 43, 29, 40, 22, 47, 19) (1, 14, 17) (25, 38, 41) "
"OP(6,7,7,6,10,4,4,3,3)",0,Solved,"0,0810"," (4t+2)","0,0844","(\infty, 0, 2, \infty, 26, 24) (3, 6, 5, 9, 15, 22, 8) (27, 30, 29, 33, 39, 46, 32) (4, 12, 37, 28, 36, 13) (7, 17, 34, 21, 42, 31, 41, 10, 45, 18) (40, 14, 44, 25) (16, 38, 20, 1) (11, 23, 43) (35, 47, 19) "
"OP(4,7,7,6,4,4,4,4,10)",0,Solved,"0,0370"," (4t+2)","0,0417","(\infty, 18, \infty, 42) (39, 23, 41, 16, 14, 2, 10) (15, 47, 17, 40, 38, 26, 34) (12, 3, 8, 36, 27, 32) (5, 4, 11, 1) (29, 28, 35, 25) (21, 7, 22, 43) (45, 31, 46, 19) (20, 9, 6, 0, 13, 44, 33, 30, 24, 37) "
"OP(4,7,7,6,4,10,3,3,3,3)",0,Solved,"0,0800"," (4t+2)","0,0840","(\infty, 38, \infty, 14) (39, 6, 33, 26, 37, 24, 44) (15, 30, 9, 2, 13, 0, 20) (28, 40, 43, 4, 16, 19) (42, 41, 18, 17) (34, 36, 32, 46, 29, 10, 12, 8, 22, 5) (47, 25, 31) (23, 1, 7) (45, 27, 35) (21, 3, 11) "
"OP(6,7,7,10,5,5,5,5)",0,Solved,"0,2040"," (4t+2)","0,2087","(\infty, 11, 37, \infty, 13, 35) (42, 7, 47, 22, 4, 45, 8) (18, 31, 23, 46, 28, 21, 32) (19, 3, 5, 34, 33, 43, 27, 29, 10, 9) (1, 40, 36, 39, 6) (25, 16, 12, 15, 30) (26, 20, 0, 17, 38) (2, 44, 24, 41, 14) "
"OP(6,7,7,10,5,5,4,3,3)",0,Solved,"0,4330"," (4t+2)","0,4368","(\infty, 12, 40, \infty, 16, 36) (46, 0, 43, 1, 31, 35, 32) (22, 24, 19, 25, 7, 11, 8) (47, 9, 41, 20, 45, 23, 33, 17, 44, 21) (10, 3, 4, 39, 2) (34, 27, 28, 15, 26) (38, 29, 14, 5) (37, 18, 6) (13, 42, 30) "
"OP(4,7,7,5,5,4,4,4,10)",0,Solved,"0,0730"," (4t+2)","0,0771","(\infty, 42, \infty, 18) (31, 40, 34, 45, 29, 6, 4) (7, 16, 10, 21, 5, 30, 28) (44, 3, 39, 43, 25) (20, 27, 15, 19, 1) (38, 46, 24, 41) (14, 22, 0, 17) (33, 47, 9, 23) (32, 37, 2, 35, 36, 8, 13, 26, 11, 12) "
"OP(4,7,7,5,5,10,3,3,3,3)",0,Solved,"0,0630"," (4t+2)","0,0679","(\infty, 6, \infty, 30) (2, 9, 23, 4, 22, 0, 3) (26, 33, 47, 28, 46, 24, 27) (41, 21, 11, 43, 16) (17, 45, 35, 19, 40) (15, 13, 5, 20, 8, 39, 37, 29, 44, 32) (12, 18, 7) (36, 42, 31) (1, 10, 14) (25, 34, 38) "
"OP(6,7,7,10,4,4,4,4,4)",0,Solved,"0,0540"," (4t+2)","0,0587","(\infty, 5, 13, \infty, 37, 29) (46, 12, 43, 15, 44, 23, 10) (22, 36, 19, 39, 20, 47, 34) (18, 33, 17, 6, 16, 42, 9, 41, 30, 40) (21, 3, 8, 14) (45, 27, 32, 38) (2, 4, 7, 11) (26, 28, 31, 35) (1, 0, 25, 24) "
"OP(6,7,7,10,4,4,3,3,3,3)",0,Solved,"0,1420"," (4t+2)","0,1475","(\infty, 24, 36, \infty, 12, 0) (7, 37, 46, 25, 39, 40, 33) (31, 13, 22, 1, 15, 16, 9) (35, 27, 47, 41, 28, 11, 3, 23, 17, 4) (38, 43, 32, 34) (14, 19, 8, 10) (42, 26, 45) (18, 2, 21) (6, 44, 29) (30, 20, 5) "
"OP(4,7,7,4,4,4,4,10,3,3)",0,Solved,"0,0600"," (4t+2)","0,0640","(\infty, 3, \infty, 27) (4, 5, 7, 13, 41, 18, 9) (28, 29, 31, 37, 17, 42, 33) (1, 16, 26, 22) (25, 40, 2, 46) (8, 11, 23, 15) (32, 35, 47, 39) (14, 36, 20, 34, 21, 38, 12, 44, 10, 45) (0, 19, 30) (24, 43, 6) "
"OP(4,7,7,4,10,3,3,3,3,3,3)",0,Solved,"0,2460"," (4t+2)","0,2514","(\infty, 26, \infty, 2) (36, 5, 27, 47, 43, 32, 39) (12, 29, 3, 23, 19, 8, 15) (42, 37, 18, 13) (44, 34, 0, 25, 38, 20, 10, 24, 1, 14) (45, 30, 46) (21, 6, 22) (40, 31, 4) (16, 7, 28) (33, 35, 41) (9, 11, 17) "
"OP(11,7,6,6,6,6,5,3)",,Infeasible,,Table config is not valid,,
"OP(8,10,6,6,6,6,4,4)",0,Solved,"0,0560"," (4t+2)","0,0602","(\infty, 5, 20, 41, \infty, 17, 44, 29) (19, 6, 37, 12, 1, 43, 30, 13, 36, 25) (18, 4, 47, 21, 3, 22) (42, 28, 23, 45, 27, 46) (7, 9, 0, 10, 2, 14) (31, 33, 24, 34, 26, 38) (39, 40, 8, 11) (15, 16, 32, 35) "
"OP(8,10,6,6,6,5,5,4)",0,Solved,"0,3990"," (4t+2)","0,4030","(\infty, 3, 1, 45, \infty, 21, 25, 27) (6, 5, 2, 8, 13, 30, 29, 26, 32, 37) (7, 22, 10, 19, 39, 20) (31, 46, 34, 43, 15, 44) (14, 0, 11, 38, 24, 35) (33, 40, 18, 41, 23) (9, 16, 42, 17, 47) (4, 12, 28, 36) "
"OP(11,7,6,6,6,5,3,3,3)",,Infeasible,,Table config is not valid,,
"OP(8,10,6,6,6,4,4,3,3)",0,Solved,"0,0690"," (4t+2)","0,0721","(\infty, 1, 41, 47, \infty, 23, 17, 25) (7, 35, 6, 28, 26, 31, 11, 30, 4, 2) (14, 0, 45, 10, 27, 15) (38, 24, 21, 34, 3, 39) (5, 9, 20, 29, 33, 44) (46, 13, 40, 8) (22, 37, 16, 32) (42, 12, 19) (18, 36, 43) "
"OP(8,10,6,6,5,5,5,5)",0,Solved,"0,1760"," (4t+2)","0,1812","(\infty, 18, 11, 44, \infty, 20, 35, 42) (2, 4, 13, 32, 27, 26, 28, 37, 8, 3) (15, 1, 5, 16, 46, 38) (39, 25, 29, 40, 22, 14) (19, 6, 0, 12, 9) (43, 30, 24, 36, 33) (17, 34, 7, 23, 45) (41, 10, 31, 47, 21) "
"OP(8,10,6,6,5,5,4,3,3)",0,Solved,"0,0600"," (4t+2)","0,0636","(\infty, 5, 10, 19, \infty, 43, 34, 29) (7, 18, 38, 17, 47, 31, 42, 14, 41, 23) (4, 0, 2, 3, 6, 12) (28, 24, 26, 27, 30, 36) (9, 22, 37, 15, 40) (33, 46, 13, 39, 16) (35, 21, 11, 45) (1, 20, 8) (25, 44, 32) "
"OP(11,7,6,6,5,4,4,4,3)",,Infeasible,,Table config is not valid,,
"OP(11,7,6,6,5,3,3,3,3,3)",,Infeasible,,Table config is not valid,,
"OP(8,10,6,6,4,4,4,4,4)",0,Solved,"0,2700"," (4t+2)","0,2739","(\infty, 34, 29, 14, \infty, 38, 5, 10) (31, 1, 21, 46, 9, 7, 25, 45, 22, 33) (44, 41, 6, 15, 27, 0) (20, 17, 30, 39, 3, 24) (11, 28, 47, 37) (35, 4, 23, 13) (43, 2, 36, 42) (19, 26, 12, 18) (32, 40, 8, 16) "
"OP(8,10,6,6,4,4,3,3,3,3)",0,Solved,"0,0530"," (4t+2)","0,0577","(\infty, 9, 8, 15, \infty, 39, 32, 33) (46, 4, 7, 23, 1, 22, 28, 31, 47, 25) (3, 16, 11, 13, 42, 17) (27, 40, 35, 37, 18, 41) (0, 12, 2, 20) (24, 36, 26, 44) (5, 45, 14) (29, 21, 38) (10, 43, 6) (34, 19, 30) "
"OP(8,10,6,5,5,5,5,3,3)",0,Solved,"0,1000"," (4t+2)","0,1040","(\infty, 47, 12, 37, \infty, 13, 36, 23) (40, 14, 44, 15, 43, 16, 38, 20, 39, 19) (7, 8, 42, 31, 32, 18) (3, 1, 10, 22, 6) (27, 25, 34, 46, 30) (5, 11, 21, 4, 0) (29, 35, 45, 28, 24) (9, 17, 2) (33, 41, 26) "
"OP(11,7,6,5,5,5,4,4,3)",,Infeasible,,Table config is not valid,,
"OP(8,10,6,5,5,4,4,4,4)",0,Solved,"0,0840"," (4t+2)","0,0881","(\infty, 4, 33, 2, \infty, 26, 9, 28) (16, 3, 12, 11, 47, 40, 27, 36, 35, 23) (7, 5, 13, 31, 29, 37) (25, 45, 42, 15, 0) (1, 21, 18, 39, 24) (38, 6, 10, 44) (14, 30, 34, 20) (41, 19, 8, 46) (17, 43, 32, 22) "
"OP(8,10,6,5,5,4,3,3,3,3)",0,Solved,"0,1240"," (4t+2)","0,1283","(\infty, 8, 47, 28, \infty, 4, 23, 32) (14, 35, 15, 10, 7, 38, 11, 39, 34, 31) (46, 5, 16, 22, 29, 40) (21, 17, 2, 18, 19) (45, 41, 26, 42, 43) (20, 6, 44, 30) (0, 13, 36) (24, 37, 12) (3, 33, 25) (27, 9, 1) "
"OP(11,7,6,5,4,4,4,3,3,3)",,Infeasible,,Table config is not valid,,
"OP(11,7,6,5,3,3,3,3,3,3,3)",,Infeasible,,Table config is not valid,,
"OP(8,10,6,4,4,4,4,4,3,3)",0,Solved,"0,1070"," (4t+2)","0,1114","(\infty, 3, 8, 23, \infty, 47, 32, 27) (6, 17, 39, 16, 44, 30, 41, 15, 40, 20) (2, 43, 13, 26, 19, 37) (18, 21, 38, 9) (42, 45, 14, 33) (10, 22, 1, 0) (34, 46, 25, 24) (12, 4, 36, 28) (5, 11, 7) (29, 35, 31) "
"OP(8,10,6,4,4,3,3,3,3,3,3)",0,Solved,"0,0690"," (4t+2)","0,0739","(\infty, 7, 13, 41, \infty, 17, 37, 31) (8, 23, 42, 6, 11, 32, 47, 18, 30, 35) (15, 46, 16, 39, 22, 40) (9, 2, 10, 44) (33, 26, 34, 20) (3, 14, 12) (27, 38, 36) (1, 4, 0) (25, 28, 24) (21, 5, 43) (45, 29, 19) "
"OP(11,7,5,5,5,5,5,4,3)",,Infeasible,,Table config is not valid,,
"OP(8,10,5,5,5,5,4,4,4)",0,Solved,"0,0880"," (4t+2)","0,0936","(\infty, 1, 26, 37, \infty, 13, 2, 25) (7, 24, 45, 11, 44, 31, 0, 21, 35, 20) (39, 41, 9, 18, 38) (15, 17, 33, 42, 14) (47, 4, 40, 43, 3) (23, 28, 16, 19, 27) (34, 5, 46, 8) (10, 29, 22, 32) (36, 30, 12, 6) "
"OP(8,10,5,5,5,5,3,3,3,3)",0,Solved,"0,0870"," (4t+2)","0,0910","(\infty, 13, 15, 9, \infty, 33, 39, 37) (20, 28, 47, 3, 35, 44, 4, 23, 27, 11) (19, 14, 36, 25, 2) (43, 38, 12, 1, 26) (6, 16, 29, 41, 34) (30, 40, 5, 17, 10) (18, 21, 0) (42, 45, 24) (7, 8, 22) (31, 32, 46) "
"OP(11,7,5,5,5,4,4,3,3,3)",,Infeasible,,Table config is not valid,,
"OP(8,10,5,5,4,4,4,4,3,3)",0,Solved,"0,0650"," (4t+2)","0,0694","(\infty, 20, 47, 14, \infty, 38, 23, 44) (43, 4, 5, 7, 0, 19, 28, 29, 31, 24) (16, 42, 10, 21, 46) (40, 18, 34, 45, 22) (6, 1, 13, 9) (30, 25, 37, 33) (2, 12, 32, 15) (26, 36, 8, 39) (3, 11, 17) (27, 35, 41) "
"OP(8,10,5,5,4,3,3,3,3,3,3)",0,Solved,"0,2250"," (4t+2)","0,2291","(\infty, 14, 17, 6, \infty, 30, 41, 38) (13, 43, 18, 12, 10, 37, 19, 42, 36, 34) (8, 4, 24, 5, 44) (32, 28, 0, 29, 20) (2, 9, 26, 33) (7, 23, 45) (31, 47, 21) (3, 11, 46) (27, 35, 22) (16, 15, 1) (40, 39, 25) "
"OP(11,7,5,4,4,4,4,4,4,3)",,Infeasible,,Table config is not valid,,
"OP(11,7,5,4,4,4,3,3,3,3,3)",,Infeasible,,Table config is not valid,,
"OP(11,7,5,3,3,3,3,3,3,3,3,3)",,Infeasible,,Table config is not valid,,
"OP(8,10,4,4,4,4,4,4,4,4)",0,Solved,"0,0450"," (4t+2)","0,0492","(\infty, 0, 18, 22, \infty, 46, 42, 24) (21, 10, 5, 13, 32, 45, 34, 29, 37, 8) (15, 1, 16, 41) (39, 25, 40, 17) (2, 11, 4, 14) (26, 35, 28, 38) (20, 47, 19, 3) (44, 23, 43, 27) (12, 9, 7, 6) (36, 33, 31, 30) "
"OP(8,10,4,4,4,4,4,3,3,3,3)",0,Solved,"0,1100"," (4t+2)","0,1140","(\infty, 17, 43, 15, \infty, 39, 19, 41) (42, 10, 2, 8, 1, 18, 34, 26, 32, 25) (20, 7, 9, 38) (44, 31, 33, 14) (40, 13, 3, 6) (16, 37, 27, 30) (12, 21, 36, 45) (22, 47, 11) (46, 23, 35) (5, 4, 0) (29, 28, 24) "
"OP(8,10,4,4,3,3,3,3,3,3,3,3)",0,Solved,"0,3690"," (4t+2)","0,3727","(\infty, 27, 4, 9, \infty, 33, 28, 3) (0, 6, 43, 36, 2, 24, 30, 19, 12, 26) (10, 31, 44, 25) (34, 7, 20, 1) (41, 45, 5) (17, 21, 29) (39, 42, 11) (15, 18, 35) (32, 14, 16) (8, 38, 40) (46, 47, 37) (22, 23, 13) "
"OP(4,6,6,6,6,6,6,10)",0,Solved,"0,0390"," (4t+2)","0,0436","(\infty, 1, \infty, 25) (4, 3, 6, 2, 0, 9) (28, 27, 30, 26, 24, 33) (12, 46, 19, 7, 20, 38) (36, 22, 43, 31, 44, 14) (34, 18, 11, 5, 13, 23) (10, 42, 35, 29, 37, 47) (41, 8, 39, 16, 45, 17, 32, 15, 40, 21) "
"OP(6,6,6,6,6,6,10,4)",0,Solved,"0,1210"," (4t+2)","0,1252","(\infty, 3, 15, \infty, 39, 27) (32, 21, 42, 25, 11, 40) (8, 45, 18, 1, 35, 16) (4, 0, 22, 20, 10, 43) (28, 24, 46, 44, 34, 19) (33, 36, 29, 9, 12, 5) (37, 2, 7, 6, 38, 13, 26, 31, 30, 14) (23, 41, 47, 17) "
"OP(4,6,6,6,6,6,10,3,3)",0,Solved,"0,0400"," (4t+2)","0,0437","(\infty, 20, \infty, 44) (22, 9, 35, 45, 14, 37) (46, 33, 11, 21, 38, 13) (16, 7, 19, 39, 18, 32) (40, 31, 43, 15, 42, 8) (1, 2, 6, 25, 26, 30) (12, 4, 10, 17, 47, 36, 28, 34, 41, 23) (0, 5, 3) (24, 29, 27) "
"OP(6,6,6,6,6,10,5,5)",0,Solved,"0,0940"," (4t+2)","0,0978","(\infty, 2, 4, \infty, 28, 26) (5, 8, 45, 7, 11, 44) (29, 32, 21, 31, 35, 20) (6, 12, 17, 9, 38, 13) (30, 36, 41, 33, 14, 37) (0, 27, 40, 22, 10, 24, 3, 16, 46, 34) (42, 25, 47, 15, 43) (18, 1, 23, 39, 19) "
"OP(6,6,6,6,6,10,4,3,3)",0,Solved,"0,0460"," (4t+2)","0,0497","(\infty, 44, 18, \infty, 42, 20) (14, 6, 15, 36, 16, 45) (38, 30, 39, 12, 40, 21) (37, 22, 10, 9, 41, 23) (13, 46, 34, 33, 17, 47) (4, 2, 7, 0, 3, 28, 26, 31, 24, 27) (19, 8, 43, 32) (11, 5, 1) (35, 29, 25) "
"OP(4,6,6,6,6,4,4,4,10)",0,Solved,"0,0540"," (4t+2)","0,0592","(\infty, 1, \infty, 25) (2, 3, 9, 22, 37, 5) (26, 27, 33, 46, 13, 29) (7, 15, 32, 41, 12, 0) (31, 39, 8, 17, 36, 24) (6, 4, 47, 10) (30, 28, 23, 34) (11, 21, 35, 45) (14, 42, 16, 43, 20, 38, 18, 40, 19, 44) "
"OP(4,6,6,6,6,10,3,3,3,3)",0,Solved,"0,0710"," (4t+2)","0,0744","(\infty, 19, \infty, 43) (41, 14, 4, 11, 24, 9) (17, 38, 28, 35, 0, 33) (2, 7, 8, 10, 47, 16) (26, 31, 32, 34, 23, 40) (20, 42, 22, 45, 15, 44, 18, 46, 21, 39) (6, 3, 12) (30, 27, 36) (5, 13, 1) (29, 37, 25) "
"OP(6,6,6,6,10,5,5,3,3)",0,Solved,"0,1870"," (4t+2)","0,1915","(\infty, 0, 8, \infty, 32, 24) (6, 7, 9, 14, 2, 17) (30, 31, 33, 38, 26, 41) (15, 1, 10, 39, 25, 34) (47, 20, 16, 13, 3, 23, 44, 40, 37, 27) (36, 18, 43, 21, 5) (12, 42, 19, 45, 29) (4, 46, 11) (28, 22, 35) "
"OP(4,6,6,6,5,5,4,4,10)",0,Solved,"0,0990"," (4t+2)","0,1033","(\infty, 7, \infty, 31) (38, 3, 44, 22, 4, 1) (14, 27, 20, 46, 28, 25) (13, 33, 21, 37, 9, 45) (8, 35, 40, 6, 39) (32, 11, 16, 30, 15) (5, 24, 47, 43) (29, 0, 23, 19) (42, 41, 2, 10, 12, 18, 17, 26, 34, 36) "
"OP(6,6,6,6,10,4,4,4,4)",0,Solved,"0,0550"," (4t+2)","0,0594","(\infty, 15, 43, \infty, 19, 39) (16, 8, 9, 12, 5, 0) (40, 32, 33, 36, 29, 24) (22, 18, 31, 46, 42, 7) (6, 4, 10, 27, 1, 30, 28, 34, 3, 25) (45, 11, 41, 20) (21, 35, 17, 44) (2, 14, 23, 13) (26, 38, 47, 37) "
"OP(6,6,6,6,10,4,3,3,3,3)",0,Solved,"0,2680"," (4t+2)","0,2714","(\infty, 46, 44, \infty, 20, 22) (39, 31, 35, 3, 33, 2) (15, 7, 11, 27, 9, 26) (40, 43, 28, 16, 19, 4) (45, 25, 6, 32, 42, 21, 1, 30, 8, 18) (37, 36, 13, 12) (47, 41, 34) (23, 17, 10) (24, 29, 38) (0, 5, 14) "
"OP(4,6,6,6,4,4,4,10,3,3)",0,Solved,"0,1710"," (4t+2)","0,1754","(\infty, 11, \infty, 35) (17, 32, 20, 34, 18, 7) (41, 8, 44, 10, 42, 31) (38, 13, 5, 14, 37, 29) (9, 4, 22, 15) (33, 28, 46, 39) (2, 6, 26, 30) (47, 12, 43, 16, 45, 23, 36, 19, 40, 21) (1, 0, 3) (25, 24, 27) "
"OP(4,6,6,6,10,3,3,3,3,3,3)",0,Solved,"0,0410"," (4t+2)","0,0447","(\infty, 19, \infty, 43) (17, 22, 1, 27, 10, 47) (41, 46, 25, 3, 34, 23) (2, 36, 13, 26, 12, 37) (35, 29, 31, 21, 18, 11, 5, 7, 45, 42) (38, 39, 30) (14, 15, 6) (33, 0, 4) (9, 24, 28) (44, 16, 32) (20, 40, 8) "
"OP(4,6,6,5,5,5,5,4,10)",0,Solved,"0,1830"," (4t+2)","0,1874","(\infty, 0, \infty, 24) (1, 2, 4, 7, 12, 5) (25, 26, 28, 31, 36, 29) (3, 9, 17, 30, 13) (27, 33, 41, 6, 37) (8, 19, 35, 10, 22) (32, 43, 11, 34, 46) (14, 23, 38, 47) (15, 42, 20, 40, 21, 39, 18, 44, 16, 45) "
"OP(6,6,6,10,5,5,4,4,4)",0,Solved,"0,1210"," (4t+2)","0,1249","(\infty, 12, 46, \infty, 22, 36) (7, 16, 42, 15, 43, 20) (31, 40, 18, 39, 19, 44) (6, 11, 8, 1, 13, 30, 35, 32, 25, 37) (5, 3, 2, 10, 21) (29, 27, 26, 34, 45) (14, 4, 0, 33) (38, 28, 24, 9) (23, 17, 47, 41) "
"OP(6,6,6,10,5,5,3,3,3,3)",0,Solved,"0,2000"," (4t+2)","0,2045","(\infty, 10, 0, \infty, 24, 34) (46, 20, 31, 1, 15, 17) (22, 44, 7, 25, 39, 41) (18, 11, 23, 3, 9, 42, 35, 47, 27, 33) (43, 16, 8, 21, 38) (19, 40, 32, 45, 14) (13, 4, 36) (37, 28, 12) (2, 6, 5) (26, 30, 29) "
"OP(4,6,6,5,5,4,4,10,3,3)",0,Solved,"0,0590"," (4t+2)","0,0624","(\infty, 19, \infty, 43) (39, 11, 36, 47, 32, 18) (15, 35, 12, 23, 8, 42) (1, 40, 10, 4, 3) (25, 16, 34, 28, 27) (20, 33, 30, 46) (44, 9, 6, 22) (31, 0, 5, 13, 17, 7, 24, 29, 37, 41) (21, 2, 14) (45, 26, 38) "
"OP(6,6,6,10,4,4,4,4,3,3)",0,Solved,"0,2440"," (4t+2)","0,2483","(\infty, 17, 47, \infty, 23, 41) (34, 21, 9, 0, 14, 19) (10, 45, 33, 24, 38, 43) (46, 30, 11, 3, 5, 22, 6, 35, 27, 29) (7, 1, 8, 4) (31, 25, 32, 28) (40, 20, 42, 15) (16, 44, 18, 39) (13, 2, 12) (37, 26, 36) "
"OP(6,6,6,10,4,3,3,3,3,3,3)",0,Solved,"0,3940"," (4t+2)","0,3979","(\infty, 6, 4, \infty, 28, 30) (38, 17, 43, 42, 10, 21) (14, 41, 19, 18, 34, 45) (2, 9, 44, 8, 11, 26, 33, 20, 32, 35) (16, 12, 40, 36) (5, 0, 23) (29, 24, 47) (7, 15, 1) (31, 39, 25) (13, 3, 22) (37, 27, 46) "
"OP(4,6,6,4,4,4,4,4,4,10)",0,Solved,"0,0450"," (4t+2)","0,0494","(\infty, 12, \infty, 36) (47, 13, 5, 3, 9, 10) (23, 37, 29, 27, 33, 34) (7, 4, 0, 16) (31, 28, 24, 40) (18, 6, 1, 8) (42, 30, 25, 32) (17, 35, 15, 2) (41, 11, 39, 26) (20, 45, 14, 43, 22, 44, 21, 38, 19, 46) "
"OP(4,6,6,4,4,4,10,3,3,3,3)",0,Solved,"0,1880"," (4t+2)","0,1917","(\infty, 22, \infty, 46) (5, 23, 13, 8, 0, 2) (29, 47, 37, 32, 24, 26) (6, 17, 11, 7) (30, 41, 35, 31) (10, 3, 34, 27) (43, 18, 4, 20, 39, 19, 42, 28, 44, 15) (38, 25, 16) (14, 1, 40) (36, 21, 9) (12, 45, 33) "
"OP(4,6,6,10,3,3,3,3,3,3,3,3)",0,Solved,"0,3010"," (4t+2)","0,3050","(\infty, 37, \infty, 13) (32, 33, 44, 42, 16, 3) (8, 9, 20, 18, 40, 27) (17, 38, 43, 10, 0, 41, 14, 19, 34, 24) (35, 15, 47) (11, 39, 23) (1, 7, 46) (25, 31, 22) (5, 28, 45) (29, 4, 21) (2, 6, 36) (26, 30, 12) "
"OP(4,6,5,5,5,5,5,5,10)",0,Solved,"0,0810"," (4t+2)","0,0850","(\infty, 7, \infty, 31) (40, 35, 33, 16, 11, 9) (20, 14, 6, 2, 1) (44, 38, 30, 26, 25) (3, 21, 34, 12, 0) (27, 45, 10, 36, 24) (5, 46, 8, 23, 37) (29, 22, 32, 47, 13) (43, 4, 41, 18, 39, 19, 28, 17, 42, 15) "
"OP(6,6,10,5,5,5,5,4,4)",0,Solved,"0,0600"," (4t+2)","0,0643","(\infty, 42, 32, \infty, 8, 18) (43, 47, 46, 19, 23, 22) (34, 37, 0, 40, 33, 10, 13, 24, 16, 9) (25, 27, 41, 26, 38) (1, 3, 17, 2, 14) (44, 39, 45, 6, 28) (20, 15, 21, 30, 4) (36, 7, 35, 5) (12, 31, 11, 29) "
"OP(4,6,5,5,5,5,4,10,3,3)",0,Solved,"0,1150"," (4t+2)","0,1190","(\infty, 4, \infty, 28) (42, 5, 6, 18, 29, 30) (10, 13, 7, 0, 8) (34, 37, 31, 24, 32) (15, 11, 1, 14, 33) (39, 35, 25, 38, 9) (12, 21, 36, 45) (2, 27, 43, 23, 40, 26, 3, 19, 47, 16) (17, 22, 44) (41, 46, 20) "
"OP(6,6,10,5,5,4,4,4,3,3)",0,Solved,"0,4000"," (4t+2)","0,4039","(\infty, 29, 35, \infty, 11, 5) (36, 37, 3, 12, 13, 27) (39, 2, 20, 1, 46, 15, 26, 44, 25, 22) (45, 23, 38, 0, 40) (21, 47, 14, 24, 16) (31, 10, 17, 33) (7, 34, 41, 9) (4, 32, 28, 8) (42, 19, 6) (18, 43, 30) "
"OP(6,6,10,5,5,3,3,3,3,3,3)",0,Solved,"0,2030"," (4t+2)","0,2075","(\infty, 12, 42, \infty, 18, 36) (17, 0, 4, 41, 24, 28) (8, 22, 43, 15, 47, 32, 46, 19, 39, 23) (10, 20, 7, 6, 1) (34, 44, 31, 30, 25) (2, 21, 9) (26, 45, 33) (38, 16, 13) (14, 40, 37) (5, 11, 3) (29, 35, 27) "
"OP(4,6,5,5,4,4,4,4,4,10)",0,Solved,"0,1680"," (4t+2)","0,1718","(\infty, 11, \infty, 35) (38, 44, 46, 14, 20, 22) (39, 31, 9, 27, 28) (15, 7, 33, 3, 4) (42, 37, 8, 29) (18, 13, 32, 5) (43, 36, 24, 34) (19, 12, 0, 10) (17, 21, 41, 45) (26, 1, 16, 30, 47, 2, 25, 40, 6, 23) "
"OP(4,6,5,5,4,4,10,3,3,3,3)",0,Solved,"0,2530"," (4t+2)","0,2569","(\infty, 21, \infty, 45) (14, 9, 7, 38, 33, 31) (10, 22, 13, 20, 42) (34, 46, 37, 44, 18) (8, 4, 3, 11) (32, 28, 27, 35) (5, 23, 43, 6, 0, 29, 47, 19, 30, 24) (1, 15, 36) (25, 39, 12) (17, 2, 40) (41, 26, 16) "
"OP(6,6,10,4,4,4,4,4,4,4)",0,Solved,"0,1620"," (4t+2)","0,1656","(\infty, 12, 8, \infty, 32, 36) (26, 20, 47, 2, 44, 23) (30, 37, 42, 41, 29, 6, 13, 18, 17, 5) (0, 16, 25, 10) (24, 40, 1, 34) (38, 3, 33, 4) (14, 27, 9, 28) (46, 35, 7, 15) (22, 11, 31, 39) (45, 43, 21, 19) "
"OP(6,6,10,4,4,4,4,3,3,3,3)",0,Solved,"0,0640"," (4t+2)","0,0679","(\infty, 21, 7, \infty, 31, 45) (34, 36, 41, 10, 12, 17) (25, 43, 44, 23, 30, 1, 19, 20, 47, 6) (4, 24, 16, 29) (28, 0, 40, 5) (2, 35, 9, 13) (26, 11, 33, 37) (32, 38, 22) (8, 14, 46) (39, 42, 3) (15, 18, 27) "
"OP(6,6,10,4,3,3,3,3,3,3,3,3)",0,Solved,"0,1270"," (4t+2)","0,1329","(\infty, 13, 11, \infty, 35, 37) (10, 15, 3, 34, 39, 27) (6, 26, 19, 1, 9, 30, 2, 43, 25, 33) (0, 23, 24, 47) (7, 41, 4) (31, 17, 28) (18, 44, 5) (42, 20, 29) (12, 45, 16) (36, 21, 40) (14, 46, 8) (38, 22, 32) "
"OP(4,6,4,4,4,4,4,4,10,3,3)",0,Solved,"0,0530"," (4t+2)","0,0575","(\infty, 22, \infty, 46) (14, 47, 20, 38, 23, 44) (0, 13, 4, 12) (24, 37, 28, 36) (1, 17, 43, 18) (25, 41, 19, 42) (7, 9, 8, 2) (31, 33, 32, 26) (21, 35, 15, 5, 16, 45, 11, 39, 29, 40) (6, 10, 3) (30, 34, 27) "
"OP(4,6,4,4,4,10,3,3,3,3,3,3)",0,Solved,"0,0720"," (4t+2)","0,0757","(\infty, 44, \infty, 20) (40, 27, 42, 16, 3, 18) (4, 2, 39, 32) (28, 26, 15, 8) (36, 33, 12, 9) (1, 31, 47, 46, 34, 25, 7, 23, 22, 10) (6, 37, 29) (30, 13, 5) (24, 38, 43) (0, 14, 19) (41, 35, 45) (17, 11, 21) "
"OP(4,6,10,3,3,3,3,3,3,3,3,3,3)",0,Solved,"0,0990"," (4t+2)","0,1043","(\infty, 7, \infty, 31) (12, 16, 18, 36, 40, 42) (17, 9, 22, 45, 14, 41, 33, 46, 21, 38) (4, 20, 11) (28, 44, 35) (32, 6, 3) (8, 30, 27) (13, 2, 1) (37, 26, 25) (47, 5, 19) (23, 29, 43) (10, 0, 15) (34, 24, 39) "
"OP(6,10,5,5,5,5,5,5,4)",0,Solved,"0,0580"," (4t+2)","0,0626","(\infty, 35, 41, \infty, 17, 11) (32, 43, 25, 46, 36, 8, 19, 1, 22, 12) (39, 7, 33, 2, 37) (15, 31, 9, 26, 13) (30, 34, 5, 28, 42) (6, 10, 29, 4, 18) (0, 40, 45, 44, 3) (24, 16, 21, 20, 27) (47, 38, 23, 14) "
"OP(4,5,5,5,5,5,5,10,3,3)",0,Solved,"0,1050"," (4t+2)","0,1094","(\infty, 3, \infty, 27) (2, 12, 46, 43, 31) (26, 36, 22, 19, 7) (32, 24, 39, 13, 45) (8, 0, 15, 37, 21) (47, 4, 34, 30, 5) (23, 28, 10, 6, 29) (17, 16, 9, 11, 20, 41, 40, 33, 35, 44) (42, 25, 14) (18, 1, 38) "
"OP(6,10,5,5,5,5,4,4,3,3)",0,Solved,"0,0860"," (4t+2)","0,0902","(\infty, 2, 10, \infty, 34, 26) (4, 0, 9, 29, 15, 28, 24, 33, 5, 39) (18, 20, 13, 7, 8) (42, 44, 37, 31, 32) (3, 35, 47, 17, 6) (27, 11, 23, 41, 30) (16, 45, 22, 1) (40, 21, 46, 25) (14, 36, 19) (38, 12, 43) "
"OP(4,5,5,5,5,4,4,4,4,10)",0,Solved,"0,0570"," (4t+2)","0,0608","(\infty, 7, \infty, 31) (4, 15, 36, 23, 13) (28, 39, 12, 47, 37) (3, 10, 22, 14, 8) (27, 34, 46, 38, 32) (20, 40, 21, 6) (44, 16, 45, 30) (11, 41, 19, 42) (35, 17, 43, 18) (9, 5, 2, 0, 1, 33, 29, 26, 24, 25) "
"OP(4,5,5,5,5,4,10,3,3,3,3)",0,Solved,"0,2190"," (4t+2)","0,2228","(\infty, 40, \infty, 16) (35, 8, 42, 3, 47) (11, 32, 18, 27, 23) (46, 28, 44, 6, 39) (22, 4, 20, 30, 15) (10, 9, 34, 33) (31, 2, 19, 41, 13, 7, 26, 43, 17, 37) (29, 21, 24) (5, 45, 0) (1, 36, 38) (25, 12, 14) "
"OP(6,10,5,5,4,4,4,4,4,4)",0,Solved,"0,0790"," (4t+2)","0,0831","(\infty, 4, 30, \infty, 6, 28) (45, 11, 19, 47, 20, 21, 35, 43, 23, 44) (1, 34, 5, 36, 24) (25, 10, 29, 12, 0) (9, 2, 7, 13) (33, 26, 31, 37) (15, 17, 8, 18) (39, 41, 32, 42) (3, 40, 22, 38) (27, 16, 46, 14) "
"OP(6,10,5,5,4,4,4,3,3,3,3)",0,Solved,"0,2690"," (4t+2)","0,2746","(\infty, 12, 0, \infty, 24, 36) (45, 16, 2, 11, 3, 21, 40, 26, 35, 27) (6, 43, 8, 9, 47) (30, 19, 32, 33, 23) (4, 37, 14, 10) (28, 13, 38, 34) (5, 7, 29, 31) (1, 44, 17) (25, 20, 41) (15, 18, 46) (39, 42, 22) "
"OP(6,10,5,5,3,3,3,3,3,3,3,3)",0,Solved,"0,2140"," (4t+2)","0,2195","(\infty, 34, 2, \infty, 26, 10) (3, 5, 38, 45, 40, 27, 29, 14, 21, 16) (6, 7, 19, 37, 15) (30, 31, 43, 13, 39) (9, 17, 20) (33, 41, 44) (12, 18, 46) (36, 42, 22) (35, 8, 25) (11, 32, 1) (23, 4, 0) (47, 28, 24) "
"OP(4,5,5,4,4,4,4,4,10,3,3)",0,Solved,"0,1380"," (4t+2)","0,1414","(\infty, 1, \infty, 25) (5, 41, 4, 2, 11) (29, 17, 28, 26, 35) (10, 37, 45, 15) (34, 13, 21, 39) (47, 40, 6, 19) (23, 16, 30, 43) (31, 8, 7, 32) (36, 46, 24, 27, 44, 12, 22, 0, 3, 20) (33, 18, 14) (9, 42, 38) "
"OP(4,5,5,4,4,10,3,3,3,3,3,3)",0,Solved,"0,1430"," (4t+2)","0,1468","(\infty, \infty, 23, 47) (42, 16, 0, 20, 13) (18, 40, 24, 44, 37) (5, 7, 32, 41) (29, 31, 8, 17) (19, 1, 4, 21, 6, 43, 25, 28, 45, 30) (9, 10, 15) (33, 34, 39) (3, 11, 38) (27, 35, 14) (36, 26, 22) (12, 2, 46) "
"OP(6,10,4,4,4,4,4,4,4,3,3)",0,Solved,"0,1360"," (4t+2)","0,1399","(\infty, 39, 47, \infty, 23, 15) (3, 32, 26, 35, 0, 27, 8, 2, 11, 24) (29, 43, 45, 44) (5, 19, 21, 20) (28, 25, 42, 16) (4, 1, 18, 40) (9, 41, 36, 46) (33, 17, 12, 22) (34, 30, 10, 6) (13, 31, 38) (37, 7, 14) "
"OP(6,10,4,4,4,4,3,3,3,3,3,3)",0,Solved,"0,1430"," (4t+2)","0,1469","(\infty, 7, 23, \infty, 47, 31) (16, 41, 42, 22, 13, 40, 17, 18, 46, 37) (6, 1, 9, 3) (30, 25, 33, 27) (8, 43, 21, 39) (32, 19, 45, 15) (5, 20, 34) (29, 44, 10) (4, 11, 0) (28, 35, 24) (14, 12, 2) (38, 36, 26) "
"OP(6,10,4,3,3,3,3,3,3,3,3,3,3)",0,Solved,"0,2300"," (4t+2)","0,2356","(\infty, 7, 33, \infty, 9, 31) (19, 30, 42, 40, 36, 43, 6, 18, 16, 12) (39, 38, 15, 14) (26, 44, 47) (2, 20, 23) (41, 1, 10) (17, 25, 34) (46, 3, 32) (22, 27, 8) (37, 4, 24) (13, 28, 0) (35, 45, 29) (11, 21, 5) "
"OP(4,4,4,4,4,4,4,4,4,4,10)",0,Solved,"0,0420"," (4t+2)","0,0465","(\infty, \infty, 23, 47) (17, 14, 1, 16) (41, 38, 25, 40) (44, 22, 2, 19) (20, 46, 26, 43) (10, 4, 11, 0) (34, 28, 35, 24) (36, 15, 6, 18) (12, 39, 30, 42) (3, 8, 27, 32) (45, 13, 5, 9, 7, 21, 37, 29, 33, 31) "
"OP(4,4,4,4,4,4,4,10,3,3,3,3)",0,Solved,"0,0690"," (4t+2)","0,0731","(\infty, 18, \infty, 42) (41, 21, 8, 19) (17, 45, 32, 43) (3, 5, 12, 9) (27, 29, 36, 33) (40, 23, 44, 15) (16, 47, 20, 39) (46, 31, 13, 1, 6, 22, 7, 37, 25, 30) (14, 4, 0) (38, 28, 24) (10, 2, 11) (34, 26, 35) "
"OP(4,4,4,4,10,3,3,3,3,3,3,3,3)",0,Solved,"0,2400"," (4t+2)","0,2452","(\infty, 21, \infty, 45) (12, 16, 19, 41) (36, 40, 43, 17) (8, 7, 32, 31) (11, 1, 15, 23, 2, 35, 25, 39, 47, 26) (18, 5, 0) (42, 29, 24) (20, 3, 9) (44, 27, 33) (38, 10, 22) (14, 34, 46) (6, 4, 13) (30, 28, 37) "
"OP(4,10,3,3,3,3,3,3,3,3,3,3,3,3)",0,Solved,"0,1570"," (4t+2)","0,1599","(\infty, 39, \infty, 15) (2, 10, 45, 17, 1, 26, 34, 21, 41, 25) (7, 0, 11) (31, 24, 35) (43, 38, 4) (19, 14, 28) (44, 6, 8) (20, 30, 32) (9, 3, 36) (33, 27, 12) (18, 37, 40) (42, 13, 16) (47, 29, 46) (23, 5, 22) "
"OP(10,10,10,10,10)",0,Solved,"0,0320"," (4t+2)","0,0362","(\infty, 2, 3, 5, 8, \infty, 32, 29, 27, 26) (7, 1, 9, 16, 4, 30, 17, 36, 20, 11) (31, 25, 33, 40, 28, 6, 41, 12, 44, 35) (21, 38, 15, 43, 22, 37, 23, 18, 0, 10) (45, 14, 39, 19, 46, 13, 47, 42, 24, 34) "
"OP(4,10,10,6)",0,Solved,"0,0460"," (4t+2)","0,0500","(\infty, 1, \infty, 25) (4, 3, 6, 2, 0, 5, 13, 31, 17, 10) (28, 27, 30, 26, 24, 29, 37, 7, 41, 34) (21, 9, 36, 45, 33, 12) "
"OP(10,10,10,10,6,4)",0,Solved,"0,0660"," (4t+2)","0,0700","(\infty, 6, 22, 42, 8, \infty, 32, 18, 46, 30) (38, 19, 12, 7, 4, 0, 2, 3, 9, 17) (14, 43, 36, 31, 28, 24, 26, 27, 33, 41) (10, 21, 39, 16, 47, 34, 45, 15, 40, 23) (35, 13, 1, 11, 37, 25) (20, 5, 44, 29) "
"OP(10,10,10,10,5,5)",0,Solved,"0,2100"," (4t+2)","0,2135","(\infty, 0, 35, 8, 2, \infty, 26, 32, 11, 24) (4, 12, 9, 18, 25, 44, 29, 17, 7, 3) (28, 36, 33, 42, 1, 20, 5, 41, 31, 27) (16, 14, 45, 22, 6, 40, 38, 21, 46, 30) (13, 43, 23, 34, 39) (37, 19, 47, 10, 15) "
"OP(10,10,10,10,4,3,3)",0,Solved,"0,1400"," (4t+2)","0,1442","(\infty, 47, 0, 39, 21, \infty, 45, 15, 24, 23) (33, 1, 8, 46, 4, 37, 20, 6, 2, 5) (9, 25, 32, 22, 28, 13, 44, 30, 26, 29) (43, 38, 17, 42, 7, 19, 14, 41, 18, 31) (34, 12, 10, 36) (11, 40, 3) (35, 16, 27) "
"OP(4,10,10,8)",0,Solved,"0,0380"," (4t+2)","0,0420","(\infty, 1, \infty, 25) (4, 3, 6, 2, 0, 5, 13, 31, 17, 10) (28, 27, 30, 26, 24, 29, 37, 7, 41, 34) (47, 35, 18, 8, 23, 11, 42, 32) "
"OP(8,10,10,4)",0,Solved,"0,0390"," (4t+2)","0,0421","(\infty, 8, 18, 46, \infty, 22, 42, 32) (17, 40, 19, 12, 7, 4, 0, 2, 3, 9) (41, 16, 43, 36, 31, 28, 24, 26, 27, 33) (14, 30, 38, 6) "
"OP(6,10,10,6)",0,Solved,"0,1770"," (4t+2)","0,1808","(\infty, 0, 4, \infty, 28, 24) (21, 36, 44, 3, 13, 11, 10, 32, 5, 2) (45, 12, 20, 27, 37, 35, 34, 8, 29, 26) (14, 19, 1, 38, 43, 25) "
"OP(6,10,10,3,3)",0,Solved,"0,0480"," (4t+2)","0,0520","(\infty, 4, 14, \infty, 38, 28) (6, 17, 37, 10, 36, 23, 39, 22, 40, 21) (30, 41, 13, 34, 12, 47, 15, 46, 16, 45) (7, 1, 2) (31, 25, 26) "
"OP(4,10,10,4,4)",0,Solved,"0,0350"," (4t+2)","0,0389","(\infty, 1, \infty, 25) (4, 3, 6, 2, 0, 5, 13, 31, 17, 10) (28, 27, 30, 26, 24, 29, 37, 7, 41, 34) (18, 35, 19, 8) (42, 11, 43, 32) "
"OP(10,10,10,8,8,4)",0,Solved,"0,0940"," (4t+2)","0,0975","(\infty, 15, 41, 12, 47, \infty, 23, 36, 17, 39) (16, 7, 6, 4, 9, 5, 13, 19, 22, 1) (40, 31, 30, 28, 33, 29, 37, 43, 46, 25) (18, 32, 0, 11, 21, 44, 26, 38) (42, 8, 24, 35, 45, 20, 2, 14) (27, 10, 3, 34) "
"OP(6,10,7,7)",0,Solved,"0,0470"," (4t+2)","0,0528","(\infty, 40, 14, \infty, 38, 16) (7, 46, 0, 3, 4, 31, 22, 24, 27, 28) (45, 13, 47, 19, 9, 39, 10) (21, 37, 23, 43, 33, 15, 34) "
"OP(10,10,10,8,6,6)",0,Solved,"0,0470"," (4t+2)","0,0509","(\infty, 13, 39, 22, 45, \infty, 21, 46, 15, 37) (33, 19, 12, 8, 0, 18, 2, 7, 16, 44) (9, 43, 36, 32, 24, 42, 26, 31, 40, 20) (35, 6, 3, 1, 11, 30, 27, 25) (4, 5, 17, 38, 23, 10) (28, 29, 41, 14, 47, 34) "
"OP(10,10,10,8,6,3,3)",0,Solved,"0,0500"," (4t+2)","0,0548","(\infty, 42, 3, 35, 4, \infty, 28, 11, 27, 18) (44, 32, 2, 46, 45, 30, 38, 1, 29, 39) (20, 8, 26, 22, 21, 6, 14, 25, 5, 15) (43, 41, 34, 40, 19, 17, 10, 16) (37, 24, 47, 13, 0, 23) (33, 36, 7) (9, 12, 31) "
"OP(4,10,8,4,4)",0,Solved,"0,0410"," (4t+2)","0,0455","(\infty, 20, \infty, 44) (43, 13, 5, 3, 9, 19, 37, 29, 27, 33) (23, 7, 4, 0, 47, 31, 28, 24) (6, 17, 8, 1) (30, 41, 32, 25) "
"OP(10,10,10,8,4,4,4)",0,Solved,"0,0440"," (4t+2)","0,0474","(\infty, 6, 16, 32, 18, \infty, 42, 8, 40, 30) (47, 19, 12, 7, 4, 0, 2, 3, 9, 17) (23, 43, 36, 31, 28, 24, 26, 27, 33, 41) (10, 21, 46, 15, 34, 45, 22, 39) (13, 35, 14, 1) (37, 11, 38, 25) (20, 5, 44, 29) "
"OP(10,10,10,8,3,3,3,3)",0,Solved,"0,0930"," (4t+2)","0,0973","(\infty, 35, 20, 40, 43, \infty, 19, 16, 44, 11) (7, 15, 9, 38, 25, 47, 24, 6, 18, 34) (31, 39, 33, 14, 1, 23, 0, 30, 42, 10) (12, 2, 3, 5, 36, 26, 27, 29) (45, 4, 41) (21, 28, 17) (8, 22, 13) (32, 46, 37) "
"OP(10,10,10,7,7,6)",0,Solved,"0,0470"," (4t+2)","0,0505","(\infty, 2, 3, 5, 8, \infty, 32, 29, 27, 26) (6, 1, 9, 20, 7, 21, 37, 10, 19, 12) (30, 25, 33, 44, 31, 45, 13, 34, 43, 36) (11, 39, 22, 41, 16, 38, 23) (35, 15, 46, 17, 40, 14, 47) (18, 0, 4, 42, 24, 28) "
"OP(10,10,10,7,7,3,3)",0,Solved,"0,0500"," (4t+2)","0,0535","(\infty, 14, 3, 15, 20, \infty, 44, 39, 27, 38) (10, 7, 23, 46, 13, 43, 21, 42, 11, 1) (34, 31, 47, 22, 37, 19, 45, 18, 35, 25) (2, 16, 36, 17, 4, 5, 9) (26, 40, 12, 41, 28, 29, 33) (0, 8, 6) (24, 32, 30) "
"OP(4,10,6,6,4)",0,Solved,"0,0430"," (4t+2)","0,0474","(\infty, 20, \infty, 44) (42, 10, 5, 3, 6, 18, 34, 29, 27, 30) (39, 12, 4, 0, 13, 14) (15, 36, 28, 24, 37, 38) (7, 1, 31, 25) "
"OP(4,10,6,5,5)",0,Solved,"0,0520"," (4t+2)","0,0554","(\infty, 21, \infty, 45) (16, 5, 8, 15, 30, 40, 29, 32, 39, 6) (35, 10, 2, 11, 34, 26) (0, 4, 9, 3, 1) (24, 28, 33, 27, 25) "
"OP(6,10,6,4,4)",0,Solved,"0,0850"," (4t+2)","0,0885","(\infty, 32, 0, \infty, 24, 8) (38, 43, 39, 46, 33, 14, 19, 15, 22, 9) (35, 44, 45, 11, 20, 21) (27, 47, 1, 34) (3, 23, 25, 10) "
"OP(4,10,6,4,3,3)",0,Solved,"0,0930"," (4t+2)","0,0975","(\infty, 21, \infty, 45) (0, 14, 33, 15, 41, 24, 38, 9, 39, 17) (43, 18, 46, 19, 42, 22) (2, 11, 26, 35) (16, 3, 5) (40, 27, 29) "
"OP(4,10,5,5,6)",0,Solved,"0,0610"," (4t+2)","0,0653","(\infty, 16, \infty, 40) (20, 3, 4, 11, 6, 44, 27, 28, 35, 30) (45, 22, 0, 2, 5) (21, 46, 24, 26, 29) (8, 41, 13, 32, 17, 37) "
"OP(10,10,10,6,6,4,4)",0,Solved,"0,0410"," (4t+2)","0,0469","(\infty, 10, 3, 7, 12, \infty, 36, 31, 27, 34) (13, 38, 18, 44, 17, 46, 16, 47, 15, 1) (37, 14, 42, 20, 41, 22, 40, 23, 39, 25) (2, 8, 21, 6, 4, 5) (26, 32, 45, 30, 28, 29) (9, 0, 11, 19) (33, 24, 35, 43) "
"OP(10,10,10,6,5,5,4)",0,Solved,"0,2500"," (4t+2)","0,2540","(\infty, 5, 9, 18, 7, \infty, 31, 42, 33, 29) (16, 0, 14, 4, 12, 37, 1, 22, 44, 15) (40, 24, 38, 28, 36, 13, 25, 46, 20, 39) (23, 8, 2, 47, 32, 26) (19, 6, 11, 41, 21) (43, 30, 35, 17, 45) (10, 3, 34, 27) "
"OP(4,10,5,5,3,3)",0,Solved,"0,0600"," (4t+2)","0,0641","(\infty, 8, \infty, 32) (16, 4, 0, 23, 14, 40, 28, 24, 47, 38) (5, 15, 21, 1, 22) (29, 39, 45, 25, 46) (17, 3, 19) (41, 27, 43) "
"OP(10,10,10,6,4,4,3,3)",0,Solved,"0,0450"," (4t+2)","0,0508","(\infty, 2, 3, 5, 8, \infty, 32, 29, 27, 26) (6, 1, 9, 15, 28, 16, 45, 35, 19, 10) (30, 25, 33, 39, 4, 40, 21, 11, 43, 34) (13, 41, 20, 37, 17, 44) (38, 12, 46, 23) (14, 36, 22, 47) (18, 0, 7) (42, 24, 31) "
"OP(10,10,10,5,5,5,5)",0,Solved,"0,0550"," (4t+2)","0,0586","(\infty, 3, 4, 6, 9, \infty, 33, 30, 28, 27) (22, 39, 19, 5, 1, 17, 26, 13, 8, 14) (46, 15, 43, 29, 25, 41, 2, 37, 32, 38) (23, 44, 18, 36, 11) (47, 20, 42, 12, 35) (40, 7, 0, 10, 21) (16, 31, 24, 34, 45) "
"OP(10,10,10,5,5,4,3,3)",0,Solved,"0,0550"," (4t+2)","0,0585","(\infty, 2, 15, 47, 16, \infty, 40, 23, 39, 26) (5, 12, 35, 21, 33, 44, 14, 42, 13, 3) (29, 36, 11, 45, 9, 20, 38, 18, 37, 27) (0, 8, 4, 7, 6) (24, 32, 28, 31, 30) (1, 10, 25, 34) (43, 17, 22) (19, 41, 46) "
"OP(4,10,4,4,4,4)",0,Solved,"0,0560"," (4t+2)","0,0609","(\infty, 17, \infty, 41) (21, 11, 4, 12, 23, 45, 35, 28, 36, 47) (1, 5, 0, 3) (25, 29, 24, 27) (6, 19, 39, 20) (30, 43, 15, 44) "
"OP(4,10,4,3,3,3,3)",0,Solved,"0,0750"," (4t+2)","0,0798","(\infty, 4, \infty, 28) (45, 10, 40, 12, 46, 21, 34, 16, 36, 22) (1, 23, 25, 47) (13, 44, 6) (37, 20, 30) (14, 19, 0) (38, 43, 24) "
"OP(10,10,10,4,4,4,4,4)",0,Solved,"0,0480"," (4t+2)","0,0512","(\infty, 0, 4, 11, 20, \infty, 44, 35, 28, 24) (37, 10, 23, 12, 2, 3, 5, 8, 14, 22) (13, 34, 47, 36, 26, 27, 29, 32, 38, 46) (39, 21, 7, 19) (15, 45, 31, 43) (18, 40, 9, 41) (42, 16, 33, 17) (1, 6, 25, 30) "
"OP(10,10,10,4,4,3,3,3,3)",0,Solved,"0,0510"," (4t+2)","0,0554","(\infty, 2, 4, 7, 6, \infty, 30, 31, 28, 26) (9, 41, 23, 16, 27, 18, 46, 34, 12, 43) (33, 17, 47, 40, 3, 42, 22, 10, 36, 19) (21, 15, 38, 11) (45, 39, 14, 35) (0, 13, 8) (24, 37, 32) (1, 20, 5) (25, 44, 29) "
"OP(4,10,9,9)",0,Solved,"0,0430"," (4t+2)","0,0475","(\infty, 1, \infty, 25) (2, 3, 9, 40, 13, 26, 27, 33, 16, 37) (15, 43, 20, 42, 10, 7, 0, 11, 45) (39, 19, 44, 18, 34, 31, 24, 35, 21) "
"OP(10,9,9,10,8,4)",0,Solved,"0,0780"," (4t+2)","0,0826","(\infty, 28, 47, 24, 44, \infty, 20, 0, 23, 4) (37, 29, 3, 34, 45, 41, 32, 35, 42) (13, 5, 27, 10, 21, 17, 8, 11, 18) (40, 46, 30, 31, 1, 16, 22, 6, 7, 25) (39, 26, 38, 36, 15, 2, 14, 12) (33, 43, 9, 19) "
"OP(6,9,9,6)",0,Solved,"0,0820"," (4t+2)","0,0904","(\infty, 14, 2, \infty, 26, 38) (9, 20, 47, 12, 29, 15, 8, 16, 31) (33, 44, 23, 36, 5, 39, 32, 40, 7) (42, 17, 46, 18, 41, 22) "
"OP(10,9,9,10,6,6)",0,Solved,"0,0490"," (4t+2)","0,0537","(\infty, 15, 4, 16, 31, \infty, 7, 40, 28, 39) (36, 20, 45, 17, 46, 19, 37, 23, 10) (12, 44, 21, 41, 22, 43, 13, 47, 34) (1, 2, 11, 18, 8, 25, 26, 35, 42, 32) (9, 14, 6, 0, 3, 5) (33, 38, 30, 24, 27, 29) "
"OP(10,9,9,10,6,3,3)",0,Solved,"0,1530"," (4t+2)","0,1574","(\infty, 45, 4, 2, 11, \infty, 35, 26, 28, 21) (6, 7, 18, 36, 23, 44, 15, 38, 16) (30, 31, 42, 12, 47, 20, 39, 14, 40) (9, 41, 10, 46, 13, 33, 17, 34, 22, 37) (1, 5, 19, 25, 29, 43) (3, 0, 8) (27, 24, 32) "
"OP(4,9,9,4,4)",0,Solved,"0,0530"," (4t+2)","0,0568","(\infty, 19, \infty, 43) (32, 15, 44, 22, 38, 23, 11, 0, 18) (8, 39, 20, 46, 14, 47, 35, 24, 42) (2, 6, 16, 7) (26, 30, 40, 31) "
"OP(10,9,9,10,4,4,4)",0,Solved,"0,0470"," (4t+2)","0,0504","(\infty, 46, 21, 47, 18, \infty, 42, 23, 45, 22) (7, 11, 4, 6, 14, 0, 17, 16, 1) (31, 35, 28, 30, 38, 24, 41, 40, 25) (12, 3, 19, 39, 9, 36, 27, 43, 15, 33) (5, 10, 20, 8) (29, 34, 44, 32) (2, 13, 26, 37) "
"OP(10,9,9,10,3,3,3,3)",0,Solved,"0,1020"," (4t+2)","0,1059","(\infty, 46, 1, 30, 24, \infty, 0, 6, 25, 22) (33, 10, 44, 39, 29, 27, 43, 2, 37) (9, 34, 20, 15, 5, 3, 19, 26, 13) (4, 31, 23, 38, 16, 28, 7, 47, 14, 40) (17, 18, 35) (41, 42, 11) (45, 8, 36) (21, 32, 12) "
"OP(6,10,8,8)",0,Solved,"0,0950"," (4t+2)","0,0992","(\infty, 2, 4, \infty, 28, 26) (6, 7, 45, 11, 18, 30, 31, 21, 35, 42) (44, 9, 15, 34, 17, 8, 5, 0) (20, 33, 39, 10, 41, 32, 29, 24) "
"OP(8,10,8,6)",0,Solved,"0,0600"," (4t+2)","0,0639","(\infty, 21, 40, 23, \infty, 47, 16, 45) (37, 9, 35, 22, 43, 13, 33, 11, 46, 19) (20, 10, 3, 12, 44, 34, 27, 36) (29, 14, 8, 5, 38, 32) "
"OP(8,10,8,3,3)",0,Solved,"0,1510"," (4t+2)","0,1549","(\infty, 29, 4, 35, \infty, 11, 28, 5) (36, 32, 6, 47, 42, 12, 8, 30, 23, 18) (34, 43, 27, 0, 10, 19, 3, 24) (44, 31, 46) (20, 7, 22) "
"OP(4,10,8,6,4)",0,Solved,"0,0450"," (4t+2)","0,0485","(\infty, 15, \infty, 39) (42, 10, 5, 3, 6, 18, 34, 29, 27, 30) (38, 12, 4, 0, 14, 36, 28, 24) (19, 8, 23, 43, 32, 47) (1, 7, 25, 31) "
"OP(4,10,8,5,5)",0,Solved,"0,0720"," (4t+2)","0,0762","(\infty, 18, \infty, 42) (8, 3, 22, 6, 44, 32, 27, 46, 30, 20) (40, 0, 15, 19, 16, 24, 39, 43) (36, 10, 45, 14, 13) (12, 34, 21, 38, 37) "
"OP(6,10,8,4,4)",0,Solved,"0,1120"," (4t+2)","0,1156","(\infty, 12, 6, \infty, 30, 36) (10, 15, 4, 11, 46, 34, 39, 28, 35, 22) (7, 3, 0, 2, 31, 27, 24, 26) (5, 13, 45, 14) (29, 37, 21, 38) "
"OP(4,10,8,4,3,3)",0,Solved,"0,0590"," (4t+2)","0,0629","(\infty, 34, \infty, 10) (45, 47, 42, 32, 1, 21, 23, 18, 8, 25) (30, 26, 41, 29, 6, 2, 17, 5) (43, 37, 19, 13) (39, 36, 7) (15, 12, 31) "
"OP(8,10,7,7)",0,Solved,"0,0840"," (4t+2)","0,0885","(\infty, 38, 8, 34, \infty, 10, 32, 14) (5, 16, 31, 15, 43, 29, 40, 7, 39, 19) (22, 47, 18, 45, 33, 20, 13) (46, 23, 42, 21, 9, 44, 37) "
"OP(4,10,7,7,4)",0,Solved,"0,0600"," (4t+2)","0,0635","(\infty, 4, \infty, 28) (5, 6, 2, 12, 15, 29, 30, 26, 36, 39) (14, 8, 3, 10, 19, 17, 44) (38, 32, 27, 34, 43, 41, 20) (0, 11, 24, 35) "
"OP(10,10,9,7,6,5,3)",,Infeasible,,Table config is not valid,,
"OP(8,10,6,4,4)",0,Solved,"0,1680"," (4t+2)","0,1718","(\infty, 19, 8, 1, \infty, 25, 32, 43) (2, 3, 39, 9, 11, 26, 27, 15, 33, 35) (5, 13, 45, 29, 37, 21) (20, 41, 22, 12) (44, 17, 46, 36) "
"OP(8,10,5,5,4)",0,Solved,"0,1130"," (4t+2)","0,1175","(\infty, 6, 2, 40, \infty, 16, 26, 30) (24, 22, 38, 9, 37, 0, 46, 14, 33, 13) (27, 39, 12, 45, 11) (3, 15, 36, 21, 35) (41, 10, 17, 34) "
"OP(10,10,9,7,5,3,3,3)",,Infeasible,,Table config is not valid,,
"OP(8,10,4,4,3,3)",0,Solved,"0,0890"," (4t+2)","0,0931","(\infty, 18, 39, 22, \infty, 46, 15, 42) (14, 43, 21, 9, 1, 38, 19, 45, 33, 25) (11, 20, 36, 13) (35, 44, 12, 37) (41, 23, 10) (17, 47, 34) "
"OP(4,10,6,6,6)",0,Solved,"0,0440"," (4t+2)","0,0502","(\infty, 20, \infty, 44) (45, 13, 5, 3, 9, 21, 37, 29, 27, 33) (18, 7, 4, 0, 14, 41) (42, 31, 28, 24, 38, 17) (6, 1, 8, 30, 25, 32) "
"OP(6,10,6,6,4)",0,Solved,"0,2280"," (4t+2)","0,2323","(\infty, 17, 45, \infty, 21, 41) (43, 20, 42, 23, 36, 19, 44, 18, 47, 12) (4, 0, 1, 9, 30, 14) (28, 24, 25, 33, 6, 38) (5, 8, 29, 32) "
"OP(4,10,6,6,3,3)",0,Solved,"0,0460"," (4t+2)","0,0495","(\infty, 2, \infty, 26) (4, 5, 7, 13, 18, 28, 29, 31, 37, 42) (41, 16, 27, 47, 30, 14) (17, 40, 3, 23, 6, 38) (11, 19, 45) (35, 43, 21) "
"OP(6,10,6,5,5)",0,Solved,"0,0960"," (4t+2)","0,0998","(\infty, 2, 4, \infty, 28, 26) (5, 6, 45, 7, 10, 29, 30, 21, 31, 34) (44, 8, 12, 20, 32, 36) (9, 23, 16, 11, 0) (33, 47, 40, 35, 24) "
"OP(6,10,6,4,3,3)",0,Solved,"0,0430"," (4t+2)","0,0467","(\infty, 8, 2, \infty, 26, 32) (4, 12, 22, 20, 9, 28, 36, 46, 44, 33) (6, 23, 10, 30, 47, 34) (39, 13, 15, 37) (1, 5, 0) (25, 29, 24) "
"OP(4,10,6,4,4,4)",0,Solved,"0,0470"," (4t+2)","0,0514","(\infty, 20, \infty, 44) (9, 5, 6, 3, 12, 33, 29, 30, 27, 36) (40, 11, 4, 16, 35, 28) (0, 14, 46, 15) (24, 38, 22, 39) (1, 23, 25, 47) "
"OP(4,10,6,3,3,3,3)",0,Solved,"0,0460"," (4t+2)","0,0512","(\infty, 44, \infty, 20) (3, 41, 6, 36, 7, 27, 17, 30, 12, 31) (32, 43, 0, 8, 19, 24) (5, 47, 45) (29, 23, 21) (33, 10, 26) (9, 34, 2) "
"OP(6,10,5,5,3,3)",0,Solved,"0,0500"," (4t+2)","0,0534","(\infty, 6, 14, \infty, 38, 30) (8, 19, 45, 13, 46, 32, 43, 21, 37, 22) (7, 4, 0, 2, 3) (31, 28, 24, 26, 27) (9, 16, 29) (33, 40, 5) "
"OP(4,10,5,5,4,4)",0,Solved,"0,0430"," (4t+2)","0,0472","(\infty, 18, \infty, 42) (3, 13, 30, 43, 15, 27, 37, 6, 19, 39) (38, 23, 45, 22, 11) (14, 47, 21, 46, 35) (4, 7, 1, 2) (28, 31, 25, 26) "
"OP(6,10,4,4,4,4)",0,Solved,"0,1170"," (4t+2)","0,1211","(\infty, 2, 22, \infty, 46, 26) (45, 19, 36, 13, 3, 21, 43, 12, 37, 27) (5, 38, 17, 4) (29, 14, 41, 28) (20, 15, 11, 0) (44, 39, 35, 24) "
"OP(6,10,4,3,3,3,3)",0,Solved,"0,1170"," (4t+2)","0,1214","(\infty, 17, 33, \infty, 9, 41) (12, 10, 35, 13, 21, 36, 34, 11, 37, 45) (14, 28, 38, 4) (15, 46, 16) (39, 22, 40) (5, 1, 0) (29, 25, 24) "
"OP(4,10,4,4,4,3,3)",0,Solved,"0,0680"," (4t+2)","0,0723","(\infty, 43, \infty, 19) (44, 47, 41, 4, 40, 20, 23, 17, 28, 16) (30, 39, 26, 3) (6, 15, 2, 27) (45, 38, 21, 14) (1, 35, 5) (25, 11, 29) "
"OP(4,10,3,3,3,3,3,3)",0,Solved,"0,1900"," (4t+2)","0,1943","(\infty, 4, \infty, 28) (12, 9, 21, 38, 23, 36, 33, 45, 14, 47) (5, 15, 41) (29, 39, 17) (7, 13, 34) (31, 37, 10) (18, 46, 16) (42, 22, 40) "
"OP(10,10,8,8,8,6)",0,Solved,"0,0550"," (4t+2)","0,0594","(\infty, 16, 5, 15, 30, \infty, 6, 39, 29, 40) (42, 13, 43, 23, 44, 18, 37, 19, 47, 20) (21, 7, 2, 0, 1, 4, 8, 14) (45, 31, 26, 24, 25, 28, 32, 38) (34, 22, 9, 41, 10, 46, 33, 17) (11, 3, 12, 35, 27, 36) "
"OP(10,10,8,8,8,3,3)",0,Solved,"0,0880"," (4t+2)","0,0916","(\infty, 46, 37, 41, 0, \infty, 24, 17, 13, 22) (36, 39, 25, 38, 44, 12, 15, 1, 14, 20) (34, 4, 30, 47, 45, 33, 32, 5) (10, 28, 6, 23, 21, 9, 8, 29) (42, 31, 3, 43, 18, 7, 27, 19) (40, 35, 2) (16, 11, 26) "
"OP(10,10,8,8,7,7)",0,Solved,"0,0520"," (4t+2)","0,0561","(\infty, 2, 3, 5, 8, \infty, 32, 29, 27, 26) (7, 1, 9, 16, 41, 31, 25, 33, 40, 17) (10, 21, 35, 20, 39, 12, 38, 22) (34, 45, 11, 44, 15, 36, 14, 46) (13, 30, 43, 23, 18, 0, 4) (37, 6, 19, 47, 42, 24, 28) "
"OP(4,7,7,8,4)",0,Solved,"0,0500"," (4t+2)","0,0533","(\infty, 18, \infty, 42) (3, 12, 38, 23, 39, 21, 8) (27, 36, 14, 47, 15, 45, 32) (22, 43, 20, 17, 46, 19, 44, 41) (11, 1, 35, 25) "
"OP(4,8,8,5,5)",0,Solved,"0,0480"," (4t+2)","0,0530","(\infty, 18, \infty, 42) (3, 8, 22, 47, 17, 33, 13, 16) (27, 32, 46, 23, 41, 9, 37, 40) (12, 39, 20, 11, 1) (36, 15, 44, 35, 25) "
"OP(10,10,8,8,6,4,4)",0,Solved,"0,0630"," (4t+2)","0,0689","(\infty, 4, 5, 7, 2, \infty, 26, 31, 29, 28) (42, 11, 22, 13, 3, 18, 35, 46, 37, 27) (45, 15, 34, 6, 0, 8, 44, 19) (21, 39, 10, 30, 24, 32, 20, 43) (41, 14, 1, 17, 38, 25) (9, 12, 16, 23) (33, 36, 40, 47) "
"OP(10,10,8,8,5,5,4)",0,Solved,"0,2920"," (4t+2)","0,2970","(\infty, 20, 42, 17, 36, \infty, 12, 41, 18, 44) (43, 23, 10, 22, 37, 19, 47, 34, 46, 13) (4, 1, 0, 2, 7, 21, 14, 8) (28, 25, 24, 26, 31, 45, 38, 32) (33, 6, 15, 5, 16) (9, 30, 39, 29, 40) (11, 3, 35, 27) "
"OP(4,8,8,4,3,3)",0,Solved,"0,0420"," (4t+2)","0,0460","(\infty, \infty, 23, 47) (19, 0, 17, 42, 15, 3, 9, 10) (43, 24, 41, 18, 39, 27, 33, 34) (2, 16, 26, 40) (6, 21, 8) (30, 45, 32) "
"OP(10,10,8,8,4,4,3,3)",0,Solved,"0,0590"," (4t+2)","0,0624","(\infty, 25, 9, 11, 17, \infty, 41, 35, 33, 1) (44, 32, 4, 26, 43, 20, 8, 28, 2, 19) (40, 0, 13, 10, 15, 42, 5, 6) (16, 24, 37, 34, 39, 18, 29, 30) (14, 21, 3, 47) (38, 45, 27, 23) (36, 7, 46) (12, 31, 22) "
"OP(4,8,7,7,4)",0,Solved,"0,0440"," (4t+2)","0,0479","(\infty, 1, \infty, 25) (2, 3, 9, 12, 26, 27, 33, 36) (5, 15, 45, 20, 40, 14, 41) (29, 39, 21, 44, 16, 38, 17) (0, 7, 24, 31) "
"OP(10,10,8,7,7,4,4)",0,Solved,"0,0630"," (4t+2)","0,0671","(\infty, 3, 4, 6, 9, \infty, 33, 30, 28, 27) (11, 39, 17, 5, 1, 35, 15, 41, 29, 25) (43, 26, 13, 8, 19, 2, 37, 32) (46, 23, 42, 21, 36, 44, 14) (22, 47, 18, 45, 12, 20, 38) (7, 0, 10, 16) (31, 24, 34, 40) "
"OP(4,7,7,6,6)",0,Solved,"0,0220"," (4t+2)","0,0253","(\infty, 1, \infty, 25) (4, 3, 6, 2, 0, 5, 11) (28, 27, 30, 26, 24, 29, 35) (19, 9, 44, 23, 12, 38) (43, 33, 20, 47, 36, 14) "
"OP(6,7,7,6,4)",0,Solved,"0,1190"," (4t+2)","0,1231","(\infty, 15, 1, \infty, 25, 39) (14, 2, 23, 0, 45, 19, 6) (38, 26, 47, 24, 21, 43, 30) (16, 17, 7, 40, 41, 31) (12, 42, 36, 18) "
"OP(4,7,7,6,3,3)",0,Solved,"0,0430"," (4t+2)","0,0463","(\infty, 2, \infty, 26) (3, 4, 6, 9, 1, 7, 14) (27, 28, 30, 33, 25, 31, 38) (8, 12, 41, 32, 36, 17) (11, 21, 37) (35, 45, 13) "
"OP(6,7,7,5,5)",0,Solved,"0,0750"," (4t+2)","0,0788","(\infty, 20, 10, \infty, 34, 44) (22, 43, 23, 12, 37, 21, 40) (46, 19, 47, 36, 13, 45, 16) (4, 17, 32, 15, 7) (28, 41, 8, 39, 31) "
"OP(6,7,7,4,3,3)",0,Solved,"0,1680"," (4t+2)","0,1717","(\infty, 45, 3, \infty, 27, 21) (4, 1, 8, 7, 39, 17, 9) (28, 25, 32, 31, 15, 41, 33) (5, 16, 29, 40) (47, 13, 42) (23, 37, 18) "
"OP(4,7,7,4,4,4)",0,Solved,"0,0450"," (4t+2)","0,0491","(\infty, 1, \infty, 25) (2, 3, 0, 4, 23, 5, 7) (26, 27, 24, 28, 47, 29, 31) (9, 19, 12, 21) (33, 43, 36, 45) (17, 6, 41, 30) "
"OP(4,7,7,3,3,3,3)",0,Solved,"0,1380"," (4t+2)","0,1421","(\infty, 20, \infty, 44) (12, 23, 11, 45, 5, 31, 3) (36, 47, 35, 21, 29, 7, 27) (15, 10, 41) (39, 34, 17) (18, 8, 1) (42, 32, 25) "
"OP(10,10,8,6,6,6,4)",0,Solved,"0,0670"," (4t+2)","0,0716","(\infty, 34, 43, 31, 38, \infty, 14, 7, 19, 10) (42, 40, 9, 32, 46, 18, 16, 33, 8, 22) (6, 27, 5, 35, 30, 3, 29, 11) (25, 24, 39, 45, 41, 12) (1, 0, 15, 21, 17, 36) (26, 37, 47, 2, 13, 23) (44, 28, 20, 4) "
"OP(10,10,8,6,6,5,5)",0,Solved,"0,2030"," (4t+2)","0,2079","(\infty, 35, 1, 13, 33, \infty, 9, 37, 25, 11) (14, 43, 20, 47, 21, 38, 19, 44, 23, 45) (6, 10, 5, 12, 30, 34, 29, 36) (46, 8, 2, 18, 3, 0) (22, 32, 26, 42, 27, 24) (4, 17, 16, 7, 15) (28, 41, 40, 31, 39) "
"OP(10,10,8,6,6,4,3,3)",0,Solved,"0,0680"," (4t+2)","0,0720","(\infty, 17, 0, 21, 39, \infty, 15, 45, 24, 41) (2, 7, 46, 1, 11, 26, 31, 22, 25, 35) (12, 4, 16, 14, 36, 28, 40, 38) (32, 18, 5, 37, 9, 3) (8, 42, 29, 13, 33, 27) (43, 20, 19, 44) (47, 6, 10) (23, 30, 34) "
"OP(10,10,8,6,5,5,3,3)",0,Solved,"0,1030"," (4t+2)","0,1086","(\infty, 9, 22, 10, 7, \infty, 31, 34, 46, 33) (21, 13, 20, 2, 11, 45, 37, 44, 26, 35) (3, 4, 6, 17, 27, 28, 30, 41) (1, 5, 0, 25, 29, 24) (19, 38, 12, 18, 39) (43, 14, 36, 42, 15) (23, 40, 8) (47, 16, 32) "
"OP(4,8,5,5,4,4)",0,Solved,"0,0440"," (4t+2)","0,0483","(\infty, 1, \infty, 25) (23, 3, 9, 2, 47, 27, 33, 26) (0, 22, 35, 4, 8) (24, 46, 11, 28, 32) (17, 6, 20, 38) (41, 30, 44, 14) "
"OP(10,10,8,6,4,4,4,4)",0,Solved,"0,2850"," (4t+2)","0,2883","(\infty, 30, 22, 0, 36, \infty, 12, 24, 46, 6) (40, 2, 43, 13, 44, 16, 26, 19, 37, 20) (38, 29, 4, 41, 14, 5, 28, 17) (9, 10, 39, 33, 34, 15) (35, 1, 47, 31) (11, 25, 23, 7) (42, 45, 32, 27) (18, 21, 8, 3) "
"OP(10,10,8,6,4,3,3,3,3)",0,Solved,"0,4580"," (4t+2)","0,4621","(\infty, 44, 13, 42, 46, \infty, 22, 18, 37, 20) (26, 11, 4, 10, 23, 2, 35, 28, 34, 47) (15, 14, 19, 16, 39, 38, 43, 40) (36, 27, 1, 12, 3, 25) (17, 31, 41, 7) (6, 8, 24) (30, 32, 0) (45, 33, 5) (21, 9, 29) "
"OP(4,8,4,4,5,5)",0,Solved,"0,0730"," (4t+2)","0,0764","(\infty, 35, \infty, 11) (0, 1, 4, 10, 24, 25, 28, 34) (8, 21, 13, 23) (32, 45, 37, 47) (2, 14, 5, 3, 46) (26, 38, 29, 27, 22) "
"OP(10,10,8,5,5,4,4,4)",0,Solved,"0,0850"," (4t+2)","0,0887","(\infty, 17, 2, 3, 1, \infty, 25, 27, 26, 41) (7, 11, 22, 9, 43, 31, 35, 46, 33, 19) (10, 20, 36, 14, 34, 44, 12, 38) (45, 4, 13, 8, 5) (21, 28, 37, 32, 29) (15, 40, 23, 42) (39, 16, 47, 18) (6, 0, 30, 24) "
"OP(10,10,8,5,5,3,3,3,3)",0,Solved,"0,1170"," (4t+2)","0,1207","(\infty, 0, 47, 31, 20, \infty, 44, 7, 23, 24) (36, 38, 32, 17, 5, 12, 14, 8, 41, 29) (10, 40, 18, 43, 34, 16, 42, 19) (22, 2, 21, 35, 27) (46, 26, 45, 11, 3) (4, 1, 39) (28, 25, 15) (33, 6, 37) (9, 30, 13) "
"OP(4,8,4,4,4,3,3)",0,Solved,"0,0480"," (4t+2)","0,0524","(\infty, 2, \infty, 26) (3, 4, 6, 10, 27, 28, 30, 34) (1, 7, 12, 15) (25, 31, 36, 39) (5, 14, 29, 38) (11, 22, 9) (35, 46, 33) "
"OP(10,10,8,4,4,4,4,3,3)",0,Solved,"0,0420"," (4t+2)","0,0468","(\infty, 45, 16, 46, 15, \infty, 39, 22, 40, 21) (17, 33, 18, 8, 20, 41, 9, 42, 32, 44) (23, 10, 38, 13, 47, 34, 14, 37) (1, 2, 11, 7) (25, 26, 35, 31) (19, 30, 4, 12) (43, 6, 28, 36) (0, 5, 3) (24, 29, 27) "
"OP(10,10,8,4,3,3,3,3,3,3)",0,Solved,"0,1290"," (4t+2)","0,1329","(\infty, 36, 33, 6, 32, \infty, 8, 30, 9, 12) (4, 29, 13, 25, 10, 28, 5, 37, 1, 34) (40, 2, 3, 44, 16, 26, 27, 20) (46, 35, 22, 11) (43, 41, 24) (19, 17, 0) (45, 31, 39) (21, 7, 15) (42, 47, 38) (18, 23, 14) "
"OP(4,6,6,7,7)",0,Solved,"0,0420"," (4t+2)","0,0458","(\infty, 1, \infty, 25) (4, 3, 6, 2, 0, 9) (28, 27, 30, 26, 24, 33) (45, 34, 19, 7, 20, 36, 16) (21, 10, 43, 31, 44, 12, 40) "
"OP(6,6,7,7,4)",0,Solved,"0,0460"," (4t+2)","0,0498","(\infty, 36, 2, \infty, 26, 12) (35, 33, 44, 11, 9, 20) (42, 29, 46, 40, 39, 34, 24) (18, 5, 22, 16, 15, 10, 0) (43, 47, 19, 23) "
"OP(4,6,7,7,3,3)",0,Solved,"0,0450"," (4t+2)","0,0493","(\infty, 4, \infty, 28) (7, 17, 18, 31, 41, 42) (5, 9, 21, 38, 8, 0, 2) (29, 33, 45, 14, 32, 24, 26) (3, 10, 16) (27, 34, 40) "
"OP(10,10,7,7,6,6,4)",0,Solved,"0,0920"," (4t+2)","0,0962","(\infty, 2, 4, 5, 8, \infty, 32, 29, 28, 26) (45, 10, 6, 44, 7, 21, 34, 30, 20, 31) (11, 19, 36, 14, 9, 0, 27) (35, 43, 12, 38, 33, 24, 3) (15, 22, 42, 13, 25, 40) (39, 46, 18, 37, 1, 16) (17, 23, 41, 47) "
"OP(10,10,7,7,6,5,5)",0,Solved,"0,0880"," (4t+2)","0,0930","(\infty, 36, 41, 20, 2, \infty, 26, 44, 17, 12) (39, 13, 0, 8, 1, 15, 37, 24, 32, 25) (19, 4, 16, 6, 5, 42, 23) (43, 28, 40, 30, 29, 18, 47) (11, 9, 3, 35, 33, 27) (21, 38, 10, 7, 46) (45, 14, 34, 31, 22) "
"OP(10,10,7,7,6,4,3,3)",0,Solved,"0,3160"," (4t+2)","0,3201","(\infty, 6, 31, 2, 12, \infty, 36, 26, 7, 30) (41, 21, 3, 18, 44, 17, 45, 27, 42, 20) (15, 47, 13, 9, 0, 40, 4) (39, 23, 37, 33, 24, 16, 28) (1, 14, 19, 25, 38, 43) (22, 5, 46, 29) (10, 8, 11) (34, 32, 35) "
"OP(10,10,7,7,5,5,3,3)",0,Solved,"0,1950"," (4t+2)","0,1979","(\infty, \infty, 23, 22, 20, 37, 13, 44, 46, 47) (42, 10, 2, 7, 0, 18, 34, 26, 31, 24) (8, 33, 14, 4, 15, 35, 21) (32, 9, 38, 28, 39, 11, 45) (43, 16, 1, 5, 17) (19, 40, 25, 29, 41) (6, 12, 3) (30, 36, 27) "
"OP(4,7,7,4,4,4)",0,Solved,"0,0450"," (4t+2)","0,0490","(\infty, 1, \infty, 25) (2, 3, 0, 4, 23, 5, 7) (26, 27, 24, 28, 47, 29, 31) (9, 19, 12, 21) (33, 43, 36, 45) (17, 6, 41, 30) "
"OP(10,10,7,7,4,4,4,4)",0,Solved,"0,0490"," (4t+2)","0,0533","(\infty, \infty, 23, 38, 11, 39, 15, 35, 14, 47) (8, 18, 40, 21, 46, 32, 42, 16, 45, 22) (17, 28, 12, 6, 1, 2, 10) (41, 4, 36, 30, 25, 26, 34) (19, 37, 20, 7) (43, 13, 44, 31) (9, 0, 3, 5) (33, 24, 27, 29) "
"OP(10,10,7,7,4,3,3,3,3)",0,Solved,"0,1930"," (4t+2)","0,1972","(\infty, 33, 19, 1, 21, \infty, 45, 25, 43, 9) (2, 0, 7, 11, 32, 26, 24, 31, 35, 8) (36, 17, 4, 3, 39, 22, 47) (12, 41, 28, 27, 15, 46, 23) (20, 5, 44, 29) (18, 13, 10) (42, 37, 34) (30, 40, 14) (6, 16, 38) "
"OP(6,6,6,6,6)",0,Solved,"0,0500"," (4t+2)","0,0539","(\infty, 16, 44, \infty, 20, 40) (6, 5, 3, 10, 19, 35) (30, 29, 27, 34, 43, 11) (4, 0, 12, 22, 9, 1) (28, 24, 36, 46, 33, 25) "
"OP(6,6,6,6,3,3)",0,Solved,"0,1130"," (4t+2)","0,1163","(\infty, 20, 8, \infty, 32, 44) (0, 4, 6, 23, 13, 7) (24, 28, 30, 47, 37, 31) (45, 5, 18, 21, 29, 42) (12, 40, 22) (36, 16, 46) "
"OP(4,6,6,6,4,4)",0,Solved,"0,0510"," (4t+2)","0,0552","(\infty, \infty, 23, 47) (3, 16, 21, 0, 19, 18) (27, 40, 45, 24, 43, 42) (44, 12, 46, 20, 36, 22) (8, 5, 15, 33) (32, 29, 39, 9) "
"OP(4,6,6,5,5,4)",0,Solved,"0,0740"," (4t+2)","0,0776","(\infty, 35, \infty, 11) (0, 1, 6, 14, 5, 3) (24, 25, 30, 38, 29, 27) (13, 7, 17, 4, 20) (37, 31, 41, 28, 44) (2, 46, 26, 22) "
"OP(6,6,6,4,4,4)",0,Solved,"0,0750"," (4t+2)","0,0791","(\infty, 16, 6, \infty, 30, 40) (33, 21, 12, 4, 10, 17) (9, 45, 36, 28, 34, 41) (35, 18, 7, 20) (11, 42, 31, 44) (46, 19, 22, 43) "
"OP(6,6,6,3,3,3,3)",0,Solved,"0,0450"," (4t+2)","0,0485","(\infty, 5, 15, \infty, 39, 29) (7, 37, 23, 43, 18, 40) (31, 13, 47, 19, 42, 16) (4, 0, 2) (28, 24, 26) (3, 6, 12) (27, 30, 36) "
"OP(4,6,6,4,4,3,3)",0,Solved,"0,0600"," (4t+2)","0,0639","(\infty, 26, \infty, 2) (37, 45, 16, 47, 12, 22) (13, 21, 40, 23, 36, 46) (5, 41, 15, 9) (29, 17, 39, 33) (1, 6, 8) (25, 30, 32) "
"OP(4,6,5,5,5,5)",0,Solved,"0,0570"," (4t+2)","0,0610","(\infty, 5, \infty, 29) (36, 0, 23, 12, 24, 47) (19, 3, 16, 44, 14) (43, 27, 40, 20, 38) (17, 15, 1, 8, 2) (41, 39, 25, 32, 26) "
"OP(6,6,5,5,4,4)",0,Solved,"0,1240"," (4t+2)","0,1270","(\infty, 39, 3, \infty, 27, 15) (4, 5, 7, 28, 29, 31) (16, 47, 13, 45, 19) (40, 23, 37, 21, 43) (38, 20, 10, 1) (14, 44, 34, 25) "
"OP(4,6,5,5,4,3,3)",0,Solved,"0,0940"," (4t+2)","0,0994","(\infty, 19, \infty, 43) (37, 10, 44, 13, 34, 20) (6, 17, 8, 21, 36) (30, 41, 32, 45, 12) (11, 3, 35, 27) (1, 7, 9) (25, 31, 33) "
"OP(6,6,4,4,4,3,3)",0,Solved,"0,2510"," (4t+2)","0,2555","(\infty, 10, 36, \infty, 12, 34) (32, 17, 40, 8, 41, 16) (42, 7, 6, 20) (18, 31, 30, 44) (37, 47, 13, 23) (11, 4, 15) (35, 28, 39) "
"OP(6,6,3,3,3,3,3,3)",0,Solved,"0,2360"," (4t+2)","0,2390","(\infty, 18, 46, \infty, 22, 42) (47, 14, 45, 23, 38, 21) (6, 9, 15) (30, 33, 39) (44, 19, 32) (20, 43, 8) (11, 1, 13) (35, 25, 37) "
"OP(4,6,4,4,4,4,4)",0,Solved,"0,0430"," (4t+2)","0,0470","(\infty, 17, \infty, 41) (33, 7, 42, 9, 31, 18) (3, 5, 11, 6) (27, 29, 35, 30) (4, 0, 14, 13) (28, 24, 38, 37) (8, 1, 32, 25) "
"OP(4,6,4,4,3,3,3,3)",0,Solved,"0,0760"," (4t+2)","0,0805","(\infty, 5, \infty, 29) (8, 16, 42, 32, 40, 18) (45, 4, 7, 44) (21, 28, 31, 20) (13, 36, 17) (37, 12, 41) (11, 6, 2) (35, 30, 26) "
"OP(10,10,6,6,6,6,6)",0,Solved,"0,0610"," (4t+2)","0,0664","(\infty, 4, 5, 7, 2, \infty, 26, 31, 29, 28) (8, 21, 42, 17, 3, 32, 45, 18, 41, 27) (13, 46, 15, 6, 0, 10) (37, 22, 39, 30, 24, 34) (16, 20, 38, 12, 1, 9) (40, 44, 14, 36, 25, 33) (11, 43, 23, 35, 19, 47) "
"OP(10,10,6,6,6,6,3,3)",0,Solved,"0,0480"," (4t+2)","0,0535","(\infty, 4, 12, 5, 14, \infty, 38, 29, 36, 28) (8, 18, 40, 9, 21, 32, 42, 16, 33, 45) (0, 2, 3, 6, 10, 15) (24, 26, 27, 30, 34, 39) (46, 23, 37, 17, 35, 19) (22, 47, 13, 41, 11, 43) (1, 20, 7) (25, 44, 31) "
"OP(4,5,5,6,6,4)",0,Solved,"0,0500"," (4t+2)","0,0540","(\infty, 21, \infty, 45) (11, 19, 5, 3, 6) (35, 43, 29, 27, 30) (34, 13, 4, 0, 15, 14) (10, 37, 28, 24, 39, 38) (7, 1, 31, 25) "
"OP(10,10,6,6,6,4,4,4)",0,Solved,"0,1590"," (4t+2)","0,1628","(\infty, 39, 45, 18, 3, \infty, 27, 42, 21, 15) (33, 5, 34, 30, 4, 9, 29, 10, 6, 28) (19, 11, 12, 44, 46, 1) (43, 35, 36, 20, 22, 25) (17, 8, 31, 41, 32, 7) (0, 13, 2, 14) (24, 37, 26, 38) (23, 16, 47, 40) "
"OP(10,10,6,6,6,3,3,3,3)",0,Solved,"0,1630"," (4t+2)","0,1671","(\infty, 43, 25, 8, 27, \infty, 3, 32, 1, 19) (12, 39, 7, 42, 28, 36, 15, 31, 18, 4) (46, 13, 6, 10, 35, 9) (22, 37, 30, 34, 11, 33) (45, 40, 41, 21, 16, 17) (2, 0, 38) (26, 24, 14) (47, 44, 5) (23, 20, 29) "
"OP(4,5,5,6,5,5)",0,Solved,"0,0430"," (4t+2)","0,0477","(\infty, 22, \infty, 46) (16, 5, 8, 15, 30) (40, 29, 32, 39, 6) (35, 10, 2, 11, 34, 26) (0, 4, 9, 3, 1) (24, 28, 33, 27, 25) "
"OP(10,10,6,6,5,5,4,4)",0,Solved,"0,0920"," (4t+2)","0,0968","(\infty, 17, 2, 3, 1, \infty, 25, 27, 26, 41) (7, 19, 39, 22, 44, 31, 43, 15, 46, 20) (8, 12, 18, 4, 45, 5) (32, 36, 42, 28, 21, 29) (10, 35, 16, 37, 47) (34, 11, 40, 13, 23) (9, 14, 30, 0) (33, 38, 6, 24) "
"OP(4,5,5,6,4,3,3)",0,Solved,"0,0590"," (4t+2)","0,0635","(\infty, 3, \infty, 27) (4, 5, 7, 13, 9) (28, 29, 31, 37, 33) (43, 14, 1, 19, 38, 25) (17, 26, 41, 2) (11, 8, 15) (35, 32, 39) "
"OP(10,10,6,6,4,4,4,3,3)",0,Solved,"0,1400"," (4t+2)","0,1450","(\infty, 11, 28, 34, 43, \infty, 19, 10, 4, 35) (44, 24, 36, 38, 45, 20, 0, 12, 14, 21) (3, 32, 2, 37, 33, 41) (27, 8, 26, 13, 9, 17) (47, 42, 5, 31) (23, 18, 29, 7) (22, 1, 46, 25) (40, 6, 39) (16, 30, 15) "
"OP(10,10,6,6,3,3,3,3,3,3)",0,Solved,"0,0960"," (4t+2)","0,1012","(\infty, 21, 38, 13, 47, \infty, 23, 37, 14, 45) (4, 9, 6, 19, 1, 28, 33, 30, 43, 25) (5, 7, 3, 18, 10, 16) (29, 31, 27, 42, 34, 40) (39, 17, 46) (15, 41, 22) (2, 12, 11) (26, 36, 35) (20, 32, 0) (44, 8, 24) "
"OP(10,10,6,5,5,5,5,4)",0,Solved,"0,1450"," (4t+2)","0,1490","(\infty, 47, 10, 3, 37, \infty, 13, 27, 34, 23) (5, 4, 8, 2, 0, 29, 28, 32, 26, 24) (6, 1, 22, 30, 25, 46) (14, 39, 17, 35, 45) (38, 15, 41, 11, 21) (7, 19, 16, 36, 20) (31, 43, 40, 12, 44) (18, 9, 42, 33) "
"OP(4,5,5,5,5,3,3)",0,Solved,"0,0390"," (4t+2)","0,0424","(\infty, 15, \infty, 39) (1, 4, 13, 20, 5) (25, 28, 37, 44, 29) (0, 2, 3, 11, 6) (24, 26, 27, 35, 30) (17, 33, 21) (41, 9, 45) "
"OP(10,10,6,5,5,4,4,3,3)",0,Solved,"0,1870"," (4t+2)","0,1904","(\infty, 39, 16, 21, 19, \infty, 43, 45, 40, 15) (4, 3, 7, 17, 47, 28, 27, 31, 41, 23) (13, 0, 6, 37, 24, 30) (9, 2, 22, 10, 1) (33, 26, 46, 34, 25) (44, 12, 38, 11) (20, 36, 14, 35) (42, 5, 8) (18, 29, 32) "
"OP(4,5,5,4,4,4,4)",0,Solved,"0,0650"," (4t+2)","0,0691","(\infty, 18, \infty, 42) (21, 44, 15, 31, 3) (45, 20, 39, 7, 27) (23, 37, 2, 14) (47, 13, 26, 38) (11, 0, 6, 9) (35, 24, 30, 33) "
"OP(4,5,5,4,3,3,3,3)",0,Solved,"0,1310"," (4t+2)","0,1350","(\infty, 46, \infty, 22) (44, 12, 1, 21, 34) (20, 36, 25, 45, 10) (5, 23, 29, 47) (19, 11, 42) (43, 35, 18) (28, 40, 13) (4, 16, 37) "
"OP(10,10,6,4,4,4,4,4,4)",0,Solved,"0,1090"," (4t+2)","0,1127","(\infty, 17, 16, 44, 13, \infty, 37, 20, 40, 41) (7, 4, 0, 18, 47, 31, 28, 24, 42, 23) (38, 12, 39, 14, 36, 15) (8, 21, 6, 1) (32, 45, 30, 25) (9, 3, 5, 19) (33, 27, 29, 43) (22, 11, 2, 10) (46, 35, 26, 34) "
"OP(10,10,6,4,4,4,3,3,3,3)",0,Solved,"0,3400"," (4t+2)","0,3450","(\infty, 2, 13, 11, 42, \infty, 18, 35, 37, 26) (38, 5, 8, 12, 40, 14, 29, 32, 36, 16) (0, 9, 45, 24, 33, 21) (7, 39, 46, 6) (31, 15, 22, 30) (17, 3, 41, 27) (47, 34, 4) (23, 10, 28) (1, 43, 20) (25, 19, 44) "
"OP(10,10,6,3,3,3,3,3,3,3,3)",0,Solved,"0,0450"," (4t+2)","0,0497","(\infty, \infty, 23, 46, 19, 45, 21, 43, 22, 47) (20, 33, 13, 4, 11, 44, 9, 37, 28, 35) (0, 12, 41, 24, 36, 17) (3, 14, 6) (27, 38, 30) (10, 40, 42) (34, 16, 18) (7, 2, 8) (31, 26, 32) (1, 15, 5) (25, 39, 29) "
"OP(10,10,5,5,5,5,5,5)",0,Solved,"0,1810"," (4t+2)","0,1848","(\infty, 14, 47, 18, 12, \infty, 36, 42, 23, 38) (16, 9, 46, 28, 41, 40, 33, 22, 4, 17) (19, 39, 13, 11, 3) (43, 15, 37, 35, 27) (6, 10, 0, 31, 45) (30, 34, 24, 7, 21) (1, 44, 8, 5, 26) (25, 20, 32, 29, 2) "
"OP(10,10,5,5,5,5,4,3,3)",0,Solved,"0,0520"," (4t+2)","0,0563","(\infty, 7, 16, 35, 15, \infty, 39, 11, 40, 31) (1, 2, 20, 36, 3, 25, 26, 44, 12, 27) (19, 8, 14, 9, 6) (43, 32, 38, 33, 30) (46, 5, 13, 17, 34) (22, 29, 37, 41, 10) (18, 4, 42, 28) (47, 24, 45) (23, 0, 21) "
"OP(4,4,4,5,5,4,4)",0,Solved,"0,0560"," (4t+2)","0,0592","(\infty, 22, \infty, 46) (15, 4, 13, 29) (39, 28, 37, 5) (9, 19, 11, 7, 2) (33, 43, 35, 31, 26) (0, 6, 3, 1) (24, 30, 27, 25) "
"OP(4,4,5,5,3,3,3,3)",0,Solved,"0,1150"," (4t+2)","0,1191","(\infty, 35, \infty, 11) (34, 37, 10, 13) (40, 27, 2, 31, 42) (16, 3, 26, 7, 18) (47, 9, 25) (23, 33, 1) (43, 15, 24) (19, 39, 0) "
"OP(10,10,5,5,4,4,4,4,4)",0,Solved,"0,0820"," (4t+2)","0,0860","(\infty, 17, 2, 3, 1, \infty, 25, 27, 26, 41) (7, 11, 22, 9, 19, 31, 35, 46, 33, 43) (4, 13, 8, 5, 45) (28, 37, 32, 29, 21) (10, 38, 12, 44) (34, 14, 36, 20) (15, 40, 23, 42) (39, 16, 47, 18) (6, 0, 30, 24) "
"OP(10,10,5,5,4,4,3,3,3,3)",0,Solved,"0,2540"," (4t+2)","0,2588","(\infty, 10, 23, 22, 8, \infty, 32, 46, 47, 34) (4, 0, 11, 42, 13, 28, 24, 35, 18, 37) (12, 6, 3, 5, 21) (36, 30, 27, 29, 45) (40, 20, 41, 15) (16, 44, 17, 39) (2, 14, 7) (26, 38, 31) (9, 19, 1) (33, 43, 25) "
"OP(4,4,4,4,4,4,3,3)",0,Solved,"0,0620"," (4t+2)","0,0658","(\infty, 5, \infty, 29) (6, 14, 45, 15) (30, 38, 21, 39) (9, 19, 34, 22) (33, 43, 10, 46) (0, 2, 24, 26) (3, 7, 13) (27, 31, 37) "
"OP(4,4,4,3,3,3,3,3,3)",0,Solved,"0,1260"," (4t+2)","0,1304","(\infty, 40, \infty, 16) (17, 38, 10, 6) (41, 14, 34, 30) (0, 9, 35) (24, 33, 11) (43, 7, 25) (19, 31, 1) (32, 46, 27) (8, 22, 3) "
"OP(10,10,4,4,4,4,4,4,3,3)",0,Solved,"0,0840"," (4t+2)","0,0955","(\infty, 7, 2, 6, 17, \infty, 41, 30, 26, 31) (9, 39, 23, 13, 0, 33, 15, 47, 37, 24) (45, 16, 42, 14) (21, 40, 18, 38) (3, 11, 12, 5) (27, 35, 36, 29) (20, 8, 22, 43) (44, 32, 46, 19) (4, 10, 1) (28, 34, 25) "
"OP(10,10,4,4,4,3,3,3,3,3,3)",0,Solved,"0,3350"," (4t+2)","0,3384","(\infty, 10, 41, 16, 46, \infty, 22, 40, 17, 34) (12, 2, 8, 0, 9, 36, 26, 32, 24, 33) (45, 19, 47, 13) (21, 43, 23, 37) (6, 1, 30, 25) (7, 11, 4) (31, 35, 28) (14, 3, 15) (38, 27, 39) (18, 20, 5) (42, 44, 29) "
"OP(10,10,3,3,3,3,3,3,3,3,3,3)",0,Solved,"0,2820"," (4t+2)","0,2854","(\infty, 47, 4, 26, 3, \infty, 27, 2, 28, 23) (41, 35, 24, 7, 45, 17, 11, 0, 31, 21) (6, 38, 25) (30, 14, 1) (39, 43, 40) (15, 19, 16) (33, 42, 12) (9, 18, 36) (37, 29, 44) (13, 5, 20) (46, 32, 34) (22, 8, 10) "
"OP(10,9,9,9,9,4)",0,Solved,"0,0410"," (4t+2)","0,0454","(\infty, 25, 20, 43, 27, \infty, 3, 19, 44, 1) (34, 41, 6, 2, 42, 15, 14, 29, 23) (10, 17, 30, 26, 18, 39, 38, 5, 47) (40, 12, 24, 21, 11, 28, 37, 8, 22) (16, 36, 0, 45, 35, 4, 13, 32, 46) (31, 33, 7, 9) "
"OP(6,9,9,8)",0,Solved,"0,0590"," (4t+2)","0,0635","(\infty, 46, 16, \infty, 40, 22) (23, 8, 13, 0, 10, 3, 20, 11, 9) (47, 32, 37, 24, 34, 27, 44, 35, 33) (7, 4, 12, 6, 31, 28, 36, 30) "
"OP(8,9,9,6)",0,Solved,"0,0450"," (4t+2)","0,0484","(\infty, 1, 4, 13, \infty, 37, 28, 25) (3, 2, 0, 5, 9, 15, 30, 18, 10) (27, 26, 24, 29, 33, 39, 6, 42, 34) (8, 35, 17, 32, 11, 41) "
"OP(8,9,9,3,3)",0,Solved,"0,0440"," (4t+2)","0,0482","(\infty, 4, 14, 30, \infty, 6, 38, 28) (12, 47, 17, 39, 22, 37, 10, 21, 40) (36, 23, 41, 15, 46, 13, 34, 45, 16) (7, 1, 2) (31, 25, 26) "
"OP(4,9,9,6,4)",0,Solved,"0,0490"," (4t+2)","0,0526","(\infty, 17, \infty, 41) (6, 0, 12, 40, 11, 42, 20, 9, 2) (30, 24, 36, 16, 35, 18, 44, 33, 26) (3, 5, 13, 27, 29, 37) (10, 1, 34, 25) "
"OP(4,9,9,5,5)",0,Solved,"0,0540"," (4t+2)","0,0577","(\infty, 1, \infty, 25) (2, 3, 9, 5, 18, 45, 16, 46, 12) (26, 27, 33, 29, 42, 21, 40, 22, 36) (10, 7, 0, 11, 43) (34, 31, 24, 35, 19) "
"OP(6,9,9,4,4)",0,Solved,"0,0700"," (4t+2)","0,0733","(\infty, 15, 45, \infty, 21, 39) (1, 6, 12, 28, 16, 9, 5, 2, 0) (25, 30, 36, 4, 40, 33, 29, 26, 24) (18, 8, 22, 43) (42, 32, 46, 19) "
"OP(4,9,9,4,3,3)",0,Solved,"0,0490"," (4t+2)","0,0531","(\infty, 38, \infty, 14) (10, 32, 7, 36, 5, 40, 2, 42, 44) (34, 8, 31, 12, 29, 16, 26, 18, 20) (21, 30, 45, 6) (46, 43, 37) (22, 19, 13) "
"OP(10,9,9,8,8,6)",0,Solved,"0,0680"," (4t+2)","0,0736","(\infty, 3, 4, 6, 9, \infty, 33, 30, 28, 27) (13, 29, 18, 10, 1, 16, 26, 14, 8) (37, 5, 42, 34, 25, 40, 2, 38, 32) (41, 23, 45, 22, 36, 19, 39, 20) (17, 47, 21, 46, 12, 43, 15, 44) (0, 7, 11, 24, 31, 35) "
"OP(10,9,9,8,8,3,3)",0,Solved,"0,0490"," (4t+2)","0,0539","(\infty, 2, 4, 7, 6, \infty, 30, 31, 28, 26) (10, 19, 33, 16, 27, 17, 47, 21, 42) (34, 43, 9, 40, 3, 41, 23, 45, 18) (14, 22, 15, 35, 12, 0, 13, 8) (38, 46, 39, 11, 36, 24, 37, 32) (1, 20, 5) (25, 44, 29) "
"OP(10,9,9,8,7,7)",0,Solved,"0,0560"," (4t+2)","0,0601","(\infty, 2, 4, 5, 10, \infty, 34, 29, 28, 26) (7, 21, 37, 16, 27, 17, 43, 35, 22) (31, 45, 13, 40, 3, 41, 19, 11, 46) (42, 33, 15, 38, 18, 9, 39, 14) (6, 0, 12, 8, 1, 20, 23) (30, 24, 36, 32, 25, 44, 47) "
"OP(4,9,9,7,7,4,10)",0,Solved,"0,0420"," (4t+2)","0,0462","(\infty, 35, \infty, 11) (46, 44, 36, 3, 39, 5, 33, 1, 24) (22, 20, 12, 27, 15, 29, 9, 25, 0) (4, 31, 26, 45, 34, 43, 42) (28, 7, 2, 21, 10, 19, 18) (38, 32, 14, 8) (47, 40, 37, 41, 6, 23, 16, 13, 17, 30) "
"OP(4,9,9,8,5,5,10)",0,Solved,"0,0940"," (4t+2)","0,0977","(\infty, 18, \infty, 42) (32, 15, 11, 5, 0, 7, 4, 40, 22) (8, 39, 35, 29, 24, 31, 28, 16, 46) (45, 6, 17, 37, 21, 30, 41, 13) (1, 3, 2, 10, 36) (25, 27, 26, 34, 12) (33, 19, 44, 23, 38, 9, 43, 20, 47, 14) "
"OP(10,9,9,8,6,4,4)",0,Solved,"0,0540"," (4t+2)","0,0576","(\infty, 16, 46, 13, 44, \infty, 20, 37, 22, 40) (3, 5, 14, 15, 4, 0, 21, 11, 6) (27, 29, 38, 39, 28, 24, 45, 35, 30) (1, 7, 19, 41, 25, 31, 43, 17) (9, 2, 10, 33, 26, 34) (8, 36, 23, 42) (32, 12, 47, 18) "
"OP(10,9,9,8,5,5,4)",0,Solved,"0,0460"," (4t+2)","0,0502","(\infty, 2, 4, 7, 6, \infty, 30, 31, 28, 26) (13, 45, 33, 16, 27, 17, 42, 22, 43) (37, 21, 9, 40, 3, 41, 18, 46, 19) (36, 23, 15, 34, 12, 47, 39, 10) (5, 0, 14, 8, 1) (29, 24, 38, 32, 25) (20, 11, 44, 35) "
"OP(4,9,9,8,4,10,3,3)",0,Solved,"0,0430"," (4t+2)","0,0476","(\infty, 7, \infty, 31) (3, 13, 16, 45, 12, 35, 23, 44, 14) (27, 37, 40, 21, 36, 11, 47, 20, 38) (41, 15, 10, 1, 17, 39, 34, 25) (2, 19, 26, 43) (46, 18, 4, 5, 9, 22, 42, 28, 29, 33) (0, 8, 6) (24, 32, 30) "
"OP(10,9,9,8,4,4,3,3)",0,Solved,"0,1470"," (4t+2)","0,1515","(\infty, 15, 8, 17, 13, \infty, 37, 41, 32, 39) (1, 28, 46, 44, 16, 10, 11, 0, 14) (25, 4, 22, 20, 40, 34, 35, 24, 38) (45, 9, 19, 36, 21, 33, 43, 12) (47, 42, 26, 7) (23, 18, 2, 31) (29, 3, 6) (5, 27, 30) "
"OP(4,9,9,7,7,4,10)",0,Solved,"0,0390"," (4t+2)","0,0433","(\infty, 35, \infty, 11) (46, 44, 36, 3, 39, 5, 33, 1, 24) (22, 20, 12, 27, 15, 29, 9, 25, 0) (4, 31, 26, 45, 34, 43, 42) (28, 7, 2, 21, 10, 19, 18) (38, 32, 14, 8) (47, 40, 37, 41, 6, 23, 16, 13, 17, 30) "
"OP(10,9,9,7,7,4,4)",0,Solved,"0,0600"," (4t+2)","0,0641","(\infty, 43, 16, 47, 17, \infty, 41, 23, 40, 19) (8, 1, 5, 6, 18, 7, 2, 4, 14) (32, 25, 29, 30, 42, 31, 26, 28, 38) (15, 34, 9, 22, 36, 21, 37) (39, 10, 33, 46, 12, 45, 13) (3, 0, 20, 11) (27, 24, 44, 35) "
"OP(4,9,9,6,6,6,10)",0,Solved,"0,0770"," (4t+2)","0,0812","(\infty, 35, \infty, 11) (0, 1, 4, 17, 34, 20, 13, 21, 6) (24, 25, 28, 41, 10, 44, 37, 45, 30) (32, 14, 2, 46, 3, 5) (8, 38, 26, 22, 27, 29) (23, 12, 31, 47, 36, 7) (9, 18, 40, 15, 43, 33, 42, 16, 39, 19) "
"OP(6,9,9,6,6,10,4)",0,Solved,"0,1240"," (4t+2)","0,1289","(\infty, 12, 38, \infty, 14, 36) (0, 9, 16, 21, 34, 46, 17, 42, 11) (24, 33, 40, 45, 10, 22, 41, 18, 35) (7, 39, 19, 4, 1, 3) (31, 15, 43, 28, 25, 27) (6, 5, 13, 23, 44, 30, 29, 37, 47, 20) (2, 8, 26, 32) "
"OP(4,9,9,6,6,10,3,3)",0,Solved,"0,0610"," (4t+2)","0,0658","(\infty, 44, \infty, 20) (39, 28, 43, 24, 2, 33, 36, 29, 11) (15, 4, 19, 0, 26, 9, 12, 5, 35) (6, 27, 25, 37, 47, 38) (30, 3, 1, 13, 23, 14) (41, 46, 42, 34, 40, 17, 22, 18, 10, 16) (32, 45, 31) (8, 21, 7) "
"OP(6,9,9,6,10,5,5)",0,Solved,"0,0820"," (4t+2)","0,0853","(\infty, 46, 20, \infty, 44, 22) (42, 41, 16, 4, 8, 0, 5, 11, 39) (18, 17, 40, 28, 32, 24, 29, 35, 15) (13, 3, 10, 37, 27, 34) (9, 43, 30, 21, 2, 33, 19, 6, 45, 26) (7, 25, 36, 38, 23) (31, 1, 12, 14, 47) "
"OP(6,9,9,6,10,4,3,3)",0,Solved,"0,2110"," (4t+2)","0,2148","(\infty, 46, 16, \infty, 40, 22) (11, 23, 3, 18, 39, 20, 4, 5, 45) (35, 47, 27, 42, 15, 44, 28, 29, 21) (8, 6, 9, 32, 30, 33) (17, 12, 2, 13, 19, 41, 36, 26, 37, 43) (0, 7, 24, 31) (10, 1, 14) (34, 25, 38) "
"OP(4,9,9,6,4,4,4,10)",0,Solved,"0,1260"," (4t+2)","0,1295","(\infty, 22, \infty, 46) (1, 12, 7, 0, 17, 42, 20, 47, 19) (25, 36, 31, 24, 41, 18, 44, 23, 43) (13, 10, 39, 37, 34, 15) (5, 9, 21, 6) (29, 33, 45, 30) (4, 14, 28, 38) (8, 2, 11, 3, 16, 32, 26, 35, 27, 40) "
"OP(4,9,9,6,10,3,3,3,3)",0,Solved,"0,1090"," (4t+2)","0,1128","(\infty, 9, \infty, 33) (20, 21, 34, 18, 13, 17, 7, 46, 27) (44, 45, 10, 42, 37, 41, 31, 22, 3) (8, 35, 15, 32, 11, 39) (4, 12, 23, 29, 6, 28, 36, 47, 5, 30) (16, 1, 19) (40, 25, 43) (0, 14, 2) (24, 38, 26) "
"OP(10,9,9,6,6,6,4)",0,Solved,"0,0600"," (4t+2)","0,0645","(\infty, 39, 43, 5, 31, \infty, 7, 29, 19, 15) (37, 42, 26, 41, 1, 24, 45, 36, 38) (13, 18, 2, 17, 25, 0, 21, 12, 14) (33, 40, 6, 35, 32, 44) (9, 16, 30, 11, 8, 20) (3, 34, 47, 27, 10, 23) (28, 46, 4, 22) "
"OP(10,9,9,6,6,5,5)",0,Solved,"0,0670"," (4t+2)","0,0728","(\infty, 4, 38, 25, 36, \infty, 12, 1, 14, 28) (45, 42, 46, 34, 3, 33, 5, 37, 43) (21, 18, 22, 10, 27, 9, 29, 13, 19) (35, 44, 39, 40, 32, 6) (11, 20, 15, 16, 8, 30) (31, 41, 26, 47, 24) (7, 17, 2, 23, 0) "
"OP(10,9,9,6,6,4,3,3)",0,Solved,"0,1380"," (4t+2)","0,1419","(\infty, 24, 39, 32, 26, \infty, 2, 8, 15, 0) (47, 25, 41, 29, 38, 36, 40, 6, 37) (23, 1, 17, 5, 14, 12, 16, 30, 13) (35, 7, 28, 33, 3, 22) (11, 31, 4, 9, 27, 46) (44, 43, 20, 19) (42, 34, 45) (18, 10, 21) "
"OP(10,9,9,6,5,5,3,3)",0,Solved,"0,0820"," (4t+2)","0,0856","(\infty, 43, 30, 35, 3, \infty, 27, 11, 6, 19) (41, 44, 45, 1, 34, 7, 37, 46, 29) (17, 20, 21, 25, 10, 31, 13, 22, 5) (38, 36, 42, 14, 12, 18) (32, 9, 47, 28, 39) (8, 33, 23, 4, 15) (40, 0, 26) (16, 24, 2) "
"OP(4,9,9,5,5,4,4,10)",0,Solved,"0,0420"," (4t+2)","0,0461","(\infty, 22, \infty, 46) (1, 7, 8, 21, 36, 6, 2, 4, 9) (25, 31, 32, 45, 12, 30, 26, 28, 33) (10, 3, 0, 11, 20) (34, 27, 24, 35, 44) (15, 42, 16, 47) (39, 18, 40, 23) (38, 19, 5, 17, 37, 14, 43, 29, 41, 13) "
"OP(10,9,9,6,4,4,4,4)",0,Solved,"0,0450"," (4t+2)","0,0502","(\infty, 14, 45, 18, 44, \infty, 20, 42, 21, 38) (10, 2, 3, 13, 29, 15, 43, 32, 17) (34, 26, 27, 37, 5, 39, 19, 8, 41) (12, 7, 1, 36, 31, 25) (4, 6, 9, 0) (28, 30, 33, 24) (22, 47, 11, 40) (46, 23, 35, 16) "
"OP(10,9,9,6,4,3,3,3,3)",0,Solved,"0,2040"," (4t+2)","0,2078","(\infty, 44, 13, 42, 38, \infty, 14, 18, 37, 20) (2, 32, 17, 39, 36, 28, 16, 0, 7) (26, 8, 41, 15, 12, 4, 40, 24, 31) (1, 22, 35, 25, 46, 11) (29, 6, 5, 30) (45, 43, 34) (21, 19, 10) (9, 3, 23) (33, 27, 47) "
"OP(4,9,9,4,4,5,5,10)",0,Solved,"0,0410"," (4t+2)","0,0450","(\infty, \infty, 23, 47) (3, 6, 18, 44, 11, 43, 22, 41, 13) (27, 30, 42, 20, 35, 19, 46, 17, 37) (7, 12, 5, 1) (31, 36, 29, 25) (2, 10, 40, 15, 4) (26, 34, 16, 39, 28) (8, 9, 0, 14, 45, 32, 33, 24, 38, 21) "
"OP(10,9,9,5,5,4,4,4)",0,Solved,"0,1240"," (4t+2)","0,1281","(\infty, 11, 12, 39, 7, \infty, 31, 15, 36, 35) (23, 4, 6, 21, 9, 1, 40, 3, 46) (47, 28, 30, 45, 33, 25, 16, 27, 22) (43, 2, 20, 37, 17) (19, 26, 44, 13, 41) (8, 5, 18, 14) (32, 29, 42, 38) (0, 10, 24, 34) "
"OP(10,9,9,5,5,3,3,3,3)",0,Solved,"0,1230"," (4t+2)","0,1266","(\infty, 41, 13, 34, 11, \infty, 35, 10, 37, 17) (21, 38, 1, 0, 4, 19, 3, 32, 23) (45, 14, 25, 24, 28, 43, 27, 8, 47) (2, 7, 15, 33, 36) (26, 31, 39, 9, 12) (5, 46, 40) (29, 22, 16) (44, 6, 18) (20, 30, 42) "
"OP(4,9,9,4,4,4,10,3,3)",0,Solved,"0,0480"," (4t+2)","0,0514","(\infty, 10, \infty, 34) (4, 6, 9, 14, 29, 40, 15, 7, 0) (28, 30, 33, 38, 5, 16, 39, 31, 24) (2, 3, 12, 18) (26, 27, 36, 42) (13, 23, 37, 47) (19, 45, 17, 35, 22, 43, 21, 41, 11, 46) (1, 20, 32) (25, 44, 8) "
"OP(10,9,9,4,4,4,4,3,3)",0,Solved,"0,1980"," (4t+2)","0,2018","(\infty, 12, 22, 9, 6, \infty, 30, 33, 46, 36) (27, 32, 44, 0, 2, 17, 1, 29, 38) (3, 8, 20, 24, 26, 41, 25, 5, 14) (16, 43, 18, 47) (40, 19, 42, 23) (4, 45, 11, 10) (28, 21, 35, 34) (39, 13, 31) (15, 37, 7) "
"OP(10,9,9,4,3,3,3,3,3,3)",0,Solved,"0,3000"," (4t+2)","0,3041","(\infty, 14, 23, 10, 2, \infty, 26, 34, 47, 38) (8, 5, 21, 39, 18, 12, 11, 33, 19) (32, 29, 45, 15, 42, 36, 35, 9, 43) (4, 0, 28, 24) (17, 40, 7) (41, 16, 31) (13, 6, 1) (37, 30, 25) (22, 20, 3) (46, 44, 27) "
"OP(8,8,8,8)",0,Solved,"0,0460"," (4t+2)","0,0506","(\infty, 10, 23, 12, \infty, 36, 47, 34) (6, 15, 37, 17, 7, 0, 18, 2) (30, 39, 13, 41, 31, 24, 42, 26) (33, 16, 35, 21, 9, 40, 11, 45) "
"OP(4,8,8,8,4)",0,Solved,"0,0590"," (4t+2)","0,0637","(\infty, 14, \infty, 38) (22, 32, 16, 10, 5, 12, 20, 35) (46, 8, 40, 34, 29, 36, 44, 11) (7, 3, 2, 0, 31, 27, 26, 24) (4, 1, 28, 25) "
"OP(10,9,8,8,7,5,3)",,Infeasible,,Table config is not valid,,
"OP(8,8,8,4,4)",0,Solved,"0,0840"," (4t+2)","0,0888","(\infty, 30, 3, 0, \infty, 24, 27, 6) (37, 20, 39, 23, 35, 21, 12, 22) (13, 44, 15, 47, 11, 45, 36, 46) (10, 5, 1, 7) (34, 29, 25, 31) "
"OP(4,8,8,6,6)",0,Solved,"0,0090"," (4t+2)","0,0132","(\infty, 1, \infty, 25) (4, 3, 6, 2, 0, 5, 17, 10) (28, 27, 30, 26, 24, 29, 41, 34) (7, 15, 32, 21, 35, 16) (31, 39, 8, 45, 11, 40) "
"OP(6,8,8,6,4)",0,Solved,"0,2370"," (4t+2)","0,2412","(\infty, 44, 32, \infty, 8, 20) (12, 28, 47, 25, 40, 38, 11, 7) (36, 4, 23, 1, 16, 14, 35, 31) (15, 5, 33, 39, 29, 9) (3, 17, 27, 41) "
"OP(4,8,8,6,3,3)",0,Solved,"0,0490"," (4t+2)","0,0531","(\infty, 22, \infty, 46) (34, 27, 36, 40, 39, 21, 13, 47) (10, 3, 12, 16, 15, 45, 37, 23) (29, 44, 42, 5, 20, 18) (6, 0, 25) (30, 24, 1) "
"OP(6,8,8,5,5)",0,Solved,"0,0900"," (4t+2)","0,0935","(\infty, 0, 2, \infty, 26, 24) (3, 6, 5, 9, 15, 4, 16, 8) (27, 30, 29, 33, 39, 28, 40, 32) (7, 14, 23, 36, 18) (31, 38, 47, 12, 42) "
"OP(6,8,8,4,3,3)",0,Solved,"0,2110"," (4t+2)","0,2155","(\infty, 24, 28, \infty, 4, 0) (47, 45, 6, 3, 41, 42, 36, 11) (23, 21, 30, 27, 17, 18, 12, 35) (44, 10, 20, 34) (39, 8, 38) (15, 32, 14) "
"OP(4,8,8,4,4,4)",0,Solved,"0,0400"," (4t+2)","0,0446","(\infty, 9, \infty, 33) (6, 11, 10, 43, 45, 23, 2, 22) (30, 35, 34, 19, 21, 47, 26, 46) (0, 4, 1, 40) (24, 28, 25, 16) (8, 38, 32, 14) "
"OP(4,8,8,3,3,3,3)",0,Solved,"0,0380"," (4t+2)","0,0412","(\infty, 11, \infty, 35) (20, 36, 22, 9, 2, 5, 0, 8) (44, 12, 46, 33, 26, 29, 24, 32) (19, 18, 47) (43, 42, 23) (14, 4, 13) (38, 28, 37) "
"OP(4,8,7,7,6)",0,Solved,"0,0470"," (4t+2)","0,0514","(\infty, 15, \infty, 39) (41, 8, 5, 3, 17, 32, 29, 27) (21, 22, 11, 4, 0, 18, 9) (45, 46, 35, 28, 24, 42, 33) (6, 1, 7, 30, 25, 31) "
"OP(6,8,7,7,4)",0,Solved,"0,0630"," (4t+2)","0,0673","(\infty, 12, 38, \infty, 14, 36) (11, 24, 43, 20, 35, 0, 19, 44) (16, 5, 3, 13, 6, 2, 7) (40, 29, 27, 37, 30, 26, 31) (41, 10, 17, 34) "
"OP(4,8,7,7,3,3)",0,Solved,"0,0430"," (4t+2)","0,0466","(\infty, 4, \infty, 28) (6, 16, 32, 45, 30, 40, 8, 21) (44, 13, 39, 14, 41, 22, 10) (20, 37, 15, 38, 17, 46, 34) (7, 1, 2) (31, 25, 26) "
"OP(8,8,6,6,4)",0,Solved,"0,1480"," (4t+2)","0,1525","(\infty, 16, 38, 0, \infty, 24, 14, 40) (2, 11, 30, 12, 26, 35, 6, 36) (18, 22, 23, 34, 7, 4) (42, 46, 47, 10, 31, 28) (37, 17, 13, 41) "
"OP(8,8,6,5,5)",0,Solved,"0,0710"," (4t+2)","0,0758","(\infty, 30, 3, 0, \infty, 24, 27, 6) (8, 18, 35, 46, 32, 42, 11, 22) (19, 41, 12, 43, 17, 36) (40, 10, 5, 1, 7) (16, 34, 29, 25, 31) "
"OP(8,8,6,4,3,3)",0,Solved,"0,1810"," (4t+2)","0,1862","(\infty, 45, 44, 35, \infty, 11, 20, 21) (8, 37, 43, 15, 32, 13, 19, 39) (46, 36, 9, 22, 12, 33) (2, 17, 26, 41) (6, 40, 14) (30, 16, 38) "
"OP(8,8,5,5,3,3)",0,Solved,"0,0870"," (4t+2)","0,0901","(\infty, 2, 3, 0, \infty, 24, 27, 26) (4, 10, 29, 16, 28, 34, 5, 40) (7, 17, 9, 36, 22) (31, 41, 33, 12, 46) (38, 23, 43) (14, 47, 19) "
"OP(10,9,8,7,5,4,4,3)",,Infeasible,,Table config is not valid,,
"OP(8,8,4,4,4,4)",0,Solved,"0,1430"," (4t+2)","0,1474","(\infty, 0, 29, 38, \infty, 14, 5, 24) (10, 31, 1, 44, 34, 7, 25, 20) (27, 35, 33, 2) (3, 11, 9, 26) (37, 41, 19, 42) (13, 17, 43, 18) "
"OP(8,8,4,3,3,3,3)",0,Solved,"0,0370"," (4t+2)","0,0409","(\infty, 10, 31, 36, \infty, 12, 7, 34) (44, 9, 38, 21, 20, 33, 14, 45) (3, 17, 27, 41) (1, 16, 18) (25, 40, 42) (28, 19, 13) (4, 43, 37) "
"OP(6,8,6,6,6)",0,Solved,"0,0560"," (4t+2)","0,0612","(\infty, 21, 47, \infty, 23, 45) (8, 41, 18, 5, 32, 17, 42, 29) (19, 0, 10, 7, 46, 15) (43, 24, 34, 31, 22, 39) (12, 11, 4, 36, 35, 28) "
"OP(6,8,6,6,3,3)",0,Solved,"0,0510"," (4t+2)","0,0553","(\infty, 4, 12, \infty, 36, 28) (5, 14, 21, 9, 29, 38, 45, 33) (6, 10, 15, 0, 2, 3) (30, 34, 39, 24, 26, 27) (8, 40, 13) (32, 16, 37) "
"OP(4,8,6,6,4,4)",0,Solved,"0,0440"," (4t+2)","0,0487","(\infty, 20, \infty, 44) (3, 13, 30, 15, 27, 37, 6, 39) (45, 19, 42, 22, 38, 11) (21, 43, 18, 46, 14, 35) (4, 7, 1, 2) (28, 31, 25, 26) "
"OP(4,8,6,5,5,4)",0,Solved,"0,0460"," (4t+2)","0,0498","(\infty, 1, \infty, 25) (12, 3, 9, 2, 36, 27, 33, 26) (0, 22, 43, 24, 46, 19) (4, 8, 23, 6, 14) (28, 32, 47, 30, 38) (18, 7, 42, 31) "
"OP(6,8,6,4,4,4)",0,Solved,"0,1080"," (4t+2)","0,1119","(\infty, 6, 20, \infty, 44, 30) (2, 43, 4, 16, 26, 19, 28, 40) (9, 13, 36, 33, 37, 12) (23, 34, 18, 5) (47, 10, 42, 29) (3, 8, 27, 32) "
"OP(6,8,6,3,3,3,3)",0,Solved,"0,1360"," (4t+2)","0,1399","(\infty, 46, 14, \infty, 38, 22) (18, 6, 43, 17, 42, 30, 19, 41) (3, 36, 8, 27, 12, 32) (39, 21, 28) (15, 45, 4) (25, 33, 16) (1, 9, 40) "
"OP(4,8,6,4,4,3,3)",0,Solved,"0,1210"," (4t+2)","0,1247","(\infty, 41, \infty, 17) (28, 35, 25, 47, 4, 11, 1, 23) (42, 46, 26, 18, 22, 2) (33, 45, 20, 31) (9, 21, 44, 7) (40, 6, 36) (16, 30, 12) "
"OP(4,8,5,5,5,5)",0,Solved,"0,0410"," (4t+2)","0,0455","(\infty, 21, \infty, 45) (43, 14, 5, 3, 19, 38, 29, 27) (15, 32, 11, 4, 0) (39, 8, 35, 28, 24) (20, 9, 6, 1, 7) (44, 33, 30, 25, 31) "
"OP(6,8,5,5,4,4)",0,Solved,"0,1010"," (4t+2)","0,1058","(\infty, 13, 45, \infty, 21, 37) (2, 12, 5, 0, 26, 36, 29, 24) (1, 9, 22, 43, 18) (25, 33, 46, 19, 42) (7, 3, 4, 10) (31, 27, 28, 34) "
"OP(4,8,5,5,4,3,3)",0,Solved,"0,0650"," (4t+2)","0,0696","(\infty, 22, \infty, 46) (21, 12, 19, 3, 45, 36, 43, 27) (47, 11, 32, 4, 0) (23, 35, 8, 28, 24) (20, 34, 44, 10) (40, 17, 30) (16, 41, 6) "
"OP(6,8,4,4,4,3,3)",0,Solved,"0,1530"," (4t+2)","0,1578","(\infty, 43, 17, \infty, 41, 19) (14, 46, 12, 11, 38, 22, 36, 35) (39, 21, 8, 0) (15, 45, 32, 24) (10, 30, 34, 6) (13, 4, 16) (37, 28, 40) "
"OP(6,8,3,3,3,3,3,3)",0,Solved,"0,0800"," (4t+2)","0,0838","(\infty, 47, 33, \infty, 9, 23) (40, 27, 26, 43, 16, 3, 2, 19) (46, 17, 28) (22, 41, 4) (6, 36, 8) (30, 12, 32) (31, 38, 0) (7, 14, 24) "
"OP(4,8,4,4,4,4,4)",0,Solved,"0,0400"," (4t+2)","0,0444","(\infty, 16, \infty, 40) (9, 5, 6, 3, 33, 29, 30, 27) (11, 46, 14, 4) (35, 22, 38, 28) (0, 15, 43, 12) (24, 39, 19, 36) (1, 23, 25, 47) "
"OP(4,8,4,4,3,3,3,3)",0,Solved,"0,1650"," (4t+2)","0,1697","(\infty, 9, \infty, 33) (26, 19, 0, 22, 2, 43, 24, 46) (1, 3, 36, 6) (25, 27, 12, 30) (35, 44, 13) (11, 20, 37) (5, 40, 41) (29, 16, 17) "
"OP(4,7,7,7,7)",0,Solved,"0,0400"," (4t+2)","0,0441","(\infty, 14, \infty, 38) (45, 15, 3, 19, 46, 36, 23) (21, 39, 27, 43, 22, 12, 47) (4, 7, 32, 18, 10, 1, 2) (28, 31, 8, 42, 34, 25, 26) "
"OP(8,7,7,6,4)",0,Solved,"0,0790"," (4t+2)","0,0829","(\infty, 5, 40, 15, \infty, 39, 16, 29) (41, 11, 9, 1, 21, 20, 42) (17, 35, 33, 25, 45, 44, 18) (10, 22, 14, 34, 46, 38) (8, 12, 32, 36) "
"OP(8,7,7,5,5)",0,Solved,"0,0470"," (4t+2)","0,0534","(\infty, 20, 43, 22, \infty, 46, 19, 44) (16, 4, 17, 32, 21, 47, 37) (40, 28, 41, 8, 45, 23, 13) (6, 36, 7, 1, 2) (30, 12, 31, 25, 26) "
"OP(8,7,7,4,3,3)",0,Solved,"0,1000"," (4t+2)","0,1037","(\infty, 9, 20, 25, \infty, 1, 44, 33) (43, 37, 14, 15, 6, 4, 22) (19, 13, 38, 39, 30, 28, 46) (5, 17, 29, 41) (40, 12, 47) (16, 36, 23) "
"OP(6,7,7,6,6)",0,Solved,"0,0530"," (4t+2)","0,0574","(\infty, 4, 12, \infty, 36, 28) (5, 14, 21, 33, 46, 32, 16) (29, 38, 45, 9, 22, 8, 40) (0, 2, 3, 6, 10, 15) (24, 26, 27, 30, 34, 39) "
"OP(6,7,7,6,3,3)",0,Solved,"0,0850"," (4t+2)","0,0899","(\infty, 25, 7, \infty, 31, 1) (39, 36, 41, 45, 9, 37, 26) (15, 12, 17, 21, 33, 13, 2) (44, 27, 46, 20, 3, 22) (38, 28, 35) (14, 4, 11) "
"OP(4,7,7,6,4,4)",0,Solved,"0,0450"," (4t+2)","0,0489","(\infty, 13, \infty, 37) (43, 16, 8, 20, 3, 23, 10) (19, 40, 32, 44, 27, 47, 34) (0, 4, 42, 24, 28, 18) (14, 46, 21, 7) (38, 22, 45, 31) "
"OP(4,7,7,5,5,4)",0,Solved,"0,1140"," (4t+2)","0,1182","(\infty, 34, \infty, 10) (3, 4, 6, 9, 13, 19, 12) (27, 28, 30, 33, 37, 43, 36) (15, 26, 8, 16, 1) (39, 2, 32, 40, 25) (0, 5, 24, 29) "
"OP(6,7,7,4,4,4)",0,Solved,"0,1670"," (4t+2)","0,1705","(\infty, 2, 40, \infty, 16, 26) (0, 6, 20, 41, 9, 18, 13) (24, 30, 44, 17, 33, 42, 37) (19, 38, 7, 11) (43, 14, 31, 35) (22, 45, 46, 21) "
"OP(6,7,7,3,3,3,3)",0,Solved,"0,1150"," (4t+2)","0,1194","(\infty, 45, 5, \infty, 29, 21) (30, 37, 7, 35, 40, 44, 47) (6, 13, 31, 11, 16, 20, 23) (14, 27, 2) (38, 3, 26) (24, 39, 25) (0, 15, 1) "
"OP(4,7,7,4,4,3,3)",0,Solved,"0,0510"," (4t+2)","0,0558","(\infty, 21, \infty, 45) (8, 1, 13, 44, 18, 4, 5) (32, 25, 37, 20, 42, 28, 29) (3, 11, 41, 12) (27, 35, 17, 36) (40, 15, 2) (16, 39, 26) "
"OP(8,6,6,6,6)",0,Solved,"0,0470"," (4t+2)","0,0503","(\infty, 1, 4, 13, \infty, 37, 28, 25) (3, 2, 0, 5, 9, 15) (27, 26, 24, 29, 33, 39) (30, 18, 10, 14, 35, 17) (6, 42, 34, 38, 11, 41) "
"OP(8,6,6,6,3,3)",0,Solved,"0,0460"," (4t+2)","0,0502","(\infty, 15, 4, 13, \infty, 37, 28, 39) (34, 17, 38, 18, 6, 20) (10, 41, 14, 42, 30, 44) (36, 23, 8, 12, 47, 32) (7, 1, 2) (31, 25, 26) "
"OP(10,9,7,6,6,5,4,3)",,Infeasible,,Table config is not valid,,
"OP(8,6,6,4,4,4)",0,Solved,"0,2440"," (4t+2)","0,2477","(\infty, 21, 11, 5, \infty, 29, 35, 45) (40, 13, 33, 15, 2, 10) (16, 37, 9, 39, 26, 34) (22, 7, 6, 20) (46, 31, 30, 44) (36, 47, 12, 23) "
"OP(8,6,6,3,3,3,3)",0,Solved,"0,0740"," (4t+2)","0,0784","(\infty, 6, 9, 4, \infty, 28, 33, 30) (11, 46, 23, 44, 15, 0) (35, 22, 47, 20, 39, 24) (16, 5, 12) (40, 29, 36) (18, 1, 10) (42, 25, 34) "
"OP(10,9,7,6,5,5,5,3)",,Infeasible,,Table config is not valid,,
"OP(8,6,5,5,4,4)",0,Solved,"0,1150"," (4t+2)","0,1212","(\infty, 20, 43, 22, \infty, 46, 19, 44) (2, 4, 15, 26, 28, 39) (16, 32, 47, 17, 45) (40, 8, 23, 41, 21) (10, 14, 0, 9) (34, 38, 24, 33) "
"OP(10,9,7,6,5,4,3,3,3)",,Infeasible,,Table config is not valid,,
"OP(8,6,4,4,4,3,3)",0,Solved,"0,4950"," (4t+2)","0,4985","(\infty, 15, 44, 17, \infty, 41, 20, 39) (12, 21, 9, 36, 45, 33) (43, 18, 8, 7) (19, 42, 32, 31) (1, 4, 25, 28) (37, 11, 0) (13, 35, 24) "
"OP(8,6,3,3,3,3,3,3)",0,Solved,"0,0870"," (4t+2)","0,0919","(\infty, 29, 47, 21, \infty, 45, 23, 5) (31, 17, 34, 7, 41, 10) (22, 6, 43) (46, 30, 19) (36, 38, 35) (12, 14, 11) (40, 1, 26) (16, 25, 2) "
"OP(8,5,5,5,5,4)",0,Solved,"0,0910"," (4t+2)","0,0945","(\infty, 12, 13, 10, \infty, 34, 37, 36) (15, 40, 4, 14, 22) (39, 16, 28, 38, 46) (8, 21, 43, 6, 0) (32, 45, 19, 30, 24) (41, 20, 17, 44) "
"OP(10,9,7,5,5,5,3,3,3)",,Infeasible,,Table config is not valid,,
"OP(8,5,5,4,4,3,3)",0,Solved,"0,0970"," (4t+2)","0,1006","(\infty, 26, 42, 12, \infty, 36, 18, 2) (7, 4, 10, 17, 39) (31, 28, 34, 41, 15) (6, 23, 46, 19) (30, 47, 22, 43) (3, 1, 5) (27, 25, 29) "
"OP(10,9,7,5,4,4,4,4,3)",,Infeasible,,Table config is not valid,,
"OP(10,9,7,5,4,3,3,3,3,3)",,Infeasible,,Table config is not valid,,
"OP(8,4,4,4,4,4,4)",0,Solved,"0,1630"," (4t+2)","0,1673","(\infty, 24, 15, 32, \infty, 8, 39, 0) (11, 27, 37, 44) (35, 3, 13, 20) (46, 4, 23, 10) (22, 28, 47, 34) (7, 6, 1, 21) (31, 30, 25, 45) "
"OP(8,4,4,4,3,3,3,3)",0,Solved,"0,2400"," (4t+2)","0,2431","(\infty, 14, 0, 4, \infty, 28, 24, 38) (37, 12, 39, 23) (13, 36, 15, 47) (40, 10, 16, 34) (21, 41, 22) (45, 17, 46) (2, 11, 18) (26, 35, 42) "
"OP(8,3,3,3,3,3,3,3,3)",0,Solved,"0,0400"," (4t+2)","0,0441","(\infty, 12, 44, 18, \infty, 42, 20, 36) (14, 6, 17) (38, 30, 41) (32, 13, 47) (8, 37, 23) (22, 43, 31) (46, 19, 7) (4, 1, 2) (28, 25, 26) "
"OP(4,6,6,6,6,4)",0,Solved,"0,0440"," (4t+2)","0,0477","(\infty, \infty, 23, 47) (40, 14, 5, 3, 6, 11) (16, 38, 29, 27, 30, 35) (15, 4, 0, 12, 13, 46) (39, 28, 24, 36, 37, 22) (1, 7, 25, 31) "
"OP(4,6,6,6,5,5)",0,Solved,"0,0640"," (4t+2)","0,0678","(\infty, 22, \infty, 46) (6, 2, 10, 42, 15, 5) (30, 26, 34, 18, 39, 29) (4, 7, 14, 28, 31, 38) (20, 45, 19, 37, 0) (44, 21, 43, 13, 24) "
"OP(6,6,6,6,4,4)",0,Solved,"0,0610"," (4t+2)","0,0644","(\infty, 3, 5, \infty, 29, 27) (10, 39, 19, 44, 18, 45) (34, 15, 43, 20, 42, 21) (1, 9, 26, 25, 33, 2) (11, 8, 13, 23) (35, 32, 37, 47) "
"OP(4,6,6,6,4,3,3)",0,Solved,"0,1290"," (4t+2)","0,1330","(\infty, 19, \infty, 43) (8, 0, 1, 3, 39, 2) (32, 24, 25, 27, 15, 26) (4, 7, 11, 28, 31, 35) (5, 10, 29, 34) (9, 18, 41) (33, 42, 17) "
"OP(6,6,6,5,5,4)",0,Solved,"0,0780"," (4t+2)","0,0812","(\infty, 3, 41, \infty, 17, 27) (0, 6, 10, 32, 12, 11) (24, 30, 34, 8, 36, 35) (7, 23, 14, 2, 9) (31, 47, 38, 26, 33) (1, 15, 25, 39) "
"OP(4,6,6,5,5,3,3)",0,Solved,"0,0390"," (4t+2)","0,0429","(\infty, 4, \infty, 28) (5, 12, 17, 33, 22, 13) (29, 36, 41, 9, 46, 37) (6, 10, 0, 2, 3) (30, 34, 24, 26, 27) (8, 42, 19) (32, 18, 43) "
"OP(6,6,6,4,4,3,3)",0,Solved,"0,0490"," (4t+2)","0,0542","(\infty, 31, 13, \infty, 37, 7) (12, 18, 34, 20, 24, 43) (36, 42, 10, 44, 0, 19) (16, 3, 26, 35) (40, 27, 2, 11) (15, 30, 32) (39, 6, 8) "
"OP(4,6,6,4,4,4,4)",0,Solved,"0,0450"," (4t+2)","0,0489","(\infty, 21, \infty, 45) (44, 13, 5, 3, 9, 10) (20, 37, 29, 27, 33, 34) (7, 4, 0, 16) (31, 28, 24, 40) (18, 6, 1, 8) (42, 30, 25, 32) "
"OP(4,6,6,4,3,3,3,3)",0,Solved,"0,0430"," (4t+2)","0,0465","(\infty, 2, \infty, 26) (4, 5, 7, 10, 17, 35) (28, 29, 31, 34, 41, 11) (16, 27, 40, 3) (9, 37, 46) (33, 13, 22) (14, 47, 21) (38, 23, 45) "
"OP(6,6,5,5,5,5)",0,Solved,"0,0750"," (4t+2)","0,0782","(\infty, 35, 45, \infty, 21, 11) (3, 0, 7, 27, 24, 31) (23, 41, 10, 43, 44) (47, 17, 34, 19, 20) (12, 4, 9, 46, 14) (36, 28, 33, 22, 38) "
"OP(6,6,5,5,4,3,3)",0,Solved,"0,2720"," (4t+2)","0,2769","(\infty, 36, 10, \infty, 34, 12) (37, 44, 30, 13, 20, 6) (14, 46, 3, 16, 1) (38, 22, 27, 40, 25) (41, 21, 17, 45) (33, 23, 18) (9, 47, 42) "
"OP(4,6,5,5,4,4,4)",0,Solved,"0,0360"," (4t+2)","0,0403","(\infty, 4, \infty, 28) (6, 38, 47, 30, 14, 23) (43, 31, 5, 35, 0) (19, 7, 29, 11, 24) (8, 37, 16, 15) (32, 13, 40, 39) (41, 45, 17, 21) "
"OP(4,6,5,5,3,3,3,3)",0,Solved,"0,0790"," (4t+2)","0,0819","(\infty, 12, \infty, 36) (6, 1, 3, 30, 25, 27) (18, 40, 39, 20, 7) (42, 16, 15, 44, 31) (35, 23, 41) (11, 47, 17) (21, 38, 22) (45, 14, 46) "
"OP(6,6,4,4,4,4,4)",0,Solved,"0,2330"," (4t+2)","0,2368","(\infty, 1, 5, \infty, 29, 25) (12, 0, 11, 36, 24, 35) (6, 14, 45, 16) (30, 38, 21, 40) (44, 17, 43, 10) (20, 41, 19, 34) (3, 7, 27, 31) "
"OP(6,6,4,4,3,3,3,3)",0,Solved,"0,0540"," (4t+2)","0,0579","(\infty, 13, 47, \infty, 23, 37) (40, 9, 35, 16, 33, 11) (6, 1, 14, 46) (30, 25, 38, 22) (21, 41, 42) (45, 17, 18) (15, 0, 8) (39, 24, 32) "
"OP(4,6,4,4,4,4,3,3)",0,Solved,"0,0490"," (4t+2)","0,0528","(\infty, 19, \infty, 43) (45, 13, 4, 21, 37, 28) (10, 6, 0, 15) (34, 30, 24, 39) (2, 23, 35, 12) (26, 47, 11, 36) (20, 38, 9) (44, 14, 33) "
"OP(4,6,4,3,3,3,3,3,3)",0,Solved,"0,0650"," (4t+2)","0,0690","(\infty, 4, \infty, 28) (5, 37, 19, 29, 13, 43) (35, 38, 11, 14) (45, 20, 12) (21, 44, 36) (41, 27, 7) (17, 3, 31) (0, 42, 40) (24, 18, 16) "
"OP(6,5,5,5,5,3,3)",0,Solved,"0,0550"," (4t+2)","0,0602","(\infty, 39, 13, \infty, 37, 15) (4, 12, 21, 33, 6) (28, 36, 45, 9, 30) (17, 46, 32, 14, 11) (41, 22, 8, 38, 35) (7, 1, 2) (31, 25, 26) "
"OP(4,5,5,5,5,4,4)",0,Solved,"0,1050"," (4t+2)","0,1087","(\infty, 22, \infty, 46) (16, 11, 33, 4, 32) (40, 35, 9, 28, 8) (44, 2, 5, 6, 17) (20, 26, 29, 30, 41) (18, 36, 45, 43) (42, 12, 21, 19) "
"OP(6,5,5,4,4,4,4)",0,Solved,"0,0430"," (4t+2)","0,0471","(\infty, 19, 17, \infty, 41, 43) (4, 25, 0, 6, 46) (28, 1, 24, 30, 22) (10, 14, 33, 18) (34, 38, 9, 42) (45, 2, 11, 37) (21, 26, 35, 13) "
"OP(6,5,5,4,3,3,3,3)",0,Solved,"0,1680"," (4t+2)","0,1720","(\infty, 44, 6, \infty, 30, 20) (46, 4, 5, 17, 40) (22, 28, 29, 41, 16) (21, 39, 45, 15) (7, 2, 9) (31, 26, 33) (37, 10, 8) (13, 34, 32) "
"OP(4,5,5,4,4,4,3,3)",0,Solved,"0,0440"," (4t+2)","0,0481","(\infty, 2, \infty, 26) (3, 6, 14, 7, 1) (27, 30, 38, 31, 25) (5, 10, 32, 15) (29, 34, 8, 39) (9, 20, 33, 44) (11, 12, 21) (35, 36, 45) "
"OP(4,5,5,3,3,3,3,3,3)",0,Solved,"0,0740"," (4t+2)","0,0786","(\infty, 16, \infty, 40) (11, 4, 9, 5, 21) (35, 28, 33, 29, 45) (13, 31, 8) (37, 7, 32) (23, 44, 18) (47, 20, 42) (46, 10, 2) (22, 34, 26) "
"OP(6,4,4,4,4,4,3,3)",0,Solved,"0,0650"," (4t+2)","0,0699","(\infty, 15, 47, \infty, 23, 39) (22, 34, 20, 12) (46, 10, 44, 36) (7, 4, 2, 6) (31, 28, 26, 30) (13, 9, 37, 33) (3, 32, 19) (27, 8, 43) "
"OP(6,4,4,3,3,3,3,3,3)",0,Solved,"0,2830"," (4t+2)","0,2877","(\infty, 10, 18, \infty, 42, 34) (0, 2, 47, 38) (24, 26, 23, 14) (28, 41, 13) (4, 17, 37) (43, 36, 9) (19, 12, 33) (31, 45, 8) (7, 21, 32) "
"OP(4,4,4,4,4,4,4,4)",0,Solved,"0,0670"," (4t+2)","0,0715","(\infty, 35, \infty, 11) (0, 1, 8, 3) (24, 25, 32, 27) (4, 15, 13, 19) (28, 39, 37, 43) (5, 17, 47, 18) (29, 41, 23, 42) (46, 2, 22, 26) "
"OP(4,4,4,4,4,3,3,3,3)",0,Solved,"0,2180"," (4t+2)","0,2235","(\infty, 5, \infty, 29) (0, 2, 6, 20) (24, 26, 30, 44) (3, 16, 35, 36) (27, 40, 11, 12) (19, 10, 7) (43, 34, 31) (23, 1, 9) (47, 25, 33) "
"OP(4,4,3,3,3,3,3,3,3,3)",0,Solved,"0,1560"," (4t+2)","0,1589","(\infty, 0, \infty, 24) (1, 2, 25, 26) (4, 12, 21) (28, 36, 45) (43, 13, 30) (19, 37, 6) (15, 44, 16) (39, 20, 40) (5, 9, 3) (29, 33, 27) "
"OP(10,8,8,8,8,8)",0,Solved,"0,0620"," (4t+2)","0,0665","(\infty, 4, 5, 7, 2, \infty, 26, 31, 29, 28) (20, 35, 15, 12, 3, 40, 18, 45) (44, 11, 39, 36, 27, 16, 42, 21) (8, 0, 6, 10, 41, 23, 13, 1) (32, 24, 30, 34, 17, 47, 37, 25) (9, 22, 38, 19, 33, 46, 14, 43) "
"OP(4,8,8,8,8,4,10)",0,Solved,"0,0540"," (4t+2)","0,0575","(\infty, 12, \infty, 36) (13, 46, 23, 43, 14, 45, 15, 4) (37, 22, 47, 19, 38, 21, 39, 28) (0, 3, 7, 2, 1, 8, 16, 6) (24, 27, 31, 26, 25, 32, 40, 30) (9, 11, 33, 35) (34, 18, 5, 17, 44, 10, 42, 29, 41, 20) "
"OP(10,8,8,8,8,4,4)",0,Solved,"0,0580"," (4t+2)","0,0636","(\infty, 44, 45, 14, 0, \infty, 24, 38, 21, 20) (41, 22, 40, 12, 2, 9, 3, 18) (17, 46, 16, 36, 26, 33, 27, 42) (19, 15, 4, 6, 1, 10, 23, 7) (43, 39, 28, 30, 25, 34, 47, 31) (5, 8, 35, 13) (29, 32, 11, 37) "
"OP(4,7,7,8,8,6,10)",0,Solved,"0,0430"," (4t+2)","0,0481","(\infty, 13, \infty, 37) (47, 14, 5, 3, 6, 11, 33) (23, 38, 29, 27, 30, 35, 9) (4, 0, 17, 18, 7, 1, 8, 16) (28, 24, 41, 42, 31, 25, 32, 40) (44, 12, 2, 20, 36, 26) (22, 45, 10, 39, 19, 46, 21, 34, 15, 43) "
"OP(6,7,7,8,8,10,4)",0,Solved,"0,1170"," (4t+2)","0,1209","(\infty, 10, 22, \infty, 46, 34) (9, 6, 0, 17, 2, 45, 18) (33, 30, 24, 41, 26, 21, 42) (8, 43, 14, 16, 5, 23, 1, 15) (32, 19, 38, 40, 29, 47, 25, 39) (4, 20, 12, 13, 3, 28, 44, 36, 37, 27) (11, 31, 35, 7) "
"OP(4,7,7,8,8,10,3,3)",0,Solved,"0,0690"," (4t+2)","0,0736","(\infty, 6, \infty, 30) (3, 5, 12, 17, 9, 23, 22) (27, 29, 36, 41, 33, 47, 46) (40, 14, 8, 44, 7, 10, 42, 15) (16, 38, 32, 20, 31, 34, 18, 39) (11, 21, 1, 19, 2, 35, 45, 25, 43, 26) (0, 13, 4) (24, 37, 28) "
"OP(10,8,8,8,6,6,4)",0,Solved,"0,1280"," (4t+2)","0,1321","(\infty, 19, 8, 0, 1, \infty, 25, 24, 32, 43) (3, 39, 4, 7, 2, 18, 9, 5) (27, 15, 28, 31, 26, 42, 33, 29) (10, 17, 37, 12, 34, 41, 13, 36) (11, 21, 38, 23, 44, 30) (35, 45, 14, 47, 20, 6) (22, 16, 46, 40) "
"OP(10,8,8,8,6,5,5)",0,Solved,"0,0430"," (4t+2)","0,0473","(\infty, 43, 21, 8, 37, \infty, 13, 32, 45, 19) (46, 36, 20, 11, 4, 15, 30, 18) (22, 12, 44, 35, 28, 39, 6, 42) (7, 1, 2, 10, 31, 25, 26, 34) (17, 47, 16, 41, 23, 40) (9, 14, 0, 3, 5) (33, 38, 24, 27, 29) "
"OP(10,8,8,8,6,4,3,3)",0,Solved,"0,3840"," (4t+2)","0,3878","(\infty, 12, 27, 2, 8, \infty, 32, 26, 3, 36) (9, 44, 43, 6, 46, 18, 13, 45) (33, 20, 19, 30, 22, 42, 37, 21) (28, 47, 40, 14, 4, 23, 16, 38) (0, 39, 41, 24, 15, 17) (10, 31, 34, 7) (25, 29, 11) (1, 5, 35) "
"OP(10,8,8,8,5,5,3,3)",0,Solved,"0,0560"," (4t+2)","0,0599","(\infty, 13, 47, 14, 45, \infty, 21, 38, 23, 37) (6, 7, 20, 36, 46, 19, 41, 18) (30, 31, 44, 12, 22, 43, 17, 42) (2, 9, 15, 35, 26, 33, 39, 11) (4, 0, 8, 3, 1) (28, 24, 32, 27, 25) (5, 34, 16) (29, 10, 40) "
"OP(4,8,8,8,4,4,4,10)",0,Solved,"0,0680"," (4t+2)","0,0717","(\infty, 13, \infty, 37) (6, 15, 4, 5, 1, 9, 19, 3) (30, 39, 28, 29, 25, 33, 43, 27) (10, 8, 35, 21, 34, 32, 11, 45) (22, 47, 16, 42) (46, 23, 40, 18) (14, 20, 38, 44) (41, 12, 0, 7, 2, 17, 36, 24, 31, 26) "
"OP(10,8,8,8,4,4,4,4)",0,Solved,"0,0620"," (4t+2)","0,0660","(\infty, 4, 5, 7, 2, \infty, 26, 31, 29, 28) (39, 10, 22, 13, 3, 20, 42, 19) (15, 34, 46, 37, 27, 44, 18, 43) (6, 0, 8, 45, 30, 24, 32, 21) (14, 35, 17, 1) (38, 11, 41, 25) (9, 12, 16, 23) (33, 36, 40, 47) "
"OP(10,8,8,8,4,3,3,3,3)",0,Solved,"0,1170"," (4t+2)","0,1211","(\infty, 28, 23, 14, 30, \infty, 6, 38, 47, 4) (24, 45, 16, 36, 3, 10, 33, 41) (0, 21, 40, 12, 27, 34, 9, 17) (35, 5, 2, 1, 11, 29, 26, 25) (18, 31, 42, 7) (32, 46, 20) (8, 22, 44) (15, 13, 19) (39, 37, 43) "
"OP(4,7,7,8,7,7,10)",0,Solved,"0,0580"," (4t+2)","0,0632","(\infty, 39, \infty, 15) (46, 32, 41, 37, 45, 33, 26) (22, 8, 17, 13, 21, 9, 2) (29, 44, 47, 31, 5, 20, 23, 7) (6, 36, 42, 4, 25, 0, 43) (30, 12, 18, 28, 1, 24, 19) (35, 34, 3, 38, 40, 11, 10, 27, 14, 16) "
"OP(10,8,8,7,7,6,4)",0,Solved,"0,0490"," (4t+2)","0,0524","(\infty, 0, 26, 35, 40, \infty, 16, 11, 2, 24) (46, 30, 27, 28, 9, 42, 32, 44) (22, 6, 3, 4, 33, 18, 8, 20) (47, 36, 5, 39, 14, 7, 34) (23, 12, 29, 15, 38, 31, 10) (41, 45, 37, 17, 21, 13) (25, 43, 1, 19) "
"OP(10,8,8,7,7,5,5)",0,Solved,"0,0490"," (4t+2)","0,0533","(\infty, 47, 36, 46, 21, \infty, 45, 22, 12, 23) (4, 17, 34, 8, 37, 19, 40, 20) (28, 41, 10, 32, 13, 43, 16, 44) (7, 1, 2, 11, 18, 30, 15) (31, 25, 26, 35, 42, 6, 39) (9, 14, 0, 3, 5) (33, 38, 24, 27, 29) "
"OP(10,8,8,7,7,4,3,3)",0,Solved,"0,2220"," (4t+2)","0,2264","(\infty, 7, 9, 12, 11, \infty, 35, 36, 33, 31) (5, 18, 2, 40, 3, 15, 1, 10) (29, 42, 26, 16, 27, 39, 25, 34) (45, 22, 0, 8, 14, 44, 17) (21, 46, 24, 32, 38, 20, 41) (13, 6, 37, 30) (4, 23, 19) (28, 47, 43) "
"OP(6,7,7,8,6,6,10)",0,Solved,"0,0440"," (4t+2)","0,0503","(\infty, 46, 20, \infty, 44, 22) (36, 16, 45, 33, 17, 7, 18) (12, 40, 21, 9, 41, 31, 42) (37, 10, 23, 38, 13, 34, 47, 14) (1, 2, 4, 11, 19, 5) (25, 26, 28, 35, 43, 29) (15, 6, 0, 3, 8, 39, 30, 24, 27, 32) "
"OP(6,7,7,8,6,10,3,3)",0,Solved,"0,0830"," (4t+2)","0,0870","(\infty, 0, 2, \infty, 26, 24) (3, 6, 5, 9, 15, 22, 8) (27, 30, 29, 33, 39, 46, 32) (4, 12, 21, 10, 28, 36, 45, 34) (7, 17, 44, 31, 41, 20) (16, 38, 13, 42, 25, 40, 14, 37, 18, 1) (11, 23, 43) (35, 47, 19) "
"OP(4,7,7,8,6,4,4,10)",0,Solved,"0,0420"," (4t+2)","0,0465","(\infty, 1, \infty, 25) (4, 3, 6, 2, 0, 5, 11) (28, 27, 30, 26, 24, 29, 35) (34, 19, 9, 21, 10, 43, 33, 45) (12, 37, 23, 36, 13, 47) (7, 16, 32, 15) (31, 40, 8, 39) (41, 14, 44, 18, 46, 17, 38, 20, 42, 22) "
"OP(4,7,7,8,5,5,4,10)",0,Solved,"0,0880"," (4t+2)","0,0920","(\infty, 0, \infty, 24) (39, 14, 2, 13, 12, 43, 21) (15, 38, 26, 37, 36, 19, 45) (8, 11, 3, 16, 32, 35, 27, 40) (10, 1, 7, 22, 17) (34, 25, 31, 46, 41) (5, 9, 29, 33) (20, 47, 18, 4, 6, 44, 23, 42, 28, 30) "
"OP(6,7,7,8,10,4,4,4)",0,Solved,"0,3190"," (4t+2)","0,3249","(\infty, 14, 0, \infty, 24, 38) (21, 41, 6, 10, 1, 13, 43) (45, 17, 30, 34, 25, 37, 19) (22, 7, 9, 3, 46, 31, 33, 27) (11, 42, 23, 2, 12, 35, 18, 47, 26, 36) (15, 16, 5, 8) (39, 40, 29, 32) (4, 20, 28, 44) "
"OP(6,7,7,8,10,3,3,3,3)",0,Solved,"0,1990"," (4t+2)","0,2031","(\infty, 12, 22, \infty, 46, 36) (14, 45, 16, 44, 23, 5, 39) (38, 21, 40, 20, 47, 29, 15) (41, 9, 1, 10, 17, 33, 25, 34) (37, 11, 0, 3, 18, 13, 35, 24, 27, 42) (4, 2, 8) (28, 26, 32) (7, 19, 6) (31, 43, 30) "
"OP(4,7,7,8,4,4,10,3,3)",0,Solved,"0,0420"," (4t+2)","0,0460","(\infty, 2, \infty, 26) (3, 4, 6, 9, 1, 7, 14) (27, 28, 30, 33, 25, 31, 38) (8, 12, 21, 11, 32, 36, 45, 35) (10, 43, 17, 46) (34, 19, 41, 22) (15, 40, 20, 37, 23, 39, 16, 44, 13, 47) (18, 0, 5) (42, 24, 29) "
"OP(10,8,8,6,6,6,6)",0,Solved,"0,0480"," (4t+2)","0,0512","(\infty, 2, 3, 5, 8, \infty, 32, 29, 27, 26) (7, 1, 9, 16, 4, 37, 20, 11) (31, 25, 33, 40, 28, 13, 44, 35) (6, 38, 15, 36, 22, 41) (30, 14, 39, 12, 46, 17) (21, 43, 23, 18, 0, 10) (45, 19, 47, 42, 24, 34) "
"OP(10,8,8,6,6,6,3,3)",0,Solved,"0,0480"," (4t+2)","0,0526","(\infty, 2, 4, 7, 6, \infty, 30, 31, 28, 26) (9, 35, 23, 16, 27, 41, 10, 19) (33, 11, 47, 40, 3, 17, 34, 43) (38, 46, 21, 15, 36, 18) (14, 22, 45, 39, 12, 42) (0, 13, 8, 24, 37, 32) (1, 20, 5) (25, 44, 29) "
"OP(4,8,8,5,5,6,4,10)",0,Solved,"0,0490"," (4t+2)","0,0535","(\infty, 14, \infty, 38) (3, 8, 18, 7, 20, 17, 36, 11) (27, 32, 42, 31, 44, 41, 12, 35) (13, 6, 21, 23, 1) (37, 30, 45, 47, 25) (2, 19, 46, 26, 43, 22) (10, 4, 34, 28) (5, 9, 0, 16, 15, 29, 33, 24, 40, 39) "
"OP(10,8,8,6,6,4,4,4)",0,Solved,"0,0910"," (4t+2)","0,0946","(\infty, 46, 0, 34, 44, \infty, 20, 10, 24, 22) (33, 39, 6, 29, 41, 42, 47, 3) (9, 15, 30, 5, 17, 18, 23, 27) (32, 25, 38, 7, 35, 43) (8, 1, 14, 31, 11, 19) (36, 4, 26, 45) (12, 28, 2, 21) (40, 37, 16, 13) "
"OP(10,8,8,6,6,3,3,3,3)",0,Solved,"0,1250"," (4t+2)","0,1285","(\infty, 2, 40, 39, 30, \infty, 6, 15, 16, 26) (1, 31, 4, 0, 11, 46, 29, 23) (25, 7, 28, 24, 35, 22, 5, 47) (32, 3, 37, 21, 41, 44) (8, 27, 13, 45, 17, 20) (34, 9, 42) (10, 33, 18) (36, 43, 38) (12, 19, 14) "
"OP(4,8,8,5,5,5,5,10)",0,Solved,"0,0340"," (4t+2)","0,0389","(\infty, 18, \infty, 42) (3, 6, 16, 17, 47, 19, 32, 11) (27, 30, 40, 41, 23, 43, 8, 35) (7, 21, 10, 5, 1) (31, 45, 34, 29, 25) (2, 9, 38, 13, 4) (26, 33, 14, 37, 28) (44, 12, 0, 15, 46, 20, 36, 24, 39, 22) "
"OP(10,8,8,6,5,5,4,4)",0,Solved,"0,0510"," (4t+2)","0,0546","(\infty, 7, 22, 44, 47, \infty, 23, 20, 46, 31) (17, 9, 21, 3, 37, 0, 16, 12) (41, 33, 45, 27, 13, 24, 40, 36) (8, 1, 30, 32, 25, 6) (26, 5, 43, 18, 35) (2, 29, 19, 42, 11) (34, 28, 15, 14) (10, 4, 39, 38) "
"OP(4,8,8,5,5,4,10,3,3)",0,Solved,"0,1020"," (4t+2)","0,1060","(\infty, 13, \infty, 37) (0, 2, 1, 4, 8, 14, 21, 5) (24, 26, 25, 28, 32, 38, 45, 29) (19, 46, 11, 23, 42) (43, 22, 35, 47, 18) (3, 12, 27, 36) (20, 34, 17, 6, 16, 44, 10, 41, 30, 40) (33, 7, 15) (9, 31, 39) "
"OP(10,8,8,6,4,4,4,3,3)",0,Solved,"0,0880"," (4t+2)","0,0911","(\infty, \infty, 23, 44, 13, 45, 21, 37, 20, 47) (33, 11, 2, 7, 0, 8, 12, 18) (9, 35, 26, 31, 24, 32, 36, 42) (5, 15, 43, 29, 39, 19) (40, 17, 46, 10) (16, 41, 22, 34) (14, 1, 38, 25) (4, 6, 3) (28, 30, 27) "
"OP(10,8,8,6,3,3,3,3,3,3)",0,Solved,"0,0840"," (4t+2)","0,0879","(\infty, 9, 5, 10, 21, \infty, 45, 34, 29, 33) (2, 15, 41, 22, 38, 0, 3, 23) (26, 39, 17, 46, 14, 24, 27, 47) (43, 13, 44, 19, 37, 20) (16, 7, 1) (40, 31, 25) (6, 42, 8) (30, 18, 32) (12, 11, 4) (36, 35, 28) "
"OP(10,8,8,5,5,5,5,4)",0,Solved,"0,0560"," (4t+2)","0,0594","(\infty, 2, 4, 7, 6, \infty, 30, 31, 28, 26) (22, 45, 33, 16, 27, 37, 17, 43) (46, 21, 9, 40, 3, 13, 41, 19) (18, 36, 23, 15, 34) (42, 12, 47, 39, 10) (5, 0, 14, 8, 1) (29, 24, 38, 32, 25) (20, 11, 44, 35) "
"OP(4,8,8,4,5,5,10,3,3)",0,Solved,"0,1390"," (4t+2)","0,1430","(\infty, 18, \infty, 42) (20, 6, 23, 27, 45, 38, 10, 46) (44, 30, 47, 3, 21, 14, 34, 22) (1, 0, 25, 24) (9, 15, 2, 12, 7) (33, 39, 26, 36, 31) (5, 8, 41, 4, 13, 29, 32, 17, 28, 37) (43, 35, 16) (19, 11, 40) "
"OP(10,8,8,5,5,4,4,3,3)",0,Solved,"0,0880"," (4t+2)","0,0917","(\infty, 16, 22, 36, 38, \infty, 14, 12, 46, 40) (3, 0, 13, 33, 23, 42, 20, 8) (27, 24, 37, 9, 47, 18, 44, 32) (19, 11, 4, 41, 10) (43, 35, 28, 17, 34) (6, 21, 39, 7) (30, 45, 15, 31) (26, 5, 1) (2, 29, 25) "
"OP(4,8,8,4,4,4,4,4,10)",0,Solved,"0,0570"," (4t+2)","0,0608","(\infty, 21, \infty, 45) (13, 12, 4, 9, 19, 2, 20, 41) (37, 36, 28, 33, 43, 26, 44, 17) (23, 0, 16, 42) (47, 24, 40, 18) (10, 3, 7, 22) (34, 27, 31, 46) (1, 14, 25, 38) (15, 6, 8, 11, 5, 39, 30, 32, 35, 29) "
"OP(4,8,8,4,4,10,3,3,3,3)",0,Solved,"0,0680"," (4t+2)","0,0723","(\infty, 4, \infty, 28) (10, 22, 15, 1, 0, 43, 17, 30) (34, 46, 39, 25, 24, 19, 41, 6) (7, 26, 3, 18) (31, 2, 27, 42) (8, 47, 5, 45, 35, 32, 23, 29, 21, 11) (12, 14, 44) (36, 38, 20) (13, 40, 9) (37, 16, 33) "
"OP(10,8,8,4,4,4,4,4,4)",0,Solved,"0,0690"," (4t+2)","0,0748","(\infty, 37, 25, 39, 31, \infty, 7, 15, 1, 13) (38, 36, 33, 46, 35, 6, 32, 5) (14, 12, 9, 22, 11, 30, 8, 29) (2, 27, 44, 34) (26, 3, 20, 10) (45, 41, 47, 40) (21, 17, 23, 16) (4, 43, 42, 24) (28, 19, 18, 0) "
"OP(10,8,8,4,4,4,3,3,3,3)",0,Solved,"0,1300"," (4t+2)","0,1342","(\infty, 22, 21, 19, 38, \infty, 14, 43, 45, 46) (17, 7, 20, 23, 39, 13, 2, 25) (41, 31, 44, 47, 15, 37, 26, 1) (4, 16, 11, 32) (28, 40, 35, 8) (5, 12, 29, 36) (24, 10, 6) (0, 34, 30) (9, 3, 18) (33, 27, 42) "
"OP(10,8,8,3,3,3,3,3,3,3,3)",0,Solved,"0,0450"," (4t+2)","0,0480","(\infty, 12, 42, 15, 44, \infty, 20, 39, 18, 36) (6, 14, 31, 43, 23, 46, 32, 17) (30, 38, 7, 19, 47, 22, 8, 41) (4, 1, 2) (28, 25, 26) (11, 37, 21) (35, 13, 45) (3, 16, 10) (27, 40, 34) (0, 5, 9) (24, 29, 33) "
"OP(10,8,7,7,7,7,4)",0,Solved,"0,0480"," (4t+2)","0,0527","(\infty, 47, 20, 21, 3, \infty, 27, 45, 44, 23) (2, 18, 9, 1, 26, 42, 33, 25) (10, 16, 4, 14, 0, 11, 7) (34, 40, 28, 38, 24, 35, 31) (39, 17, 46, 13, 8, 6, 19) (15, 41, 22, 37, 32, 30, 43) (12, 5, 36, 29) "
"OP(6,7,7,7,7,6,10)",0,Solved,"0,0620"," (4t+2)","0,0665","(\infty, 38, 36, \infty, 12, 14) (15, 9, 46, 1, 31, 24, 34) (39, 33, 22, 25, 7, 0, 10) (37, 20, 29, 30, 4, 16, 2) (13, 44, 5, 6, 28, 40, 26) (45, 18, 41, 21, 42, 17) (11, 3, 8, 23, 19, 35, 27, 32, 47, 43) "
"OP(6,7,7,7,7,10,3,3)",0,Solved,"0,0610"," (4t+2)","0,0658","(\infty, 24, 22, \infty, 46, 0) (17, 39, 30, 14, 47, 13, 42) (41, 15, 6, 38, 23, 37, 18) (33, 16, 44, 8, 2, 1, 12) (9, 40, 20, 32, 26, 25, 36) (45, 10, 5, 43, 3, 21, 34, 29, 19, 27) (4, 11, 7) (28, 35, 31) "
"OP(4,7,7,7,7,4,4,10)",0,Solved,"0,0760"," (4t+2)","0,0813","(\infty, 6, \infty, 30) (45, 41, 43, 15, 4, 1, 26) (21, 17, 19, 39, 28, 25, 2) (42, 3, 29, 44, 38, 7, 12) (18, 27, 5, 20, 14, 31, 36) (37, 10, 11, 23) (13, 34, 35, 47) (46, 33, 40, 24, 32, 22, 9, 16, 0, 8) "
"OP(10,8,7,7,6,6,6)",0,Solved,"0,0940"," (4t+2)","0,0978","(\infty, 44, 38, 45, 36, \infty, 12, 21, 14, 20) (30, 27, 0, 34, 6, 3, 24, 10) (43, 42, 26, 7, 32, 37, 33) (19, 18, 2, 31, 8, 13, 9) (25, 47, 39, 41, 28, 40) (1, 23, 15, 17, 4, 16) (46, 35, 5, 22, 11, 29) "
"OP(10,8,7,7,6,6,3,3)",0,Solved,"0,0540"," (4t+2)","0,0582","(\infty, 1, 2, 4, 9, \infty, 33, 28, 26, 25) (5, 16, 19, 42, 29, 40, 43, 18) (22, 39, 13, 6, 0, 10, 38) (46, 15, 37, 30, 24, 34, 14) (47, 3, 11, 41, 20, 8) (23, 27, 35, 17, 44, 32) (7, 21, 36) (31, 45, 12) "
"OP(4,8,7,7,5,5,4,10)",0,Solved,"0,1290"," (4t+2)","0,1329","(\infty, 16, \infty, 40) (15, 44, 11, 34, 39, 20, 35, 10) (8, 2, 6, 9, 21, 47, 19) (32, 26, 30, 33, 45, 23, 43) (1, 3, 4, 38, 17) (25, 27, 28, 14, 41) (0, 7, 24, 31) (18, 5, 13, 22, 12, 42, 29, 37, 46, 36) "
"OP(10,8,7,7,6,4,4,4)",0,Solved,"0,1510"," (4t+2)","0,1564","(\infty, 26, 5, 22, 42, \infty, 18, 46, 29, 2) (33, 1, 3, 13, 9, 25, 27, 37) (6, 19, 0, 34, 35, 44, 32) (30, 43, 24, 10, 11, 20, 8) (4, 47, 36, 28, 23, 12) (41, 16, 31, 38) (17, 40, 7, 14) (39, 21, 15, 45) "
"OP(10,8,7,7,6,3,3,3,3)",0,Solved,"0,0620"," (4t+2)","0,0651","(\infty, 5, 13, 22, 7, \infty, 31, 46, 37, 29) (9, 23, 34, 16, 33, 47, 10, 40) (4, 0, 2, 3, 6, 12, 17) (28, 24, 26, 27, 30, 36, 41) (14, 39, 18, 38, 15, 42) (19, 35, 45) (43, 11, 21) (1, 20, 8) (25, 44, 32) "
"OP(4,8,7,7,4,5,5,10)",0,Solved,"0,2090"," (4t+2)","0,2127","(\infty, 7, \infty, 31) (14, 2, 10, 23, 38, 26, 34, 47) (22, 41, 15, 4, 5, 3, 12) (46, 17, 39, 28, 29, 27, 36) (1, 8, 25, 32) (13, 9, 6, 0, 18) (37, 33, 30, 24, 42) (43, 11, 45, 20, 40, 19, 35, 21, 44, 16) "
"OP(10,8,7,7,5,5,4,4)",0,Solved,"0,1410"," (4t+2)","0,1450","(\infty, 2, 37, 3, 4, \infty, 28, 27, 13, 26) (6, 18, 39, 11, 30, 42, 15, 35) (46, 20, 17, 1, 19, 36, 21) (22, 44, 41, 25, 43, 12, 45) (9, 7, 0, 10, 14) (33, 31, 24, 34, 38) (16, 5, 47, 8) (40, 29, 23, 32) "
"OP(4,8,7,7,4,4,10,3,3)",0,Solved,"0,0500"," (4t+2)","0,0541","(\infty, 31, \infty, 7) (43, 37, 28, 0, 19, 13, 4, 24) (22, 30, 23, 45, 10, 8, 18) (46, 6, 47, 21, 34, 32, 42) (44, 12, 9, 27) (20, 36, 33, 3) (1, 38, 39, 16, 11, 25, 14, 15, 40, 35) (41, 5, 26) (17, 29, 2) "
"OP(10,8,7,7,4,4,4,3,3)",0,Solved,"0,2490"," (4t+2)","0,2523","(\infty, 10, 44, 18, 0, \infty, 24, 42, 20, 34) (16, 41, 21, 19, 40, 17, 45, 43) (7, 39, 22, 9, 5, 12, 4) (31, 15, 46, 33, 29, 36, 28) (23, 8, 2, 11) (47, 32, 26, 35) (1, 6, 25, 30) (14, 13, 3) (38, 37, 27) "
"OP(10,8,7,7,3,3,3,3,3,3)",0,Solved,"0,3160"," (4t+2)","0,3199","(\infty, 44, 33, 3, 30, \infty, 6, 27, 9, 20) (36, 5, 31, 41, 12, 29, 7, 17) (32, 47, 45, 40, 24, 4, 38) (8, 23, 21, 16, 0, 28, 14) (25, 2, 37) (1, 26, 13) (39, 46, 42) (15, 22, 18) (43, 35, 34) (19, 11, 10) "
"OP(4,7,7,6,6,6,4,10)",0,Solved,"0,0670"," (4t+2)","0,0702","(\infty, 45, \infty, 21) (43, 34, 26, 39, 44, 38, 41) (19, 10, 2, 15, 20, 14, 17) (32, 5, 36, 35, 28, 3) (8, 29, 12, 11, 4, 27) (33, 47, 31, 9, 23, 7) (46, 42, 22, 18) (40, 30, 0, 37, 1, 16, 6, 24, 13, 25) "
"OP(4,7,7,6,6,5,5,10)",0,Solved,"0,0870"," (4t+2)","0,0918","(\infty, 34, \infty, 10) (45, 28, 41, 40, 33, 44, 25) (21, 4, 17, 16, 9, 20, 1) (42, 46, 24, 26, 36, 27) (18, 22, 0, 2, 12, 3) (47, 35, 32, 5, 39) (23, 11, 8, 29, 15) (37, 43, 38, 6, 31, 13, 19, 14, 30, 7) "
"OP(6,7,7,6,6,10,4,4)",0,Solved,"0,0460"," (4t+2)","0,0507","(\infty, 2, 4, \infty, 28, 26) (5, 6, 11, 17, 34, 16, 27) (29, 30, 35, 41, 10, 40, 3) (7, 21, 13, 38, 22, 42) (31, 45, 37, 14, 46, 18) (15, 19, 9, 0, 12, 39, 43, 33, 24, 36) (8, 1, 20, 23) (32, 25, 44, 47) "
"OP(4,7,7,6,6,4,10,3,3)",0,Solved,"0,0660"," (4t+2)","0,0708","(\infty, 3, \infty, 27) (4, 5, 7, 14, 22, 43, 39) (28, 29, 31, 38, 46, 19, 15) (1, 10, 26, 11, 8, 13) (25, 34, 2, 35, 32, 37) (23, 9, 47, 33) (16, 36, 18, 44, 21, 40, 12, 42, 20, 45) (0, 6, 17) (24, 30, 41) "
"OP(6,7,7,6,10,5,5,4)",0,Solved,"0,1670"," (4t+2)","0,1711","(\infty, 14, 2, \infty, 26, 38) (10, 40, 46, 5, 18, 41, 13) (34, 16, 22, 29, 42, 17, 37) (9, 8, 0, 33, 32, 24) (19, 15, 1, 11, 6, 43, 39, 25, 35, 30) (31, 12, 3, 20, 4) (7, 36, 27, 44, 28) (21, 47, 45, 23) "
"OP(4,7,7,6,5,5,10,3,3)",0,Solved,"0,1700"," (4t+2)","0,1747","(\infty, 12, \infty, 36) (8, 2, 45, 9, 42, 20, 37) (32, 26, 21, 33, 18, 44, 13) (0, 7, 34, 24, 31, 10) (4, 6, 15, 11, 3) (28, 30, 39, 35, 27) (5, 16, 46, 23, 43, 29, 40, 22, 47, 19) (1, 14, 17) (25, 38, 41) "
"OP(6,7,7,6,10,4,4,3,3)",0,Solved,"0,0800"," (4t+2)","0,0841","(\infty, 0, 2, \infty, 26, 24) (3, 6, 5, 9, 15, 22, 8) (27, 30, 29, 33, 39, 46, 32) (4, 12, 37, 28, 36, 13) (7, 17, 34, 21, 42, 31, 41, 10, 45, 18) (40, 14, 44, 25) (16, 38, 20, 1) (11, 23, 43) (35, 47, 19) "
"OP(4,7,7,6,4,4,4,4,10)",0,Solved,"0,0380"," (4t+2)","0,0418","(\infty, 18, \infty, 42) (39, 23, 41, 16, 14, 2, 10) (15, 47, 17, 40, 38, 26, 34) (12, 3, 8, 36, 27, 32) (5, 4, 11, 1) (29, 28, 35, 25) (21, 7, 22, 43) (45, 31, 46, 19) (20, 9, 6, 0, 13, 44, 33, 30, 24, 37) "
"OP(4,7,7,6,4,10,3,3,3,3)",0,Solved,"0,0800"," (4t+2)","0,0839","(\infty, 38, \infty, 14) (39, 6, 33, 26, 37, 24, 44) (15, 30, 9, 2, 13, 0, 20) (28, 40, 43, 4, 16, 19) (42, 41, 18, 17) (34, 36, 32, 46, 29, 10, 12, 8, 22, 5) (47, 25, 31) (23, 1, 7) (45, 27, 35) (21, 3, 11) "
"OP(6,7,7,10,5,5,5,5)",0,Solved,"0,2000"," (4t+2)","0,2047","(\infty, 11, 37, \infty, 13, 35) (42, 7, 47, 22, 4, 45, 8) (18, 31, 23, 46, 28, 21, 32) (19, 3, 5, 34, 33, 43, 27, 29, 10, 9) (1, 40, 36, 39, 6) (25, 16, 12, 15, 30) (26, 20, 0, 17, 38) (2, 44, 24, 41, 14) "
"OP(6,7,7,10,5,5,4,3,3)",0,Solved,"0,4330"," (4t+2)","0,4365","(\infty, 12, 40, \infty, 16, 36) (46, 0, 43, 1, 31, 35, 32) (22, 24, 19, 25, 7, 11, 8) (47, 9, 41, 20, 45, 23, 33, 17, 44, 21) (10, 3, 4, 39, 2) (34, 27, 28, 15, 26) (38, 29, 14, 5) (37, 18, 6) (13, 42, 30) "
"OP(4,7,7,5,5,4,4,4,10)",0,Solved,"0,0710"," (4t+2)","0,0752","(\infty, 42, \infty, 18) (31, 40, 34, 45, 29, 6, 4) (7, 16, 10, 21, 5, 30, 28) (44, 3, 39, 43, 25) (20, 27, 15, 19, 1) (38, 46, 24, 41) (14, 22, 0, 17) (33, 47, 9, 23) (32, 37, 2, 35, 36, 8, 13, 26, 11, 12) "
"OP(4,7,7,5,5,10,3,3,3,3)",0,Solved,"0,0650"," (4t+2)","0,0700","(\infty, 6, \infty, 30) (2, 9, 23, 4, 22, 0, 3) (26, 33, 47, 28, 46, 24, 27) (41, 21, 11, 43, 16) (17, 45, 35, 19, 40) (15, 13, 5, 20, 8, 39, 37, 29, 44, 32) (12, 18, 7) (36, 42, 31) (1, 10, 14) (25, 34, 38) "
"OP(6,7,7,10,4,4,4,4,4)",0,Solved,"0,0560"," (4t+2)","0,0598","(\infty, 5, 13, \infty, 37, 29) (46, 12, 43, 15, 44, 23, 10) (22, 36, 19, 39, 20, 47, 34) (18, 33, 17, 6, 16, 42, 9, 41, 30, 40) (21, 3, 8, 14) (45, 27, 32, 38) (2, 4, 7, 11) (26, 28, 31, 35) (1, 0, 25, 24) "
"OP(6,7,7,10,4,4,3,3,3,3)",0,Solved,"0,1360"," (4t+2)","0,1404","(\infty, 24, 36, \infty, 12, 0) (7, 37, 46, 25, 39, 40, 33) (31, 13, 22, 1, 15, 16, 9) (35, 27, 47, 41, 28, 11, 3, 23, 17, 4) (38, 43, 32, 34) (14, 19, 8, 10) (42, 26, 45) (18, 2, 21) (6, 44, 29) (30, 20, 5) "
"OP(4,7,7,4,4,4,4,10,3,3)",0,Solved,"0,0580"," (4t+2)","0,0621","(\infty, 3, \infty, 27) (4, 5, 7, 13, 41, 18, 9) (28, 29, 31, 37, 17, 42, 33) (1, 16, 26, 22) (25, 40, 2, 46) (8, 11, 23, 15) (32, 35, 47, 39) (14, 36, 20, 34, 21, 38, 12, 44, 10, 45) (0, 19, 30) (24, 43, 6) "
"OP(4,7,7,4,10,3,3,3,3,3,3)",0,Solved,"0,2470"," (4t+2)","0,2523","(\infty, 26, \infty, 2) (36, 5, 27, 47, 43, 32, 39) (12, 29, 3, 23, 19, 8, 15) (42, 37, 18, 13) (44, 34, 0, 25, 38, 20, 10, 24, 1, 14) (45, 30, 46) (21, 6, 22) (40, 31, 4) (16, 7, 28) (33, 35, 41) (9, 11, 17) "
"OP(4,8,5,5,6,6,6,10)",0,Solved,"0,0920"," (4t+2)","0,0963","(\infty, 2, \infty, 26) (3, 0, 7, 5, 27, 24, 31, 29) (4, 16, 8, 19, 10) (28, 40, 32, 43, 34) (9, 22, 12, 11, 39, 23) (33, 46, 36, 35, 15, 47) (6, 1, 45, 30, 25, 21) (13, 42, 17, 38, 20, 37, 18, 41, 14, 44) "
"OP(10,8,6,6,6,6,4,4)",0,Solved,"0,0650"," (4t+2)","0,0687","(\infty, 19, 44, 33, 11, \infty, 35, 9, 20, 43) (17, 4, 13, 23, 41, 28, 37, 47) (3, 10, 18, 30, 14, 8) (27, 34, 42, 6, 38, 32) (7, 22, 39, 12, 40, 21) (31, 46, 15, 36, 16, 45) (2, 0, 1, 5) (26, 24, 25, 29) "
"OP(10,8,6,6,6,5,5,4)",0,Solved,"0,2490"," (4t+2)","0,2531","(\infty, 13, 0, 36, 7, \infty, 31, 12, 24, 37) (38, 33, 29, 46, 14, 9, 5, 22) (47, 17, 43, 4, 3, 45) (23, 41, 19, 28, 27, 21) (6, 44, 10, 30, 20, 34) (2, 42, 1, 16, 39) (26, 18, 25, 40, 15) (8, 11, 32, 35) "
"OP(4,8,5,5,6,6,10,3,3)",0,Solved,"0,0560"," (4t+2)","0,0600","(\infty, \infty, 23, 47) (20, 39, 8, 33, 44, 15, 32, 9) (12, 5, 0, 6, 16) (36, 29, 24, 30, 40) (4, 2, 1, 10, 22, 7) (28, 26, 25, 34, 46, 31) (18, 38, 3, 37, 21, 42, 14, 27, 13, 45) (19, 11, 41) (43, 35, 17) "
"OP(10,8,6,6,6,4,4,3,3)",0,Solved,"0,2160"," (4t+2)","0,2202","(\infty, 15, 47, 18, 45, \infty, 21, 42, 23, 39) (5, 14, 31, 44, 29, 38, 7, 20) (1, 6, 2, 4, 16, 8) (25, 30, 26, 28, 40, 32) (13, 43, 17, 37, 19, 41) (3, 9, 10, 0) (27, 33, 34, 24) (22, 11, 36) (46, 35, 12) "
"OP(10,8,6,6,5,5,5,5)",0,Solved,"0,0900"," (4t+2)","0,0931","(\infty, 8, 34, 40, 44, \infty, 20, 16, 10, 32) (7, 37, 39, 38, 31, 13, 15, 14) (36, 28, 43, 26, 42, 45) (12, 4, 19, 2, 18, 21) (25, 35, 46, 33, 6) (1, 11, 22, 9, 30) (24, 47, 27, 41, 29) (0, 23, 3, 17, 5) "
"OP(10,8,6,6,5,5,4,3,3)",0,Solved,"0,0880"," (4t+2)","0,0917","(\infty, 11, 7, 21, 13, \infty, 37, 45, 31, 35) (19, 40, 28, 38, 43, 16, 4, 14) (3, 26, 20, 46, 29, 1) (27, 2, 44, 22, 5, 25) (6, 9, 0, 32, 39) (30, 33, 24, 8, 15) (23, 34, 47, 10) (17, 18, 36) (41, 42, 12) "
"OP(4,8,5,5,6,4,4,4,10)",0,Solved,"0,0560"," (4t+2)","0,0601","(\infty, 27, \infty, 3) (40, 47, 20, 4, 16, 23, 44, 28) (31, 6, 37, 26, 18) (7, 30, 13, 2, 42) (34, 33, 0, 10, 9, 24) (29, 38, 12, 32) (5, 14, 36, 8) (41, 22, 17, 46) (43, 1, 35, 39, 21, 19, 25, 11, 15, 45) "
"OP(4,8,5,5,6,10,3,3,3,3)",0,Solved,"0,2370"," (4t+2)","0,2406","(\infty, 12, \infty, 36) (8, 6, 7, 40, 32, 30, 31, 16) (45, 9, 47, 2, 39) (21, 33, 23, 26, 15) (46, 28, 35, 22, 4, 11) (44, 13, 41, 25, 34, 20, 37, 17, 1, 10) (0, 5, 27) (24, 29, 3) (43, 18, 14) (19, 42, 38) "
"OP(10,8,6,6,4,4,4,4,4)",0,Solved,"0,0970"," (4t+2)","0,1015","(\infty, 19, 8, 0, 1, \infty, 25, 24, 32, 43) (3, 39, 4, 2, 27, 15, 28, 26) (5, 9, 12, 31, 17, 10) (29, 33, 36, 7, 41, 34) (11, 38, 18, 44) (35, 14, 42, 20) (21, 37, 47, 30) (45, 13, 23, 6) (22, 16, 46, 40) "
"OP(10,8,6,6,4,4,3,3,3,3)",0,Solved,"0,0730"," (4t+2)","0,0770","(\infty, 15, 46, 21, 41, \infty, 17, 45, 22, 39) (19, 11, 4, 13, 43, 35, 28, 37) (18, 6, 16, 31, 12, 34) (42, 30, 40, 7, 36, 10) (1, 5, 2, 0) (25, 29, 26, 24) (14, 8, 3) (38, 32, 27) (23, 9, 44) (47, 33, 20) "
"OP(10,8,6,5,5,5,5,3,3)",0,Solved,"0,0520"," (4t+2)","0,0563","(\infty, 44, 45, 17, 2, \infty, 26, 41, 21, 20) (9, 6, 4, 8, 33, 30, 28, 32) (11, 40, 18, 35, 16, 42) (3, 13, 43, 22, 10) (27, 37, 19, 46, 34) (15, 7, 1, 12, 47) (39, 31, 25, 36, 23) (0, 14, 5) (24, 38, 29) "
"OP(4,8,5,5,5,5,4,4,10)",0,Solved,"0,0830"," (4t+2)","0,0869","(\infty, 0, \infty, 24) (2, 3, 7, 5, 26, 27, 31, 29) (4, 9, 6, 17, 10) (28, 33, 30, 41, 34) (8, 16, 35, 44, 18) (32, 40, 11, 20, 42) (12, 43, 15, 45) (36, 19, 39, 21) (37, 25, 38, 22, 47, 13, 1, 14, 46, 23) "
"OP(10,8,6,5,5,4,4,4,4)",0,Solved,"0,1930"," (4t+2)","0,1983","(\infty, 13, 6, 24, 23, \infty, 47, 0, 30, 37) (12, 33, 14, 10, 36, 9, 38, 34) (41, 25, 42, 17, 1, 18) (40, 2, 45, 32, 46) (16, 26, 21, 8, 22) (35, 27, 29, 44) (11, 3, 5, 20) (28, 39, 19, 31) (4, 15, 43, 7) "
"OP(10,8,6,5,5,4,3,3,3,3)",0,Solved,"0,4000"," (4t+2)","0,4035","(\infty, 8, 9, 31, 18, \infty, 42, 7, 33, 32) (28, 12, 37, 44, 4, 36, 13, 20) (23, 43, 16, 47, 19, 40) (38, 35, 45, 34, 5) (14, 11, 21, 10, 29) (6, 0, 30, 24) (2, 46, 41) (26, 22, 17) (15, 3, 1) (39, 27, 25) "
"OP(4,8,5,5,4,4,4,10,3,3)",0,Solved,"0,1730"," (4t+2)","0,1764","(\infty, 19, \infty, 43) (0, 8, 2, 9, 24, 32, 26, 33) (13, 4, 20, 39, 12) (37, 28, 44, 15, 36) (3, 21, 38, 16) (27, 45, 14, 40) (11, 1, 35, 25) (5, 7, 10, 6, 17, 29, 31, 34, 30, 41) (46, 23, 18) (22, 47, 42) "
"OP(4,8,5,5,10,3,3,3,3,3,3)",0,Solved,"0,0600"," (4t+2)","0,0639","(\infty, 33, \infty, 9) (30, 46, 35, 23, 6, 22, 11, 47) (40, 27, 20, 15, 12) (16, 3, 44, 39, 36) (19, 1, 34, 7, 21, 43, 25, 10, 31, 45) (41, 18, 37) (17, 42, 13) (0, 2, 8) (24, 26, 32) (28, 29, 38) (4, 5, 14) "
"OP(10,8,6,4,4,4,4,4,3,3)",0,Solved,"0,2210"," (4t+2)","0,2244","(\infty, 45, 12, 42, 19, \infty, 43, 18, 36, 21) (7, 1, 17, 10, 31, 25, 41, 34) (2, 6, 4, 26, 30, 28) (0, 20, 9, 8) (24, 44, 33, 32) (14, 11, 40, 5) (38, 35, 16, 29) (23, 13, 47, 37) (15, 3, 46) (39, 27, 22) "
"OP(10,8,6,4,4,3,3,3,3,3,3)",0,Solved,"0,1400"," (4t+2)","0,1441","(\infty, 43, 17, 46, 21, \infty, 45, 22, 41, 19) (5, 14, 1, 13, 29, 38, 25, 37) (9, 23, 6, 33, 47, 30) (11, 0, 15, 18) (35, 24, 39, 42) (2, 20, 40) (26, 44, 16) (3, 8, 7) (27, 32, 31) (4, 12, 10) (28, 36, 34) "
"OP(4,8,4,4,5,5,5,5,10)",0,Solved,"0,0400"," (4t+2)","0,0434","(\infty, 5, \infty, 29) (28, 42, 31, 0, 4, 18, 7, 24) (46, 44, 16, 13) (22, 20, 40, 37) (15, 6, 12, 35, 3) (39, 30, 36, 11, 27) (9, 47, 26, 45, 10) (33, 23, 2, 21, 34) (19, 14, 32, 25, 17, 43, 38, 8, 1, 41) "
"OP(10,8,5,5,5,5,4,4,4)",0,Solved,"0,1470"," (4t+2)","0,1504","(\infty, 42, 13, 44, 16, \infty, 40, 20, 37, 18) (14, 8, 0, 11, 38, 32, 24, 35) (6, 22, 15, 1, 45) (30, 46, 39, 25, 21) (10, 43, 17, 5, 23) (34, 19, 41, 29, 47) (2, 12, 9, 7) (26, 36, 33, 31) (3, 4, 27, 28) "
"OP(10,8,5,5,5,5,3,3,3,3)",0,Solved,"0,0550"," (4t+2)","0,0589","(\infty, 9, 23, 1, 11, \infty, 35, 25, 47, 33) (10, 12, 44, 14, 34, 36, 20, 38) (5, 13, 6, 7, 22) (29, 37, 30, 31, 46) (42, 3, 0, 19, 15) (18, 27, 24, 43, 39) (2, 45, 8) (26, 21, 32) (4, 17, 40) (28, 41, 16) "
"OP(4,8,4,4,4,5,5,10,3,3)",0,Solved,"0,0450"," (4t+2)","0,0490","(\infty, 2, \infty, 26) (3, 4, 6, 10, 27, 28, 30, 34) (1, 7, 12, 15) (25, 31, 36, 39) (5, 14, 29, 38) (9, 16, 37, 21, 44) (33, 40, 13, 45, 20) (19, 41, 22, 11, 23, 43, 17, 46, 35, 47) (18, 0, 8) (42, 24, 32) "
"OP(10,8,5,5,4,4,4,4,3,3)",0,Solved,"0,0880"," (4t+2)","0,0931","(\infty, 13, 43, 36, 45, \infty, 21, 12, 19, 37) (38, 10, 6, 1, 14, 34, 30, 25) (35, 9, 23, 39, 16) (11, 33, 47, 15, 40) (44, 8, 0, 17) (20, 32, 24, 41) (42, 4, 46, 31) (18, 28, 22, 7) (2, 3, 5) (26, 27, 29) "
"OP(10,8,5,5,4,3,3,3,3,3,3)",0,Solved,"0,2880"," (4t+2)","0,2929","(\infty, 38, 25, 45, 22, \infty, 46, 21, 1, 14) (20, 47, 31, 40, 44, 23, 7, 16) (4, 11, 19, 41, 5) (28, 35, 43, 17, 29) (26, 12, 2, 36) (8, 10, 27) (32, 34, 3) (24, 13, 18) (0, 37, 42) (15, 33, 30) (39, 9, 6) "
"OP(4,8,4,4,4,4,4,4,4,10)",0,Solved,"0,2480"," (4t+2)","0,2516","(\infty, 44, \infty, 20) (1, 38, 9, 11, 25, 14, 33, 35) (42, 15, 3, 2) (18, 39, 27, 26) (43, 10, 0, 13) (19, 34, 24, 37) (31, 6, 28, 22) (7, 30, 4, 46) (47, 16, 23, 40) (17, 21, 5, 8, 36, 41, 45, 29, 32, 12) "
"OP(4,8,4,4,4,4,10,3,3,3,3)",0,Solved,"0,0540"," (4t+2)","0,0584","(\infty, 12, \infty, 36) (15, 7, 18, 8, 39, 31, 42, 32) (14, 43, 16, 44) (38, 19, 40, 20) (29, 17, 10, 4) (5, 41, 34, 28) (9, 22, 37, 21, 47, 33, 46, 13, 45, 23) (1, 0, 3) (25, 24, 27) (6, 2, 11) (30, 26, 35) "
"OP(4,8,4,10,3,3,3,3,3,3,3,3)",0,Solved,"0,3240"," (4t+2)","0,3270","(\infty, 39, \infty, 15) (33, 46, 30, 35, 9, 22, 6, 11) (10, 31, 34, 7) (41, 40, 0, 20, 32, 17, 16, 24, 44, 8) (42, 23, 5) (18, 47, 29) (38, 13, 4) (14, 37, 28) (36, 19, 26) (12, 43, 2) (45, 3, 1) (21, 27, 25) "
"OP(10,8,4,4,4,4,4,4,4,4)",0,Solved,"0,0370"," (4t+2)","0,0412","(\infty, 10, 47, 46, 16, \infty, 40, 22, 23, 34) (3, 5, 8, 44, 27, 29, 32, 20) (4, 0, 33, 13) (28, 24, 9, 37) (6, 1, 7, 14) (30, 25, 31, 38) (41, 12, 2, 15) (17, 36, 26, 39) (11, 45, 18, 43) (35, 21, 42, 19) "
"OP(10,8,4,4,4,4,4,3,3,3,3)",0,Solved,"0,2090"," (4t+2)","0,2121","(\infty, 20, 45, 35, 24, \infty, 0, 11, 21, 44) (2, 37, 4, 8, 26, 13, 28, 32) (30, 16, 15, 22) (6, 40, 39, 46) (18, 34, 25, 23) (42, 10, 1, 47) (41, 14, 17, 38) (9, 3, 29) (33, 27, 5) (12, 43, 31) (36, 19, 7) "
"OP(10,8,4,4,3,3,3,3,3,3,3,3)",0,Solved,"0,0510"," (4t+2)","0,0551","(\infty, 47, 15, 44, 17, \infty, 41, 20, 39, 23) (6, 14, 31, 19, 30, 38, 7, 43) (22, 45, 11, 37) (46, 21, 35, 13) (4, 1, 2) (28, 25, 26) (36, 8, 18) (12, 32, 42) (3, 16, 10) (27, 40, 34) (0, 5, 9) (24, 29, 33) "
"OP(6,6,7,7,7,7,10)",0,Solved,"0,1790"," (4t+2)","0,1825","(\infty, 37, 43, \infty, 19, 13) (25, 29, 47, 1, 5, 23) (33, 6, 15, 32, 10, 44, 41) (9, 30, 39, 8, 34, 20, 17) (28, 3, 14, 42, 7, 2, 35) (4, 27, 38, 18, 31, 26, 11) (22, 12, 0, 16, 45, 46, 36, 24, 40, 21) "
"OP(10,7,7,7,7,6,6)",0,Solved,"0,0530"," (4t+2)","0,0568","(\infty, 1, 2, 4, 9, \infty, 33, 28, 26, 25) (5, 16, 7, 22, 8, 39, 18) (29, 40, 31, 46, 32, 15, 42) (6, 0, 10, 3, 47, 11, 14) (30, 24, 34, 27, 23, 35, 38) (12, 41, 13, 43, 21, 44) (36, 17, 37, 19, 45, 20) "
"OP(10,7,7,7,7,6,3,3)",0,Solved,"0,1260"," (4t+2)","0,1304","(\infty, 5, 15, 46, 17, \infty, 41, 22, 39, 29) (36, 21, 33, 47, 20, 38, 16) (12, 45, 9, 23, 44, 14, 40) (31, 6, 4, 0, 3, 11, 18) (7, 30, 28, 24, 27, 35, 42) (10, 1, 2, 34, 25, 26) (13, 19, 8) (37, 43, 32) "
"OP(4,7,7,7,7,4,4,10)",0,Solved,"0,0730"," (4t+2)","0,0776","(\infty, 6, \infty, 30) (45, 41, 43, 15, 4, 1, 26) (21, 17, 19, 39, 28, 25, 2) (42, 3, 29, 44, 38, 7, 12) (18, 27, 5, 20, 14, 31, 36) (37, 10, 11, 23) (13, 34, 35, 47) (46, 33, 40, 24, 32, 22, 9, 16, 0, 8) "
"OP(10,7,7,7,7,4,4,4)",0,Solved,"0,1830"," (4t+2)","0,1885","(\infty, 15, 47, 5, 33, \infty, 9, 29, 23, 39) (45, 42, 11, 40, 6, 8, 46) (21, 18, 35, 16, 30, 32, 22) (10, 1, 27, 4, 0, 7, 43) (34, 25, 3, 28, 24, 31, 19) (14, 44, 36, 41) (38, 20, 12, 17) (26, 13, 2, 37) "
"OP(10,7,7,7,7,3,3,3,3)",0,Solved,"0,1440"," (4t+2)","0,1473","(\infty, 45, 4, 2, 13, \infty, 37, 26, 28, 21) (6, 7, 20, 40, 18, 36, 15) (30, 31, 44, 16, 42, 12, 39) (14, 43, 9, 41, 10, 22, 47) (38, 19, 33, 17, 34, 46, 23) (1, 5, 11) (25, 29, 35) (3, 0, 8) (27, 24, 32) "
"OP(4,6,6,6,7,7,4,10)",0,Solved,"0,0740"," (4t+2)","0,0777","(\infty, 8, \infty, 32) (45, 7, 42, 22, 14, 3) (21, 31, 18, 46, 38, 27) (2, 23, 9, 26, 47, 33) (19, 15, 6, 13, 10, 12, 41) (43, 39, 30, 37, 34, 36, 17) (0, 1, 24, 25) (16, 4, 20, 5, 35, 40, 28, 44, 29, 11) "
"OP(4,6,6,7,7,5,5,10)",0,Solved,"0,0840"," (4t+2)","0,0886","(\infty, 21, \infty, 45) (0, 14, 47, 17, 36, 11) (24, 38, 23, 41, 12, 35) (43, 22, 9, 7, 3, 10, 15) (19, 46, 33, 31, 27, 34, 39) (5, 6, 16, 8, 2) (29, 30, 40, 32, 26) (18, 1, 13, 4, 20, 42, 25, 37, 28, 44) "
"OP(6,6,6,7,7,10,4,4)",0,Solved,"0,0640"," (4t+2)","0,0671","(\infty, 43, 29, \infty, 5, 19) (3, 36, 35, 46, 40, 24) (27, 12, 11, 22, 16, 0) (37, 6, 31, 44, 26, 45, 33) (13, 30, 7, 20, 2, 21, 9) (32, 39, 41, 38, 28, 8, 15, 17, 14, 4) (42, 47, 25, 34) (18, 23, 1, 10) "
"OP(4,6,6,7,7,4,10,3,3)",0,Solved,"0,0550"," (4t+2)","0,0599","(\infty, 5, \infty, 29) (6, 14, 23, 9, 41, 16) (30, 38, 47, 33, 17, 40) (7, 4, 0, 2, 3, 18, 12) (31, 28, 24, 26, 27, 42, 36) (10, 21, 34, 45) (22, 43, 13, 35, 15, 46, 19, 37, 11, 39) (1, 20, 8) (25, 44, 32) "
"OP(6,6,7,7,10,5,5,4)",0,Solved,"0,0820"," (4t+2)","0,0868","(\infty, 3, 17, \infty, 41, 27) (13, 4, 11, 37, 28, 35) (16, 12, 15, 7, 23, 10, 43) (40, 36, 39, 31, 47, 34, 19) (0, 2, 21, 1, 18, 24, 26, 45, 25, 42) (44, 14, 9, 46, 8) (20, 38, 33, 22, 32) (5, 6, 29, 30) "
"OP(4,6,7,7,5,5,10,3,3)",0,Solved,"0,0520"," (4t+2)","0,0565","(\infty, 4, \infty, 28) (7, 17, 47, 31, 41, 23) (5, 9, 21, 43, 8, 0, 2) (29, 33, 45, 19, 32, 24, 26) (3, 10, 16, 39, 12) (27, 34, 40, 15, 36) (14, 13, 46, 35, 18, 38, 37, 22, 11, 42) (1, 20, 6) (25, 44, 30) "
"OP(6,6,7,7,10,4,4,3,3)",0,Solved,"0,0980"," (4t+2)","0,1013","(\infty, 5, 9, \infty, 33, 29) (8, 18, 0, 32, 42, 24) (47, 11, 44, 16, 3, 2, 7) (23, 35, 20, 40, 27, 26, 31) (13, 10, 19, 45, 14, 37, 34, 43, 21, 38) (12, 6, 4, 41) (36, 30, 28, 17) (15, 22, 1) (39, 46, 25) "
"OP(4,6,7,7,4,4,4,4,10)",0,Solved,"0,0530"," (4t+2)","0,0577","(\infty, 17, \infty, 41) (44, 9, 5, 20, 33, 29) (23, 46, 15, 1, 6, 18, 45) (47, 22, 39, 25, 30, 42, 21) (13, 3, 14, 43) (37, 27, 38, 19) (10, 11, 2, 8) (34, 35, 26, 32) (12, 4, 7, 0, 16, 36, 28, 31, 24, 40) "
"OP(4,6,7,7,4,10,3,3,3,3)",0,Solved,"0,0700"," (4t+2)","0,0745","(\infty, 41, \infty, 17) (42, 40, 36, 18, 16, 12) (47, 33, 14, 4, 39, 3, 20) (23, 9, 38, 28, 15, 27, 44) (30, 7, 6, 31) (24, 2, 8, 11, 43, 0, 26, 32, 35, 19) (21, 10, 1) (45, 34, 25) (46, 5, 13) (22, 29, 37) "
"OP(4,7,7,5,5,6,6,10)",0,Solved,"0,0700"," (4t+2)","0,0758","(\infty, 3, \infty, 27) (4, 5, 7, 13, 43, 17, 9) (28, 29, 31, 37, 19, 41, 33) (1, 14, 26, 11, 8) (25, 38, 2, 35, 32) (6, 23, 42, 22, 36, 15) (30, 47, 18, 46, 12, 39) (21, 10, 0, 16, 20, 45, 34, 24, 40, 44) "
"OP(10,7,7,6,6,6,4,4)",0,Solved,"0,0560"," (4t+2)","0,0602","(\infty, 44, 37, 2, 22, \infty, 46, 26, 13, 20) (21, 6, 24, 8, 9, 38, 16) (45, 30, 0, 32, 33, 14, 40) (19, 42, 11, 1, 4, 10) (43, 18, 35, 25, 28, 34) (47, 39, 12, 23, 15, 36) (5, 41, 7, 3) (29, 17, 31, 27) "
"OP(10,7,7,6,6,5,5,4)",0,Solved,"0,0810"," (4t+2)","0,0887","(\infty, 15, 44, 12, 43, \infty, 19, 36, 20, 39) (1, 4, 5, 38, 16, 8, 3) (25, 28, 29, 14, 40, 32, 27) (11, 41, 18, 45, 34, 46) (35, 17, 42, 21, 10, 22) (9, 23, 13, 7, 0) (33, 47, 37, 31, 24) (6, 2, 30, 26) "
"OP(4,7,7,5,5,6,10,3,3)",0,Solved,"0,0430"," (4t+2)","0,0466","(\infty, 18, \infty, 42) (44, 9, 37, 15, 38, 21, 11) (20, 33, 13, 39, 14, 45, 35) (7, 16, 32, 46, 19) (31, 40, 8, 22, 43) (1, 2, 6, 25, 26, 30) (12, 4, 10, 17, 47, 36, 28, 34, 41, 23) (0, 5, 3) (24, 29, 27) "
"OP(10,7,7,6,6,4,4,3,3)",0,Solved,"0,1080"," (4t+2)","0,1121","(\infty, 2, 21, 3, 14, \infty, 38, 27, 45, 26) (35, 47, 34, 0, 44, 42, 25) (11, 23, 10, 24, 20, 18, 1) (8, 40, 31, 6, 28, 29) (32, 16, 7, 30, 4, 5) (13, 19, 39, 46) (37, 43, 15, 22) (9, 17, 12) (33, 41, 36) "
"OP(10,7,7,6,5,5,5,5)",0,Solved,"0,1350"," (4t+2)","0,1387","(\infty, 1, 4, 32, 17, \infty, 41, 8, 28, 25) (13, 7, 18, 43, 14, 36, 20) (37, 31, 42, 19, 38, 12, 44) (0, 2, 3, 24, 26, 27) (15, 10, 6, 45, 5) (39, 34, 30, 21, 29) (40, 9, 23, 35, 22) (16, 33, 47, 11, 46) "
"OP(10,7,7,6,5,5,4,3,3)",0,Solved,"0,1750"," (4t+2)","0,1805","(\infty, 42, 21, 4, 22, \infty, 46, 28, 45, 18) (34, 44, 16, 11, 2, 17, 23) (10, 20, 40, 35, 26, 41, 47) (13, 1, 15, 37, 25, 39) (7, 9, 12, 8, 0) (31, 33, 36, 32, 24) (5, 6, 29, 30) (19, 38, 3) (43, 14, 27) "
"OP(4,7,7,5,5,4,4,4,10)",0,Solved,"0,0730"," (4t+2)","0,0768","(\infty, 42, \infty, 18) (31, 40, 34, 45, 29, 6, 4) (7, 16, 10, 21, 5, 30, 28) (44, 3, 39, 43, 25) (20, 27, 15, 19, 1) (38, 46, 24, 41) (14, 22, 0, 17) (33, 47, 9, 23) (32, 37, 2, 35, 36, 8, 13, 26, 11, 12) "
"OP(4,7,7,5,5,10,3,3,3,3)",0,Solved,"0,0640"," (4t+2)","0,0691","(\infty, 6, \infty, 30) (2, 9, 23, 4, 22, 0, 3) (26, 33, 47, 28, 46, 24, 27) (41, 21, 11, 43, 16) (17, 45, 35, 19, 40) (15, 13, 5, 20, 8, 39, 37, 29, 44, 32) (12, 18, 7) (36, 42, 31) (1, 10, 14) (25, 34, 38) "
"OP(10,7,7,6,4,4,4,4,4)",0,Solved,"0,1770"," (4t+2)","0,1828","(\infty, 13, 12, 3, 11, \infty, 35, 27, 36, 37) (5, 21, 0, 4, 38, 10, 23) (29, 45, 24, 28, 14, 34, 47) (43, 17, 2, 19, 41, 26) (18, 7, 9, 6) (42, 31, 33, 30) (46, 40, 15, 8) (22, 16, 39, 32) (1, 20, 25, 44) "
"OP(10,7,7,6,4,4,3,3,3,3)",0,Solved,"0,0710"," (4t+2)","0,0758","(\infty, 6, 12, 46, 20, \infty, 44, 22, 36, 30) (38, 15, 31, 11, 10, 41, 23) (14, 39, 7, 35, 34, 17, 47) (1, 5, 18, 25, 29, 42) (21, 40, 19, 9) (45, 16, 43, 33) (3, 0, 8) (27, 24, 32) (4, 13, 2) (28, 37, 26) "
"OP(10,7,7,5,5,5,5,3,3)",0,Solved,"0,0880"," (4t+2)","0,0908","(\infty, 45, 22, 39, 19, \infty, 43, 15, 46, 21) (5, 0, 6, 18, 37, 10, 7) (29, 24, 30, 42, 13, 34, 31) (1, 11, 33, 17, 8) (25, 35, 9, 41, 32) (12, 4, 3, 38, 23) (36, 28, 27, 14, 47) (20, 2, 16) (44, 26, 40) "
"OP(4,7,7,4,4,4,5,5,10)",0,Solved,"0,0520"," (4t+2)","0,0558","(\infty, 1, \infty, 25) (2, 3, 0, 4, 23, 5, 7) (26, 27, 24, 28, 47, 29, 31) (9, 19, 12, 21) (33, 43, 36, 45) (17, 6, 41, 30) (32, 16, 10, 18, 46) (8, 40, 34, 42, 22) (11, 38, 15, 37, 20, 35, 14, 39, 13, 44) "
"OP(10,7,7,5,5,4,4,4,4)",0,Solved,"0,0640"," (4t+2)","0,0684","(\infty, 4, 5, 7, 2, \infty, 26, 31, 29, 28) (19, 42, 22, 13, 3, 34, 45) (43, 18, 46, 37, 27, 10, 21) (39, 6, 0, 8, 20) (15, 30, 24, 32, 44) (14, 35, 17, 1) (38, 11, 41, 25) (9, 12, 16, 23) (33, 36, 40, 47) "
"OP(10,7,7,5,5,4,3,3,3,3)",0,Solved,"0,2960"," (4t+2)","0,2993","(\infty, 4, 20, 0, 2, \infty, 26, 24, 44, 28) (38, 16, 45, 11, 8, 3, 15) (14, 40, 21, 35, 32, 27, 39) (9, 17, 18, 5, 47) (33, 41, 42, 29, 23) (7, 22, 31, 46) (12, 1, 19) (36, 25, 43) (10, 37, 6) (34, 13, 30) "
"OP(4,7,7,4,4,4,4,10,3,3)",0,Solved,"0,0580"," (4t+2)","0,0622","(\infty, 3, \infty, 27) (4, 5, 7, 13, 41, 18, 9) (28, 29, 31, 37, 17, 42, 33) (1, 16, 26, 22) (25, 40, 2, 46) (8, 11, 23, 15) (32, 35, 47, 39) (14, 36, 20, 34, 21, 38, 12, 44, 10, 45) (0, 19, 30) (24, 43, 6) "
"OP(4,7,7,4,10,3,3,3,3,3,3)",0,Solved,"0,2410"," (4t+2)","0,2453","(\infty, 26, \infty, 2) (36, 5, 27, 47, 43, 32, 39) (12, 29, 3, 23, 19, 8, 15) (42, 37, 18, 13) (44, 34, 0, 25, 38, 20, 10, 24, 1, 14) (45, 30, 46) (21, 6, 22) (40, 31, 4) (16, 7, 28) (33, 35, 41) (9, 11, 17) "
"OP(10,7,7,4,4,4,4,4,3,3)",0,Solved,"0,1180"," (4t+2)","0,1217","(\infty, 42, 17, 4, 20, \infty, 44, 28, 41, 18) (3, 36, 9, 13, 43, 14, 40) (27, 12, 33, 37, 19, 38, 16) (1, 47, 6, 7) (25, 23, 30, 31) (5, 8, 39, 0) (29, 32, 15, 24) (11, 21, 35, 45) (2, 10, 22) (26, 34, 46) "
"OP(10,7,7,4,4,3,3,3,3,3,3)",0,Solved,"0,0500"," (4t+2)","0,0537","(\infty, 3, 41, 28, 45, \infty, 21, 4, 17, 27) (46, 6, 32, 11, 23, 43, 13) (22, 30, 8, 35, 47, 19, 37) (18, 20, 1, 7) (42, 44, 25, 31) (39, 40, 36) (15, 16, 12) (26, 10, 33) (2, 34, 9) (14, 0, 5) (38, 24, 29) "
"OP(4,6,6,6,6,6,6,10)",0,Solved,"0,0410"," (4t+2)","0,0443","(\infty, 1, \infty, 25) (4, 3, 6, 2, 0, 9) (28, 27, 30, 26, 24, 33) (12, 46, 19, 7, 20, 38) (36, 22, 43, 31, 44, 14) (34, 18, 11, 5, 13, 23) (10, 42, 35, 29, 37, 47) (41, 8, 39, 16, 45, 17, 32, 15, 40, 21) "
"OP(6,6,6,6,6,6,10,4)",0,Solved,"0,1240"," (4t+2)","0,1295","(\infty, 3, 15, \infty, 39, 27) (32, 21, 42, 25, 11, 40) (8, 45, 18, 1, 35, 16) (4, 0, 22, 20, 10, 43) (28, 24, 46, 44, 34, 19) (33, 36, 29, 9, 12, 5) (37, 2, 7, 6, 38, 13, 26, 31, 30, 14) (23, 41, 47, 17) "
"OP(4,6,6,6,6,6,10,3,3)",0,Solved,"0,0410"," (4t+2)","0,0464","(\infty, 20, \infty, 44) (22, 9, 35, 45, 14, 37) (46, 33, 11, 21, 38, 13) (16, 7, 19, 39, 18, 32) (40, 31, 43, 15, 42, 8) (1, 2, 6, 25, 26, 30) (12, 4, 10, 17, 47, 36, 28, 34, 41, 23) (0, 5, 3) (24, 29, 27) "
"OP(6,6,6,6,6,10,5,5)",0,Solved,"0,0960"," (4t+2)","0,0991","(\infty, 2, 4, \infty, 28, 26) (5, 8, 45, 7, 11, 44) (29, 32, 21, 31, 35, 20) (6, 12, 17, 9, 38, 13) (30, 36, 41, 33, 14, 37) (0, 27, 40, 22, 10, 24, 3, 16, 46, 34) (42, 25, 47, 15, 43) (18, 1, 23, 39, 19) "
"OP(6,6,6,6,6,10,4,3,3)",0,Solved,"0,0460"," (4t+2)","0,0498","(\infty, 44, 18, \infty, 42, 20) (14, 6, 15, 36, 16, 45) (38, 30, 39, 12, 40, 21) (37, 22, 10, 9, 41, 23) (13, 46, 34, 33, 17, 47) (4, 2, 7, 0, 3, 28, 26, 31, 24, 27) (19, 8, 43, 32) (11, 5, 1) (35, 29, 25) "
"OP(4,6,6,6,6,4,4,4,10)",0,Solved,"0,0550"," (4t+2)","0,0591","(\infty, 1, \infty, 25) (2, 3, 9, 22, 37, 5) (26, 27, 33, 46, 13, 29) (7, 15, 32, 41, 12, 0) (31, 39, 8, 17, 36, 24) (6, 4, 47, 10) (30, 28, 23, 34) (11, 21, 35, 45) (14, 42, 16, 43, 20, 38, 18, 40, 19, 44) "
"OP(4,6,6,6,6,10,3,3,3,3)",0,Solved,"0,0670"," (4t+2)","0,0705","(\infty, 19, \infty, 43) (41, 14, 4, 11, 24, 9) (17, 38, 28, 35, 0, 33) (2, 7, 8, 10, 47, 16) (26, 31, 32, 34, 23, 40) (20, 42, 22, 45, 15, 44, 18, 46, 21, 39) (6, 3, 12) (30, 27, 36) (5, 13, 1) (29, 37, 25) "
"OP(6,6,6,6,10,5,5,3,3)",0,Solved,"0,1790"," (4t+2)","0,1833","(\infty, 0, 8, \infty, 32, 24) (6, 7, 9, 14, 2, 17) (30, 31, 33, 38, 26, 41) (15, 1, 10, 39, 25, 34) (47, 20, 16, 13, 3, 23, 44, 40, 37, 27) (36, 18, 43, 21, 5) (12, 42, 19, 45, 29) (4, 46, 11) (28, 22, 35) "
"OP(4,6,6,6,5,5,4,4,10)",0,Solved,"0,0960"," (4t+2)","0,1012","(\infty, 7, \infty, 31) (38, 3, 44, 22, 4, 1) (14, 27, 20, 46, 28, 25) (13, 33, 21, 37, 9, 45) (8, 35, 40, 6, 39) (32, 11, 16, 30, 15) (5, 24, 47, 43) (29, 0, 23, 19) (42, 41, 2, 10, 12, 18, 17, 26, 34, 36) "
"OP(6,6,6,6,10,4,4,4,4)",0,Solved,"0,0570"," (4t+2)","0,0611","(\infty, 15, 43, \infty, 19, 39) (16, 8, 9, 12, 5, 0) (40, 32, 33, 36, 29, 24) (22, 18, 31, 46, 42, 7) (6, 4, 10, 27, 1, 30, 28, 34, 3, 25) (45, 11, 41, 20) (21, 35, 17, 44) (2, 14, 23, 13) (26, 38, 47, 37) "
"OP(6,6,6,6,10,4,3,3,3,3)",0,Solved,"0,2650"," (4t+2)","0,2690","(\infty, 46, 44, \infty, 20, 22) (39, 31, 35, 3, 33, 2) (15, 7, 11, 27, 9, 26) (40, 43, 28, 16, 19, 4) (45, 25, 6, 32, 42, 21, 1, 30, 8, 18) (37, 36, 13, 12) (47, 41, 34) (23, 17, 10) (24, 29, 38) (0, 5, 14) "
"OP(4,6,6,6,4,4,4,10,3,3)",0,Solved,"0,1690"," (4t+2)","0,1726","(\infty, 11, \infty, 35) (17, 32, 20, 34, 18, 7) (41, 8, 44, 10, 42, 31) (38, 13, 5, 14, 37, 29) (9, 4, 22, 15) (33, 28, 46, 39) (2, 6, 26, 30) (47, 12, 43, 16, 45, 23, 36, 19, 40, 21) (1, 0, 3) (25, 24, 27) "
"OP(4,6,6,6,10,3,3,3,3,3,3)",0,Solved,"0,0400"," (4t+2)","0,0440","(\infty, 19, \infty, 43) (17, 22, 1, 27, 10, 47) (41, 46, 25, 3, 34, 23) (2, 36, 13, 26, 12, 37) (35, 29, 31, 21, 18, 11, 5, 7, 45, 42) (38, 39, 30) (14, 15, 6) (33, 0, 4) (9, 24, 28) (44, 16, 32) (20, 40, 8) "
"OP(4,6,6,5,5,5,5,4,10)",0,Solved,"0,1800"," (4t+2)","0,1835","(\infty, 0, \infty, 24) (1, 2, 4, 7, 12, 5) (25, 26, 28, 31, 36, 29) (3, 9, 17, 30, 13) (27, 33, 41, 6, 37) (8, 19, 35, 10, 22) (32, 43, 11, 34, 46) (14, 23, 38, 47) (15, 42, 20, 40, 21, 39, 18, 44, 16, 45) "
"OP(6,6,6,10,5,5,4,4,4)",0,Solved,"0,1260"," (4t+2)","0,1299","(\infty, 12, 46, \infty, 22, 36) (7, 16, 42, 15, 43, 20) (31, 40, 18, 39, 19, 44) (6, 11, 8, 1, 13, 30, 35, 32, 25, 37) (5, 3, 2, 10, 21) (29, 27, 26, 34, 45) (14, 4, 0, 33) (38, 28, 24, 9) (23, 17, 47, 41) "
"OP(6,6,6,10,5,5,3,3,3,3)",0,Solved,"0,1980"," (4t+2)","0,2029","(\infty, 10, 0, \infty, 24, 34) (46, 20, 31, 1, 15, 17) (22, 44, 7, 25, 39, 41) (18, 11, 23, 3, 9, 42, 35, 47, 27, 33) (43, 16, 8, 21, 38) (19, 40, 32, 45, 14) (13, 4, 36) (37, 28, 12) (2, 6, 5) (26, 30, 29) "
"OP(4,6,6,5,5,4,4,10,3,3)",0,Solved,"0,0590"," (4t+2)","0,0627","(\infty, 19, \infty, 43) (39, 11, 36, 47, 32, 18) (15, 35, 12, 23, 8, 42) (1, 40, 10, 4, 3) (25, 16, 34, 28, 27) (20, 33, 30, 46) (44, 9, 6, 22) (31, 0, 5, 13, 17, 7, 24, 29, 37, 41) (21, 2, 14) (45, 26, 38) "
"OP(6,6,6,10,4,4,4,4,3,3)",0,Solved,"0,2430"," (4t+2)","0,2470","(\infty, 17, 47, \infty, 23, 41) (34, 21, 9, 0, 14, 19) (10, 45, 33, 24, 38, 43) (46, 30, 11, 3, 5, 22, 6, 35, 27, 29) (7, 1, 8, 4) (31, 25, 32, 28) (40, 20, 42, 15) (16, 44, 18, 39) (13, 2, 12) (37, 26, 36) "
"OP(6,6,6,10,4,3,3,3,3,3,3)",0,Solved,"0,3940"," (4t+2)","0,3980","(\infty, 6, 4, \infty, 28, 30) (38, 17, 43, 42, 10, 21) (14, 41, 19, 18, 34, 45) (2, 9, 44, 8, 11, 26, 33, 20, 32, 35) (16, 12, 40, 36) (5, 0, 23) (29, 24, 47) (7, 15, 1) (31, 39, 25) (13, 3, 22) (37, 27, 46) "
"OP(4,6,6,4,4,4,4,4,4,10)",0,Solved,"0,0450"," (4t+2)","0,0489","(\infty, 12, \infty, 36) (47, 13, 5, 3, 9, 10) (23, 37, 29, 27, 33, 34) (7, 4, 0, 16) (31, 28, 24, 40) (18, 6, 1, 8) (42, 30, 25, 32) (17, 35, 15, 2) (41, 11, 39, 26) (20, 45, 14, 43, 22, 44, 21, 38, 19, 46) "
"OP(4,6,6,4,4,4,10,3,3,3,3)",0,Solved,"0,1850"," (4t+2)","0,1890","(\infty, 22, \infty, 46) (5, 23, 13, 8, 0, 2) (29, 47, 37, 32, 24, 26) (6, 17, 11, 7) (30, 41, 35, 31) (10, 3, 34, 27) (43, 18, 4, 20, 39, 19, 42, 28, 44, 15) (38, 25, 16) (14, 1, 40) (36, 21, 9) (12, 45, 33) "
"OP(4,6,6,10,3,3,3,3,3,3,3,3)",0,Solved,"0,3010"," (4t+2)","0,3056","(\infty, 37, \infty, 13) (32, 33, 44, 42, 16, 3) (8, 9, 20, 18, 40, 27) (17, 38, 43, 10, 0, 41, 14, 19, 34, 24) (35, 15, 47) (11, 39, 23) (1, 7, 46) (25, 31, 22) (5, 28, 45) (29, 4, 21) (2, 6, 36) (26, 30, 12) "
"OP(4,6,5,5,5,5,5,5,10)",0,Solved,"0,0830"," (4t+2)","0,0873","(\infty, 7, \infty, 31) (40, 35, 33, 16, 11, 9) (20, 14, 6, 2, 1) (44, 38, 30, 26, 25) (3, 21, 34, 12, 0) (27, 45, 10, 36, 24) (5, 46, 8, 23, 37) (29, 22, 32, 47, 13) (43, 4, 41, 18, 39, 19, 28, 17, 42, 15) "
"OP(6,6,10,5,5,5,5,4,4)",0,Solved,"0,0620"," (4t+2)","0,0654","(\infty, 42, 32, \infty, 8, 18) (43, 47, 46, 19, 23, 22) (34, 37, 0, 40, 33, 10, 13, 24, 16, 9) (25, 27, 41, 26, 38) (1, 3, 17, 2, 14) (44, 39, 45, 6, 28) (20, 15, 21, 30, 4) (36, 7, 35, 5) (12, 31, 11, 29) "
"OP(4,6,5,5,5,5,4,10,3,3)",0,Solved,"0,1180"," (4t+2)","0,1229","(\infty, 4, \infty, 28) (42, 5, 6, 18, 29, 30) (10, 13, 7, 0, 8) (34, 37, 31, 24, 32) (15, 11, 1, 14, 33) (39, 35, 25, 38, 9) (12, 21, 36, 45) (2, 27, 43, 23, 40, 26, 3, 19, 47, 16) (17, 22, 44) (41, 46, 20) "
"OP(6,6,10,5,5,4,4,4,3,3)",0,Solved,"0,3970"," (4t+2)","0,4019","(\infty, 29, 35, \infty, 11, 5) (36, 37, 3, 12, 13, 27) (39, 2, 20, 1, 46, 15, 26, 44, 25, 22) (45, 23, 38, 0, 40) (21, 47, 14, 24, 16) (31, 10, 17, 33) (7, 34, 41, 9) (4, 32, 28, 8) (42, 19, 6) (18, 43, 30) "
"OP(6,6,10,5,5,3,3,3,3,3,3)",0,Solved,"0,2070"," (4t+2)","0,2102","(\infty, 12, 42, \infty, 18, 36) (17, 0, 4, 41, 24, 28) (8, 22, 43, 15, 47, 32, 46, 19, 39, 23) (10, 20, 7, 6, 1) (34, 44, 31, 30, 25) (2, 21, 9) (26, 45, 33) (38, 16, 13) (14, 40, 37) (5, 11, 3) (29, 35, 27) "
"OP(4,6,5,5,4,4,4,4,4,10)",0,Solved,"0,1710"," (4t+2)","0,1749","(\infty, 11, \infty, 35) (38, 44, 46, 14, 20, 22) (39, 31, 9, 27, 28) (15, 7, 33, 3, 4) (42, 37, 8, 29) (18, 13, 32, 5) (43, 36, 24, 34) (19, 12, 0, 10) (17, 21, 41, 45) (26, 1, 16, 30, 47, 2, 25, 40, 6, 23) "
"OP(4,6,5,5,4,4,10,3,3,3,3)",0,Solved,"0,2570"," (4t+2)","0,2607","(\infty, 21, \infty, 45) (14, 9, 7, 38, 33, 31) (10, 22, 13, 20, 42) (34, 46, 37, 44, 18) (8, 4, 3, 11) (32, 28, 27, 35) (5, 23, 43, 6, 0, 29, 47, 19, 30, 24) (1, 15, 36) (25, 39, 12) (17, 2, 40) (41, 26, 16) "
"OP(6,6,10,4,4,4,4,4,4,4)",0,Solved,"0,1580"," (4t+2)","0,1620","(\infty, 12, 8, \infty, 32, 36) (26, 20, 47, 2, 44, 23) (30, 37, 42, 41, 29, 6, 13, 18, 17, 5) (0, 16, 25, 10) (24, 40, 1, 34) (38, 3, 33, 4) (14, 27, 9, 28) (46, 35, 7, 15) (22, 11, 31, 39) (45, 43, 21, 19) "
"OP(6,6,10,4,4,4,4,3,3,3,3)",0,Solved,"0,0630"," (4t+2)","0,0674","(\infty, 21, 7, \infty, 31, 45) (34, 36, 41, 10, 12, 17) (25, 43, 44, 23, 30, 1, 19, 20, 47, 6) (4, 24, 16, 29) (28, 0, 40, 5) (2, 35, 9, 13) (26, 11, 33, 37) (32, 38, 22) (8, 14, 46) (39, 42, 3) (15, 18, 27) "
"OP(6,6,10,4,3,3,3,3,3,3,3,3)",0,Solved,"0,1320"," (4t+2)","0,1384","(\infty, 13, 11, \infty, 35, 37) (10, 15, 3, 34, 39, 27) (6, 26, 19, 1, 9, 30, 2, 43, 25, 33) (0, 23, 24, 47) (7, 41, 4) (31, 17, 28) (18, 44, 5) (42, 20, 29) (12, 45, 16) (36, 21, 40) (14, 46, 8) (38, 22, 32) "
"OP(4,6,4,4,4,4,4,4,10,3,3)",0,Solved,"0,0510"," (4t+2)","0,0561","(\infty, 22, \infty, 46) (14, 47, 20, 38, 23, 44) (0, 13, 4, 12) (24, 37, 28, 36) (1, 17, 43, 18) (25, 41, 19, 42) (7, 9, 8, 2) (31, 33, 32, 26) (21, 35, 15, 5, 16, 45, 11, 39, 29, 40) (6, 10, 3) (30, 34, 27) "
"OP(4,6,4,4,4,10,3,3,3,3,3,3)",0,Solved,"0,0730"," (4t+2)","0,0771","(\infty, 44, \infty, 20) (40, 27, 42, 16, 3, 18) (4, 2, 39, 32) (28, 26, 15, 8) (36, 33, 12, 9) (1, 31, 47, 46, 34, 25, 7, 23, 22, 10) (6, 37, 29) (30, 13, 5) (24, 38, 43) (0, 14, 19) (41, 35, 45) (17, 11, 21) "
"OP(4,6,10,3,3,3,3,3,3,3,3,3,3)",0,Solved,"0,1060"," (4t+2)","0,1097","(\infty, 7, \infty, 31) (12, 16, 18, 36, 40, 42) (17, 9, 22, 45, 14, 41, 33, 46, 21, 38) (4, 20, 11) (28, 44, 35) (32, 6, 3) (8, 30, 27) (13, 2, 1) (37, 26, 25) (47, 5, 19) (23, 29, 43) (10, 0, 15) (34, 24, 39) "
"OP(10,6,6,6,6,6,6,4)",0,Solved,"0,0490"," (4t+2)","0,0532","(\infty, 2, 4, 7, 6, \infty, 30, 31, 28, 26) (9, 45, 22, 16, 27, 47) (33, 21, 46, 40, 3, 23) (34, 19, 41, 11, 42, 15) (10, 43, 17, 35, 18, 39) (5, 14, 0, 13, 8, 1) (29, 38, 24, 37, 32, 25) (20, 12, 44, 36) "
"OP(10,6,6,6,6,6,5,5)",0,Solved,"0,0620"," (4t+2)","0,0664","(\infty, 8, 41, 13, 44, \infty, 20, 37, 17, 32) (3, 16, 43, 18, 11, 2) (27, 40, 19, 42, 35, 26) (12, 22, 34, 15, 7, 1) (36, 46, 10, 39, 31, 25) (47, 21, 5, 23, 45, 29) (6, 4, 0, 14, 9) (30, 28, 24, 38, 33) "
"OP(10,6,6,6,6,6,4,3,3)",0,Solved,"0,1650"," (4t+2)","0,1700","(\infty, \infty, 23, 46, 35, 7, 31, 11, 22, 47) (33, 36, 0, 16, 18, 26) (9, 12, 24, 40, 42, 2) (38, 3, 17, 32, 5, 43) (14, 27, 41, 8, 29, 19) (1, 45, 44, 25, 21, 20) (28, 34, 4, 10) (6, 15, 37) (30, 39, 13) "
"OP(10,6,6,6,6,5,5,3,3)",0,Solved,"0,0530"," (4t+2)","0,0564","(\infty, 3, 4, 6, 9, \infty, 33, 30, 28, 27) (34, 18, 43, 15, 1, 16) (10, 42, 19, 39, 25, 40) (26, 13, 8, 14, 23, 45) (2, 37, 32, 38, 47, 21) (44, 36, 46, 29, 17) (20, 12, 22, 5, 41) (0, 7, 11) (24, 31, 35) "
"OP(4,5,5,6,6,6,4,4,10)",0,Solved,"0,0570"," (4t+2)","0,0611","(\infty, 26, \infty, 2) (36, 40, 41, 46, 43) (12, 16, 17, 22, 19) (25, 47, 32, 42, 24, 38) (1, 23, 8, 18, 0, 14) (6, 34, 7, 30, 10, 31) (35, 44, 33, 4) (11, 20, 9, 28) (27, 39, 45, 37, 5, 3, 15, 21, 13, 29) "
"OP(10,6,6,6,6,4,4,4,4)",0,Solved,"0,0520"," (4t+2)","0,0555","(\infty, 4, 5, 7, 2, \infty, 26, 31, 29, 28) (18, 45, 22, 13, 3, 35) (42, 21, 46, 37, 27, 11) (39, 17, 6, 0, 8, 20) (15, 41, 30, 24, 32, 44) (14, 34, 19, 1) (38, 10, 43, 25) (9, 12, 16, 23) (33, 36, 40, 47) "
"OP(10,6,6,6,6,4,3,3,3,3)",0,Solved,"0,1670"," (4t+2)","0,1706","(\infty, 1, 7, 36, 13, \infty, 37, 12, 31, 25) (3, 17, 6, 18, 5, 2) (27, 41, 30, 42, 29, 26) (34, 19, 47, 15, 8, 16) (10, 43, 23, 39, 32, 40) (46, 20, 22, 44) (4, 0, 9) (28, 24, 33) (38, 11, 21) (14, 35, 45) "
"OP(4,5,5,6,6,5,5,4,10)",0,Solved,"0,1030"," (4t+2)","0,1068","(\infty, 19, \infty, 43) (45, 17, 7, 12, 0) (21, 41, 31, 36, 24) (22, 39, 23, 37, 18, 40) (46, 15, 47, 13, 42, 16) (8, 2, 6, 14, 29) (32, 26, 30, 38, 5) (20, 9, 44, 33) (1, 3, 4, 11, 34, 25, 27, 28, 35, 10) "
"OP(10,6,6,6,5,5,4,4,4)",0,Solved,"0,0600"," (4t+2)","0,0643","(\infty, 2, 12, 6, 8, \infty, 32, 30, 36, 26) (0, 20, 45, 19, 35, 18) (24, 44, 21, 43, 11, 42) (23, 16, 3, 47, 40, 27) (13, 14, 5, 17, 46) (37, 38, 29, 41, 22) (9, 1, 15, 4) (33, 25, 39, 28) (10, 7, 34, 31) "
"OP(10,6,6,6,5,5,3,3,3,3)",0,Solved,"0,1100"," (4t+2)","0,1138","(\infty, 3, 11, 38, 37, \infty, 13, 14, 35, 27) (44, 12, 43, 15, 5, 10) (20, 36, 19, 39, 29, 34) (40, 7, 9, 16, 31, 33) (41, 2, 21, 8, 4) (17, 26, 45, 32, 28) (18, 6, 0) (42, 30, 24) (1, 46, 23) (25, 22, 47) "
"OP(4,5,5,6,6,4,4,10,3,3)",0,Solved,"0,0410"," (4t+2)","0,0454","(\infty, 10, \infty, 34) (6, 17, 44, 32, 16) (30, 41, 20, 8, 40) (18, 47, 21, 38, 13, 46) (42, 23, 45, 14, 37, 22) (7, 1, 2, 11) (31, 25, 26, 35) (4, 12, 19, 33, 15, 28, 36, 43, 9, 39) (0, 5, 3) (24, 29, 27) "
"OP(10,6,6,6,4,4,4,4,3,3)",0,Solved,"0,1430"," (4t+2)","0,1464","(\infty, 42, 11, 3, 14, \infty, 38, 27, 35, 18) (20, 1, 19, 26, 36, 23) (44, 25, 43, 2, 12, 47) (8, 22, 10, 32, 46, 34) (33, 17, 45, 6) (9, 41, 21, 30) (13, 15, 40, 7) (37, 39, 16, 31) (0, 4, 5) (24, 28, 29) "
"OP(10,6,6,6,4,3,3,3,3,3,3)",0,Solved,"0,1890"," (4t+2)","0,1928","(\infty, 7, 20, 46, 13, \infty, 37, 22, 44, 31) (21, 40, 12, 42, 17, 38) (45, 16, 36, 18, 41, 14) (23, 11, 0, 47, 35, 24) (15, 5, 39, 29) (4, 9, 1) (28, 33, 25) (2, 8, 6) (26, 32, 30) (19, 10, 3) (43, 34, 27) "
"OP(4,5,5,6,5,5,5,5,10)",0,Solved,"0,0520"," (4t+2)","0,0557","(\infty, 14, \infty, 38) (5, 15, 7, 16, 9) (29, 39, 31, 40, 33) (2, 19, 45, 26, 43, 21) (17, 1, 36, 18, 6) (41, 25, 12, 42, 30) (13, 46, 0, 20, 47) (37, 22, 24, 44, 23) (3, 8, 11, 10, 4, 27, 32, 35, 34, 28) "
"OP(10,6,6,5,5,5,5,4,4)",0,Solved,"0,0430"," (4t+2)","0,0470","(\infty, 5, 9, 7, 17, \infty, 41, 31, 33, 29) (16, 44, 21, 38, 8, 2) (40, 20, 45, 14, 32, 26) (3, 10, 1, 22, 19) (27, 34, 25, 46, 43) (0, 15, 4, 12, 47) (24, 39, 28, 36, 23) (11, 6, 18, 37) (35, 30, 42, 13) "
"OP(4,5,5,6,5,5,4,10,3,3)",0,Solved,"0,1150"," (4t+2)","0,1189","(\infty, 46, \infty, 22) (7, 14, 44, 21, 41) (31, 38, 20, 45, 17) (43, 40, 30, 19, 16, 6) (0, 29, 25, 9, 15) (24, 5, 1, 33, 39) (4, 2, 28, 26) (8, 35, 23, 36, 37, 32, 11, 47, 12, 13) (18, 27, 10) (42, 3, 34) "
"OP(10,6,6,5,5,4,4,4,3,3)",0,Solved,"0,2770"," (4t+2)","0,2821","(\infty, 35, 46, 23, 7, \infty, 31, 47, 22, 11) (15, 3, 13, 6, 9, 44) (39, 27, 37, 30, 33, 20) (1, 45, 28, 42, 0) (25, 21, 4, 18, 24) (43, 16, 36, 41) (19, 40, 12, 17) (38, 29, 14, 5) (26, 34, 8) (2, 10, 32) "
"OP(10,6,6,5,5,3,3,3,3,3,3)",0,Solved,"0,2990"," (4t+2)","0,3033","(\infty, 29, 42, 40, 23, \infty, 47, 16, 18, 5) (28, 43, 35, 3, 37, 7) (4, 19, 11, 27, 13, 31) (33, 44, 25, 2, 30) (9, 20, 1, 26, 6) (41, 32, 36) (17, 8, 12) (39, 45, 38) (15, 21, 14) (34, 24, 46) (10, 0, 22) "
"OP(4,5,5,6,4,4,4,4,4,10)",0,Solved,"0,0800"," (4t+2)","0,0844","(\infty, 47, \infty, 23) (31, 10, 13, 43, 14) (7, 34, 37, 19, 38) (35, 29, 21, 11, 5, 45) (4, 27, 25, 24) (28, 3, 1, 0) (30, 16, 9, 18) (6, 40, 33, 42) (2, 15, 26, 39) (41, 8, 12, 44, 22, 17, 32, 36, 20, 46) "
"OP(4,5,5,6,4,4,10,3,3,3,3)",0,Solved,"0,1210"," (4t+2)","0,1241","(\infty, 18, \infty, 42) (12, 29, 38, 44, 41) (36, 5, 14, 20, 17) (1, 22, 45, 25, 46, 21) (2, 4, 16, 6) (26, 28, 40, 30) (3, 8, 19, 37, 11, 27, 32, 43, 13, 35) (10, 23, 9) (34, 47, 33) (7, 0, 15) (31, 24, 39) "
"OP(10,6,6,4,4,4,4,4,4,4)",0,Solved,"0,0570"," (4t+2)","0,0611","(\infty, 10, 43, 11, 6, \infty, 30, 35, 19, 34) (39, 21, 22, 1, 23, 42) (15, 45, 46, 25, 47, 18) (12, 3, 16, 20) (36, 27, 40, 44) (2, 13, 33, 8) (26, 37, 9, 32) (5, 17, 0, 7) (29, 41, 24, 31) (14, 4, 38, 28) "
"OP(10,6,6,4,4,4,4,3,3,3,3)",0,Solved,"0,0620"," (4t+2)","0,0665","(\infty, 29, 15, 47, 17, \infty, 41, 23, 39, 5) (30, 2, 40, 27, 21, 32) (6, 26, 16, 3, 45, 8) (46, 19, 38, 37) (22, 43, 14, 13) (44, 11, 42, 1) (20, 35, 18, 25) (4, 0, 12) (28, 24, 36) (34, 31, 9) (10, 7, 33) "
"OP(10,6,6,4,3,3,3,3,3,3,3,3)",0,Solved,"0,1650"," (4t+2)","0,1708","(\infty, 44, 26, 4, 14, \infty, 38, 28, 2, 20) (47, 6, 37, 10, 46, 41) (23, 30, 13, 34, 22, 17) (7, 42, 31, 18) (15, 35, 12) (39, 11, 36) (0, 9, 8) (24, 33, 32) (19, 3, 5) (43, 27, 29) (45, 1, 16) (21, 25, 40) "
"OP(10,6,5,5,5,5,5,5,4)",0,Solved,"0,0680"," (4t+2)","0,0721","(\infty, 43, 13, 22, 3, \infty, 27, 46, 37, 19) (1, 6, 17, 25, 30, 41) (42, 8, 15, 2, 14) (18, 32, 39, 26, 38) (21, 47, 16, 10, 0) (45, 23, 40, 34, 24) (5, 20, 4, 7, 9) (29, 44, 28, 31, 33) (12, 11, 36, 35) "
"OP(4,5,5,5,5,5,5,10,3,3)",0,Solved,"0,1050"," (4t+2)","0,1095","(\infty, 3, \infty, 27) (2, 12, 46, 43, 31) (26, 36, 22, 19, 7) (32, 24, 39, 13, 45) (8, 0, 15, 37, 21) (47, 4, 34, 30, 5) (23, 28, 10, 6, 29) (17, 16, 9, 11, 20, 41, 40, 33, 35, 44) (42, 25, 14) (18, 1, 38) "
"OP(10,6,5,5,5,5,4,4,3,3)",0,Solved,"0,0950"," (4t+2)","0,0990","(\infty, 25, 42, 3, 39, \infty, 15, 27, 18, 1) (23, 12, 31, 47, 36, 7) (8, 5, 9, 37, 10) (32, 29, 33, 13, 34) (38, 24, 2, 40, 46) (14, 0, 26, 16, 22) (28, 43, 44, 21) (4, 19, 20, 45) (17, 35, 30) (41, 11, 6) "
"OP(4,5,5,5,5,4,4,4,4,10)",0,Solved,"0,0590"," (4t+2)","0,0627","(\infty, 7, \infty, 31) (4, 15, 36, 23, 13) (28, 39, 12, 47, 37) (3, 10, 22, 14, 8) (27, 34, 46, 38, 32) (20, 40, 21, 6) (44, 16, 45, 30) (11, 41, 19, 42) (35, 17, 43, 18) (9, 5, 2, 0, 1, 33, 29, 26, 24, 25) "
"OP(4,5,5,5,5,4,10,3,3,3,3)",0,Solved,"0,2320"," (4t+2)","0,2357","(\infty, 40, \infty, 16) (35, 8, 42, 3, 47) (11, 32, 18, 27, 23) (46, 28, 44, 6, 39) (22, 4, 20, 30, 15) (10, 9, 34, 33) (31, 2, 19, 41, 13, 7, 26, 43, 17, 37) (29, 21, 24) (5, 45, 0) (1, 36, 38) (25, 12, 14) "
"OP(10,6,5,5,4,4,4,4,4,4)",0,Solved,"0,0710"," (4t+2)","0,0760","(\infty, 22, 45, 26, 12, \infty, 36, 2, 21, 46) (18, 5, 16, 42, 29, 40) (9, 19, 37, 20, 41) (33, 43, 13, 44, 17) (15, 6, 0, 7) (39, 30, 24, 31) (11, 10, 38, 23) (35, 34, 14, 47) (8, 3, 1, 4) (32, 27, 25, 28) "
"OP(10,6,5,5,4,4,4,3,3,3,3)",0,Solved,"0,0730"," (4t+2)","0,0775","(\infty, 40, 19, 27, 30, \infty, 6, 3, 43, 16) (35, 5, 39, 11, 29, 15) (2, 33, 17, 36, 38) (26, 9, 41, 12, 14) (44, 1, 23, 0) (20, 25, 47, 24) (22, 13, 46, 37) (8, 7, 18) (32, 31, 42) (45, 10, 4) (21, 34, 28) "
"OP(10,6,5,5,3,3,3,3,3,3,3,3)",0,Solved,"0,0460"," (4t+2)","0,0498","(\infty, 39, 13, 44, 21, \infty, 45, 20, 37, 15) (6, 14, 41, 30, 38, 17) (12, 42, 23, 8, 22) (36, 18, 47, 32, 46) (4, 1, 2) (28, 25, 26) (35, 7, 19) (11, 31, 43) (3, 16, 10) (27, 40, 34) (0, 5, 9) (24, 29, 33) "
"OP(4,5,5,4,4,4,4,4,10,3,3)",0,Solved,"0,1370"," (4t+2)","0,1415","(\infty, 1, \infty, 25) (5, 41, 4, 2, 11) (29, 17, 28, 26, 35) (10, 37, 45, 15) (34, 13, 21, 39) (47, 40, 6, 19) (23, 16, 30, 43) (31, 8, 7, 32) (36, 46, 24, 27, 44, 12, 22, 0, 3, 20) (33, 18, 14) (9, 42, 38) "
"OP(4,5,5,4,4,10,3,3,3,3,3,3)",0,Solved,"0,1490"," (4t+2)","0,1529","(\infty, \infty, 23, 47) (42, 16, 0, 20, 13) (18, 40, 24, 44, 37) (5, 7, 32, 41) (29, 31, 8, 17) (19, 1, 4, 21, 6, 43, 25, 28, 45, 30) (9, 10, 15) (33, 34, 39) (3, 11, 38) (27, 35, 14) (36, 26, 22) (12, 2, 46) "
"OP(10,6,4,4,4,4,4,4,4,3,3)",0,Solved,"0,2460"," (4t+2)","0,2489","(\infty, \infty, 23, 6, 7, 11, 35, 31, 30, 47) (9, 3, 17, 33, 27, 41) (38, 13, 1, 12) (14, 37, 25, 36) (42, 39, 4, 22) (18, 15, 28, 46) (16, 21, 2, 43) (40, 45, 26, 19) (5, 20, 29, 44) (10, 0, 8) (34, 24, 32) "
"OP(10,6,4,4,4,4,3,3,3,3,3,3)",0,Solved,"0,2530"," (4t+2)","0,2571","(\infty, 32, 40, 41, 26, \infty, 2, 17, 16, 8) (34, 6, 28, 10, 30, 4) (47, 43, 5, 18) (23, 19, 29, 42) (15, 46, 1, 13) (39, 22, 25, 37) (20, 11, 36) (44, 35, 12) (21, 0, 7) (45, 24, 31) (3, 14, 9) (27, 38, 33) "
"OP(10,6,4,3,3,3,3,3,3,3,3,3,3)",0,Solved,"0,3300"," (4t+2)","0,3339","(\infty, 31, 11, 46, 17, \infty, 41, 22, 35, 7) (45, 0, 43, 21, 24, 19) (13, 14, 37, 38) (9, 2, 20) (33, 26, 44) (32, 47, 16) (8, 23, 40) (27, 18, 6) (3, 42, 30) (10, 4, 12) (34, 28, 36) (1, 5, 15) (25, 29, 39) "
"OP(10,5,5,5,5,5,5,5,5)",0,Solved,"0,0890"," (4t+2)","0,0936","(\infty, 37, 14, 3, 41, \infty, 17, 27, 38, 13) (45, 23, 43, 9, 2) (21, 47, 19, 33, 26) (22, 20, 5, 4, 40) (46, 44, 29, 28, 16) (36, 1, 18, 34, 7) (12, 25, 42, 10, 31) (8, 11, 15, 6, 0) (32, 35, 39, 30, 24) "
"OP(10,5,5,5,5,5,5,4,3,3)",0,Solved,"0,1100"," (4t+2)","0,1148","(\infty, 17, 12, 1, 45, \infty, 21, 25, 36, 41) (39, 13, 40, 11, 8) (15, 37, 16, 35, 32) (10, 2, 0, 20, 33) (34, 26, 24, 44, 9) (6, 47, 5, 43, 7) (30, 23, 29, 19, 31) (3, 18, 27, 42) (22, 4, 38) (46, 28, 14) "
"OP(4,4,4,5,5,5,5,4,4,10)",0,Solved,"0,0800"," (4t+2)","0,0850","(\infty, 17, \infty, 41) (2, 3, 1, 12) (26, 27, 25, 36) (7, 20, 35, 15, 33) (31, 44, 11, 39, 9) (8, 13, 4, 45, 5) (32, 37, 28, 21, 29) (16, 43, 18, 47) (40, 19, 42, 23) (38, 22, 10, 6, 0, 14, 46, 34, 30, 24) "
"OP(4,4,5,5,5,5,10,3,3,3,3)",0,Solved,"0,0670"," (4t+2)","0,0724","(\infty, 3, \infty, 27) (4, 5, 28, 29) (6, 11, 17, 45, 14) (30, 35, 41, 21, 38) (1, 15, 26, 10, 8) (25, 39, 2, 34, 32) (42, 23, 20, 46, 36, 18, 47, 44, 22, 12) (7, 19, 40) (31, 43, 16) (0, 9, 13) (24, 33, 37) "
"OP(10,5,5,5,5,4,4,4,4,4)",0,Solved,"0,0510"," (4t+2)","0,0557","(\infty, 2, 3, 5, 8, \infty, 32, 29, 27, 26) (7, 1, 9, 20, 11) (31, 25, 33, 44, 35) (4, 16, 43, 36, 17) (28, 40, 19, 12, 41) (13, 39, 21, 46) (37, 15, 45, 22) (38, 6, 23, 18) (14, 30, 47, 42) (0, 10, 24, 34) "
"OP(10,5,5,5,5,4,4,3,3,3,3)",0,Solved,"0,1300"," (4t+2)","0,1338","(\infty, 19, 14, 23, 1, \infty, 25, 47, 38, 43) (18, 45, 7, 10, 3) (42, 21, 31, 34, 27) (22, 8, 9, 41, 5) (46, 32, 33, 17, 29) (2, 13, 0, 20) (26, 37, 24, 44) (11, 15, 40) (35, 39, 16) (12, 6, 4) (36, 30, 28) "
"OP(4,4,4,5,5,4,4,4,10,3,3)",0,Solved,"0,1760"," (4t+2)","0,1812","(\infty, 12, \infty, 36) (22, 44, 13, 40) (46, 20, 37, 16) (7, 1, 4, 0, 2) (31, 25, 28, 24, 26) (30, 14, 5, 15) (6, 38, 29, 39) (8, 19, 32, 43) (47, 18, 41, 21, 9, 23, 42, 17, 45, 33) (3, 10, 11) (27, 34, 35) "
"OP(4,4,4,5,5,10,3,3,3,3,3,3)",0,Solved,"0,0430"," (4t+2)","0,0463","(\infty, 17, \infty, 41) (29, 25, 6, 21) (5, 1, 30, 45) (42, 36, 33, 2, 24) (18, 12, 9, 26, 0) (22, 31, 11, 10, 8, 46, 7, 35, 34, 32) (38, 27, 43) (14, 3, 19) (20, 13, 47) (44, 37, 23) (4, 16, 39) (28, 40, 15) "
"OP(10,5,5,4,4,4,4,4,4,3,3)",0,Solved,"0,0740"," (4t+2)","0,0776","(\infty, 0, 2, 3, 10, \infty, 34, 27, 26, 24) (5, 8, 13, 19, 9) (29, 32, 37, 43, 33) (4, 12, 21, 35) (28, 36, 45, 11) (6, 17, 38, 18) (30, 41, 14, 42) (40, 22, 47, 25) (16, 46, 23, 1) (7, 20, 39) (31, 44, 15) "
"OP(10,5,5,4,4,4,3,3,3,3,3,3)",0,Solved,"0,1400"," (4t+2)","0,1445","(\infty, 37, 10, 11, 3, \infty, 27, 35, 34, 13) (46, 42, 29, 26, 4) (22, 18, 5, 2, 28) (25, 44, 32, 14) (1, 20, 8, 38) (9, 43, 33, 19) (7, 39, 0) (31, 15, 24) (47, 45, 30) (23, 21, 6) (16, 36, 41) (40, 12, 17) "
"OP(10,5,5,3,3,3,3,3,3,3,3,3,3)",0,Solved,"0,1290"," (4t+2)","0,1336","(\infty, 43, 9, 38, 17, \infty, 41, 14, 33, 19) (6, 32, 12, 16, 1) (30, 8, 36, 40, 25) (20, 13, 4) (44, 37, 28) (5, 42, 11) (29, 18, 35) (7, 15, 45) (31, 39, 21) (10, 46, 23) (34, 22, 47) (0, 3, 2) (24, 27, 26) "
"OP(4,4,4,4,4,4,4,4,4,4,10)",0,Solved,"0,0430"," (4t+2)","0,0485","(\infty, \infty, 23, 47) (17, 14, 1, 16) (41, 38, 25, 40) (44, 22, 2, 19) (20, 46, 26, 43) (10, 4, 11, 0) (34, 28, 35, 24) (36, 15, 6, 18) (12, 39, 30, 42) (3, 8, 27, 32) (45, 13, 5, 9, 7, 21, 37, 29, 33, 31) "
"OP(4,4,4,4,4,4,4,10,3,3,3,3)",0,Solved,"0,0710"," (4t+2)","0,0755","(\infty, 18, \infty, 42) (41, 21, 8, 19) (17, 45, 32, 43) (3, 5, 12, 9) (27, 29, 36, 33) (40, 23, 44, 15) (16, 47, 20, 39) (46, 31, 13, 1, 6, 22, 7, 37, 25, 30) (14, 4, 0) (38, 28, 24) (10, 2, 11) (34, 26, 35) "
"OP(4,4,4,4,10,3,3,3,3,3,3,3,3)",0,Solved,"0,2440"," (4t+2)","0,2473","(\infty, 21, \infty, 45) (12, 16, 19, 41) (36, 40, 43, 17) (8, 7, 32, 31) (11, 1, 15, 23, 2, 35, 25, 39, 47, 26) (18, 5, 0) (42, 29, 24) (20, 3, 9) (44, 27, 33) (38, 10, 22) (14, 34, 46) (6, 4, 13) (30, 28, 37) "
"OP(10,4,4,4,4,4,4,4,4,4,4)",0,Solved,"0,0470"," (4t+2)","0,0508","(\infty, 42, 11, 10, 38, \infty, 14, 34, 35, 18) (3, 5, 17, 9) (27, 29, 41, 33) (4, 0, 16, 7) (28, 24, 40, 31) (6, 1, 8, 19) (30, 25, 32, 43) (39, 12, 2, 20) (15, 36, 26, 44) (46, 21, 47, 13) (22, 45, 23, 37) "
"OP(10,4,4,4,4,4,4,4,3,3,3,3)",0,Solved,"0,0830"," (4t+2)","0,0867","(\infty, 24, 7, 15, 10, \infty, 34, 39, 31, 0) (18, 41, 19, 21) (42, 17, 43, 45) (23, 9, 8, 27) (47, 33, 32, 3) (37, 44, 16, 4) (13, 20, 40, 28) (38, 25, 14, 1) (5, 26, 35) (29, 2, 11) (46, 36, 30) (22, 12, 6) "
"OP(10,4,4,4,4,3,3,3,3,3,3,3,3)",0,Solved,"0,1380"," (4t+2)","0,1420","(\infty, 47, 35, 32, 9, \infty, 33, 8, 11, 23) (34, 17, 3, 42) (10, 41, 27, 18) (2, 39, 12, 40) (26, 15, 36, 16) (45, 1, 44) (21, 25, 20) (19, 13, 0) (43, 37, 24) (38, 31, 5) (14, 7, 29) (22, 6, 4) (46, 30, 28) "
"OP(10,4,3,3,3,3,3,3,3,3,3,3,3,3)",0,Solved,"0,0970"," (4t+2)","0,1006","(\infty, 4, 42, 5, 6, \infty, 30, 29, 18, 28) (8, 13, 32, 37) (7, 0, 9) (31, 24, 33) (14, 17, 1) (38, 41, 25) (11, 23, 44) (35, 47, 20) (10, 2, 27) (34, 26, 3) (12, 16, 46) (36, 40, 22) (15, 21, 43) (39, 45, 19) "
"OP(6,9,9,9,9,8)",0,Solved,"0,0590"," (4t+2)","0,0634","(\infty, 4, 8, \infty, 32, 28) (5, 12, 13, 21, 7, 19, 10, 0, 2) (29, 36, 37, 45, 31, 43, 34, 24, 26) (3, 9, 39, 14, 47, 16, 42, 22, 35) (27, 33, 15, 38, 23, 40, 18, 46, 11) (6, 1, 20, 41, 30, 25, 44, 17) "
"OP(10,9,9,6)",0,Solved,"0,0610"," (4t+2)","0,0659","(\infty, 3, 4, 6, 9, \infty, 33, 30, 28, 27) (29, 41, 18, 10, 1, 15, 26, 44, 8) (5, 17, 42, 34, 25, 39, 2, 20, 32) (13, 23, 45, 37, 47, 21) "
"OP(10,9,9,3,3)",0,Solved,"0,0760"," (4t+2)","0,0809","(\infty, 18, 47, 17, 44, \infty, 20, 41, 23, 42) (4, 0, 10, 22, 11, 37, 21, 12, 19) (28, 24, 34, 46, 35, 13, 45, 36, 43) (5, 3, 6) (29, 27, 30) "
"OP(10,8,9,9,7,7)",0,Solved,"0,0740"," (4t+2)","0,0796","(\infty, 4, 12, 16, 42, \infty, 18, 40, 36, 28) (1, 15, 21, 5, 25, 39, 45, 29) (6, 47, 22, 7, 8, 10, 13, 0, 11) (30, 23, 46, 31, 32, 34, 37, 24, 35) (2, 14, 43, 33, 3, 20, 41) (26, 38, 19, 9, 27, 44, 17) "
"OP(4,9,9,6,4)",0,Solved,"0,0470"," (4t+2)","0,0511","(\infty, 17, \infty, 41) (6, 0, 12, 40, 11, 42, 20, 9, 2) (30, 24, 36, 16, 35, 18, 44, 33, 26) (3, 5, 13, 27, 29, 37) (10, 1, 34, 25) "
"OP(4,9,9,5,5)",0,Solved,"0,0570"," (4t+2)","0,0616","(\infty, 1, \infty, 25) (2, 3, 9, 5, 18, 45, 16, 46, 12) (26, 27, 33, 29, 42, 21, 40, 22, 36) (10, 7, 0, 11, 43) (34, 31, 24, 35, 19) "
"OP(10,8,9,9,6,4,4)",0,Solved,"0,0900"," (4t+2)","0,0934","(\infty, 2, 4, 5, 8, \infty, 32, 29, 28, 26) (45, 10, 6, 44, 21, 34, 30, 20) (12, 41, 15, 47, 16, 11, 0, 27, 42) (36, 17, 39, 23, 40, 35, 24, 3, 18) (22, 14, 7, 46, 38, 31) (25, 13, 33, 19) (1, 37, 9, 43) "
"OP(10,8,9,9,5,5,4)",0,Solved,"0,1630"," (4t+2)","0,1671","(\infty, 8, 11, 1, 30, \infty, 6, 25, 35, 32) (4, 9, 15, 0, 28, 33, 39, 24) (18, 36, 13, 5, 44, 7, 3, 10, 45) (42, 12, 37, 29, 20, 31, 27, 34, 21) (14, 46, 47, 16, 2) (38, 22, 23, 40, 26) (17, 19, 41, 43) "
"OP(4,9,9,4,3,3)",0,Solved,"0,0460"," (4t+2)","0,0500","(\infty, 38, \infty, 14) (10, 32, 7, 36, 5, 40, 2, 42, 44) (34, 8, 31, 12, 29, 16, 26, 18, 20) (21, 30, 45, 6) (46, 43, 37) (22, 19, 13) "
"OP(10,8,9,9,4,4,3,3)",0,Solved,"0,1540"," (4t+2)","0,1570","(\infty, 45, 4, 2, 11, \infty, 35, 26, 28, 21) (6, 16, 15, 44, 30, 40, 39, 20) (22, 10, 36, 19, 37, 9, 41, 14, 47) (46, 34, 12, 43, 13, 33, 17, 38, 23) (5, 1, 7, 18) (29, 25, 31, 42) (3, 0, 8) (27, 24, 32) "
"OP(8,8,9,9)",0,Solved,"0,0840"," (4t+2)","0,0879","(\infty, 17, 2, 3, \infty, 27, 26, 41) (1, 6, 8, 34, 25, 30, 32, 10) (18, 35, 46, 23, 39, 5, 45, 9, 12) (42, 11, 22, 47, 15, 29, 21, 33, 36) "
"OP(4,8,9,9,4)",0,Solved,"0,0500"," (4t+2)","0,0537","(\infty, 21, \infty, 45) (3, 11, 23, 46, 27, 35, 47, 22) (16, 32, 12, 43, 17, 38, 20, 10, 1) (40, 8, 36, 19, 41, 14, 44, 34, 25) (2, 15, 26, 39) "
"OP(9,9,9,8,7,5,3)",,Infeasible,,Table config is not valid,,
"OP(8,9,9,4,4)",0,Solved,"0,0470"," (4t+2)","0,0509","(\infty, 1, 4, 13, \infty, 37, 28, 25) (3, 2, 0, 5, 9, 15, 30, 18, 10) (27, 26, 24, 29, 33, 39, 6, 42, 34) (8, 35, 17, 7) (32, 11, 41, 31) "
"OP(4,9,9,6,6)",0,Solved,"0,0440"," (4t+2)","0,0475","(\infty, 16, \infty, 40) (15, 4, 20, 38, 12, 31, 45, 22, 42) (39, 28, 44, 14, 36, 7, 21, 46, 18) (23, 13, 8, 1, 2, 11) (47, 37, 32, 25, 26, 35) "
"OP(6,9,9,6,4)",0,Solved,"0,0860"," (4t+2)","0,0903","(\infty, 0, 2, \infty, 26, 24) (3, 6, 5, 9, 15, 4, 23, 16, 8) (27, 30, 29, 33, 39, 28, 47, 40, 32) (7, 17, 43, 31, 41, 19) (10, 37, 34, 13) "
"OP(4,9,9,6,3,3)",0,Solved,"0,0670"," (4t+2)","0,0711","(\infty, 34, \infty, 10) (6, 25, 46, 45, 39, 32, 24, 36, 31) (30, 1, 22, 21, 15, 8, 0, 12, 7) (33, 5, 35, 9, 29, 11) (47, 37, 26) (23, 13, 2) "
"OP(6,9,9,5,5)",0,Solved,"0,1050"," (4t+2)","0,1093","(\infty, 1, 33, \infty, 9, 25) (19, 24, 30, 42, 2, 32, 4, 7, 40) (43, 0, 6, 18, 26, 8, 28, 31, 16) (38, 29, 3, 34, 41) (14, 5, 27, 10, 17) "
"OP(6,9,9,4,3,3)",0,Solved,"0,0370"," (4t+2)","0,0406","(\infty, 4, 14, \infty, 38, 28) (21, 46, 20, 8, 37, 23, 40, 12, 39) (45, 22, 44, 32, 13, 47, 16, 36, 15) (11, 7, 35, 31) (1, 2, 9) (25, 26, 33) "
"OP(4,9,9,4,4,4)",0,Solved,"0,0800"," (4t+2)","0,0837","(\infty, 10, \infty, 34) (9, 44, 12, 1, 41, 5, 7, 0, 6) (33, 20, 36, 25, 17, 29, 31, 24, 30) (18, 45, 28, 8) (42, 21, 4, 32) (22, 3, 46, 27) "
"OP(4,9,9,3,3,3,3)",0,Solved,"0,0520"," (4t+2)","0,0558","(\infty, 15, \infty, 39) (4, 6, 9, 14, 29, 40, 13, 7, 0) (28, 30, 33, 38, 5, 16, 37, 31, 24) (2, 3, 12) (26, 27, 36) (46, 18, 41) (22, 42, 17) "
"OP(4,9,9,7,7,6,8)",0,Solved,"0,0880"," (4t+2)","0,0919","(\infty, 37, \infty, 13) (21, 44, 39, 46, 0, 29, 25, 42, 43) (45, 20, 15, 22, 24, 5, 1, 18, 19) (47, 35, 27, 7, 16, 26, 10) (23, 11, 3, 31, 40, 2, 34) (36, 30, 33, 12, 6, 9) (32, 14, 28, 41, 8, 38, 4, 17) "
"OP(6,9,9,7,7,8,4)",0,Solved,"0,1050"," (4t+2)","0,1098","(\infty, 11, 31, \infty, 7, 35) (10, 46, 43, 44, 14, 41, 18, 5, 39) (34, 22, 19, 20, 38, 17, 42, 29, 15) (33, 40, 8, 4, 47, 30, 24) (9, 16, 32, 28, 23, 6, 0) (2, 12, 45, 37, 26, 36, 21, 13) (3, 25, 27, 1) "
"OP(4,9,9,7,7,8,3,3)",0,Solved,"0,0810"," (4t+2)","0,0844","(\infty, 22, \infty, 46) (19, 35, 20, 47, 18, 40, 17, 34, 6) (43, 11, 44, 23, 42, 16, 41, 10, 30) (14, 13, 4, 2, 8, 3, 0) (38, 37, 28, 26, 32, 27, 24) (21, 33, 15, 7, 45, 9, 39, 31) (5, 12, 1) (29, 36, 25) "
"OP(8,9,9,8,6,6,4)",0,Solved,"0,0520"," (4t+2)","0,0557","(\infty, 1, 4, 13, \infty, 37, 28, 25) (3, 2, 0, 5, 9, 15, 30, 18, 10) (27, 26, 24, 29, 33, 39, 6, 42, 34) (14, 35, 17, 7, 38, 11, 41, 31) (46, 23, 45, 16, 44, 12) (22, 47, 21, 40, 20, 36) (19, 8, 43, 32) "
"OP(8,9,9,8,6,5,5)",0,Solved,"0,1830"," (4t+2)","0,1869","(\infty, 1, 4, 23, \infty, 47, 28, 25) (7, 6, 12, 21, 0, 20, 43, 13, 18) (31, 30, 36, 45, 24, 44, 19, 37, 42) (11, 15, 5, 3, 35, 39, 29, 27) (10, 41, 8, 34, 17, 32) (9, 16, 2, 14, 22) (33, 40, 26, 38, 46) "
"OP(8,9,9,8,6,4,3,3)",0,Solved,"0,2300"," (4t+2)","0,2333","(\infty, 5, 11, 7, \infty, 31, 35, 29) (24, 44, 15, 16, 23, 14, 6, 1, 12) (0, 20, 39, 40, 47, 38, 30, 25, 36) (17, 3, 34, 9, 41, 27, 10, 33) (13, 43, 22, 37, 19, 46) (4, 2, 28, 26) (21, 18, 8) (45, 42, 32) "
"OP(8,9,9,8,5,5,3,3)",0,Solved,"0,0450"," (4t+2)","0,0490","(\infty, 1, 4, 13, \infty, 37, 28, 25) (3, 2, 0, 5, 9, 15, 30, 18, 10) (27, 26, 24, 29, 33, 39, 6, 42, 34) (14, 35, 17, 7, 38, 11, 41, 31) (20, 46, 12, 23, 43) (44, 22, 36, 47, 19) (40, 21, 8) (16, 45, 32) "
"OP(9,9,9,7,5,4,4,3)",,Infeasible,,Table config is not valid,,
"OP(8,9,9,8,4,4,4,4)",0,Solved,"0,0590"," (4t+2)","0,0631","(\infty, 37, 36, 3, \infty, 27, 12, 13) (35, 9, 41, 18, 6, 19, 15, 46, 16) (11, 33, 17, 42, 30, 43, 39, 22, 40) (1, 4, 14, 5, 25, 28, 38, 29) (7, 2, 8, 0) (31, 26, 32, 24) (44, 10, 21, 23) (20, 34, 45, 47) "
"OP(8,9,9,8,4,3,3,3,3)",0,Solved,"0,1030"," (4t+2)","0,1078","(\infty, 14, 5, 8, \infty, 32, 29, 38) (21, 2, 16, 3, 7, 19, 44, 11, 42) (45, 26, 40, 27, 31, 43, 20, 35, 18) (0, 1, 9, 4, 24, 25, 33, 28) (15, 13, 39, 37) (17, 47, 10) (41, 23, 34) (6, 22, 12) (30, 46, 36) "
"OP(6,9,9,6,6,6,8)",0,Solved,"0,0600"," (4t+2)","0,0646","(\infty, 45, 19, \infty, 43, 21) (41, 5, 8, 2, 22, 12, 44, 10, 23) (17, 29, 32, 26, 46, 36, 20, 34, 47) (13, 14, 3, 7, 15, 42) (37, 38, 27, 31, 39, 18) (4, 6, 11, 28, 30, 35) (0, 9, 16, 1, 24, 33, 40, 25) "
"OP(6,9,9,6,6,8,3,3)",0,Solved,"0,0580"," (4t+2)","0,0617","(\infty, 4, 8, \infty, 32, 28) (5, 12, 21, 10, 18, 40, 15, 0, 2) (29, 36, 45, 34, 42, 16, 39, 24, 26) (3, 9, 22, 23, 41, 13) (27, 33, 46, 47, 17, 37) (31, 14, 35, 19, 7, 38, 11, 43) (1, 20, 6) (25, 44, 30) "
"OP(4,9,9,6,6,4,4,8)",0,Solved,"0,1140"," (4t+2)","0,1183","(\infty, 46, \infty, 22) (39, 35, 2, 36, 38, 41, 34, 40, 4) (15, 11, 26, 12, 14, 17, 10, 16, 28) (6, 27, 44, 5, 33, 43) (30, 3, 20, 29, 9, 19) (0, 25, 7, 8) (24, 1, 31, 32) (47, 42, 13, 45, 23, 18, 37, 21) "
"OP(4,9,9,6,5,5,4,8)",0,Solved,"0,2010"," (4t+2)","0,2046","(\infty, 19, \infty, 43) (36, 13, 4, 6, 18, 46, 16, 45, 23) (12, 37, 28, 30, 42, 22, 40, 21, 47) (2, 5, 15, 26, 29, 39) (14, 8, 3, 7, 0) (38, 32, 27, 31, 24) (9, 1, 33, 25) (11, 10, 41, 20, 35, 34, 17, 44) "
"OP(6,9,9,6,8,4,4,4)",0,Solved,"0,1820"," (4t+2)","0,1866","(\infty, 8, 24, \infty, 0, 32) (20, 41, 1, 36, 37, 47, 43, 9, 35) (44, 17, 25, 12, 13, 23, 19, 33, 11) (6, 4, 21, 30, 28, 45) (27, 2, 38, 31, 3, 26, 14, 7) (18, 29, 10, 15) (42, 5, 34, 39) (16, 22, 40, 46) "
"OP(6,9,9,6,8,3,3,3,3)",0,Solved,"0,0420"," (4t+2)","0,0463","(\infty, 15, 3, \infty, 27, 39) (8, 23, 43, 14, 44, 13, 45, 22, 35) (32, 47, 19, 38, 20, 37, 21, 46, 11) (17, 12, 1, 41, 36, 25) (2, 9, 18, 40, 26, 33, 42, 16) (4, 5, 7) (28, 29, 31) (0, 10, 6) (24, 34, 30) "
"OP(4,9,9,6,4,4,8,3,3)",0,Solved,"0,0550"," (4t+2)","0,0590","(\infty, 33, \infty, 9) (42, 32, 39, 44, 45, 24, 35, 7, 46) (18, 8, 15, 20, 21, 0, 11, 31, 22) (2, 34, 3, 26, 10, 27) (43, 41, 47, 29) (19, 17, 23, 5) (38, 30, 1, 36, 14, 6, 25, 12) (37, 4, 40) (13, 28, 16) "
"OP(4,9,9,5,5,5,5,8)",0,Solved,"0,0590"," (4t+2)","0,0631","(\infty, 21, \infty, 45) (11, 34, 13, 5, 1, 7, 12, 2, 4) (35, 10, 37, 29, 25, 31, 36, 26, 28) (40, 23, 22, 8, 20) (16, 47, 46, 32, 44) (41, 15, 0, 18, 9) (17, 39, 24, 42, 33) (43, 14, 3, 6, 19, 38, 27, 30) "
"OP(6,9,9,8,5,5,4,4)",0,Solved,"0,2740"," (4t+2)","0,2775","(\infty, 47, 31, \infty, 7, 23) (17, 43, 6, 25, 45, 40, 27, 9, 10) (41, 19, 30, 1, 21, 16, 3, 33, 34) (8, 44, 13, 46, 32, 20, 37, 22) (39, 36, 11, 38, 29) (15, 12, 35, 14, 5) (4, 0, 42, 2) (28, 24, 18, 26) "
"OP(4,9,9,5,5,4,8,3,3)",0,Solved,"0,0450"," (4t+2)","0,0493","(\infty, 16, \infty, 40) (12, 4, 9, 39, 20, 8, 41, 6, 43) (36, 28, 33, 15, 44, 32, 17, 30, 19) (14, 0, 3, 10, 42) (38, 24, 27, 34, 18) (21, 46, 45, 22) (13, 23, 2, 11, 37, 47, 26, 35) (7, 5, 1) (31, 29, 25) "
"OP(6,9,9,8,4,4,4,3,3)",0,Solved,"0,2150"," (4t+2)","0,2185","(\infty, \infty, 23, 19, 43, 47) (5, 2, 16, 42, 21, 8, 1, 0, 17) (29, 26, 40, 18, 45, 32, 25, 24, 41) (6, 46, 9, 15, 30, 22, 33, 39) (35, 37, 28, 3) (11, 13, 4, 27) (31, 36, 7, 12) (38, 10, 20) (14, 34, 44) "
"OP(6,9,9,8,3,3,3,3,3,3)",0,Solved,"0,2000"," (4t+2)","0,2036","(\infty, 28, 26, \infty, 2, 4) (40, 37, 14, 7, 8, 29, 18, 24, 6) (16, 13, 38, 31, 32, 5, 42, 0, 30) (23, 45, 1, 11, 47, 21, 25, 35) (22, 9, 41) (46, 33, 17) (39, 34, 19) (15, 10, 43) (3, 12, 20) (27, 36, 44) "
"OP(4,9,9,4,4,4,4,4,8)",0,Solved,"0,0420"," (4t+2)","0,0457","(\infty, 17, \infty, 41) (3, 20, 38, 18, 22, 7, 21, 40, 19) (27, 44, 14, 42, 46, 31, 45, 16, 43) (8, 10, 13, 1) (32, 34, 37, 25) (2, 15, 23, 12) (26, 39, 47, 36) (4, 5, 28, 29) (9, 0, 6, 11, 33, 24, 30, 35) "
"OP(4,9,9,4,4,8,3,3,3,3)",0,Solved,"0,0750"," (4t+2)","0,0793","(\infty, 2, \infty, 26) (23, 43, 17, 44, 15, 14, 3, 11, 46) (47, 19, 41, 20, 39, 38, 27, 35, 22) (8, 6, 1, 18) (32, 30, 25, 42) (21, 9, 5, 12, 45, 33, 29, 36) (4, 7, 13) (28, 31, 37) (34, 16, 0) (10, 40, 24) "
"OP(10,8,8,8)",0,Solved,"0,0630"," (4t+2)","0,0676","(\infty, 4, 5, 7, 2, \infty, 26, 31, 29, 28) (20, 35, 15, 12, 3, 40, 18, 45) (44, 11, 39, 36, 27, 16, 42, 21) (8, 0, 6, 10, 32, 24, 30, 34) "
"OP(4,8,8,8,4)",0,Solved,"0,0610"," (4t+2)","0,0646","(\infty, 14, \infty, 38) (22, 32, 16, 10, 5, 12, 20, 35) (46, 8, 40, 34, 29, 36, 44, 11) (7, 3, 2, 0, 31, 27, 26, 24) (4, 1, 28, 25) "
"OP(10,8,8,4,4)",0,Solved,"0,0560"," (4t+2)","0,0677","(\infty, 44, 45, 14, 0, \infty, 24, 38, 21, 20) (41, 22, 40, 12, 2, 9, 3, 18) (17, 46, 16, 36, 26, 33, 27, 42) (19, 15, 4, 6) (43, 39, 28, 30) "
"OP(4,7,7,8,6)",0,Solved,"0,1270"," (4t+2)","0,1338","(\infty, 2, \infty, 26) (1, 4, 5, 7, 3, 15, 41) (25, 28, 29, 31, 27, 39, 17) (34, 11, 6, 0, 10, 35, 30, 24) (8, 19, 12, 32, 43, 36) "
"OP(6,7,7,8,4)",0,Solved,"0,1270"," (4t+2)","0,1312","(\infty, 20, 8, \infty, 32, 44) (6, 2, 3, 37, 40, 5, 11) (30, 26, 27, 13, 16, 29, 35) (43, 28, 1, 42, 19, 4, 25, 18) (46, 17, 22, 41) "
"OP(4,7,7,8,3,3)",0,Solved,"0,1050"," (4t+2)","0,1105","(\infty, 16, \infty, 40) (44, 0, 9, 46, 19, 32, 2) (20, 24, 33, 22, 43, 8, 26) (4, 23, 13, 36, 28, 47, 37, 12) (3, 1, 15) (27, 25, 39) "
"OP(10,8,6,6,4)",0,Solved,"0,0490"," (4t+2)","0,0534","(\infty, 2, 4, 7, 6, \infty, 30, 31, 28, 26) (12, 42, 33, 16, 36, 18, 9, 40) (27, 43, 21, 46, 17, 38) (3, 19, 45, 22, 41, 14) (23, 15, 47, 39) "
"OP(10,8,6,5,5)",0,Solved,"0,0880"," (4t+2)","0,0919","(\infty, 17, 19, 46, 23, \infty, 47, 22, 43, 41) (5, 20, 9, 38, 29, 44, 33, 14) (2, 6, 1, 26, 30, 25) (15, 45, 13, 0, 12) (39, 21, 37, 24, 36) "
"OP(10,8,6,4,3,3)",0,Solved,"0,1020"," (4t+2)","0,1051","(\infty, 11, 47, 13, 39, \infty, 15, 37, 23, 35) (1, 6, 14, 42, 25, 30, 38, 18) (21, 10, 0, 45, 34, 24) (4, 7, 28, 31) (16, 43, 20) (40, 19, 44) "
"OP(10,8,5,5,3,3)",0,Solved,"0,1020"," (4t+2)","0,1061","(\infty, 19, 8, 13, 35, \infty, 11, 37, 32, 43) (10, 4, 1, 3, 34, 28, 25, 27) (7, 15, 6, 2, 9) (31, 39, 30, 26, 33) (21, 20, 41) (45, 44, 17) "
"OP(4,8,8,4,4,4)",0,Solved,"0,0430"," (4t+2)","0,0470","(\infty, 9, \infty, 33) (6, 11, 10, 43, 45, 23, 2, 22) (30, 35, 34, 19, 21, 47, 26, 46) (0, 4, 1, 40) (24, 28, 25, 16) (8, 38, 32, 14) "
"OP(10,8,4,4,4,4)",0,Solved,"0,0970"," (4t+2)","0,1009","(\infty, 36, 19, 44, 14, \infty, 38, 20, 43, 12) (23, 11, 2, 10, 47, 35, 26, 34) (6, 0, 46, 45) (30, 24, 22, 21) (1, 4, 9, 16) (25, 28, 33, 40) "
"OP(10,8,4,3,3,3,3)",0,Solved,"0,1500"," (4t+2)","0,1539","(\infty, 25, 30, 10, 33, \infty, 9, 34, 6, 1) (32, 29, 36, 0, 8, 5, 12, 24) (28, 39, 4, 15) (43, 22, 35) (19, 46, 11) (44, 26, 45) (20, 2, 21) "
"OP(4,7,7,7,7)",0,Solved,"0,0400"," (4t+2)","0,0443","(\infty, 14, \infty, 38) (45, 15, 3, 19, 46, 36, 23) (21, 39, 27, 43, 22, 12, 47) (4, 7, 32, 18, 10, 1, 2) (28, 31, 8, 42, 34, 25, 26) "
"OP(10,7,7,6,4)",0,Solved,"0,0490"," (4t+2)","0,0524","(\infty, 0, 26, 35, 40, \infty, 16, 11, 2, 24) (46, 30, 27, 28, 9, 42, 32) (22, 6, 3, 4, 33, 18, 8) (44, 47, 36, 20, 23, 12) (5, 39, 29, 15) "
"OP(10,7,7,5,5)",0,Solved,"0,0470"," (4t+2)","0,0517","(\infty, 47, 36, 46, 21, \infty, 45, 22, 12, 23) (4, 17, 34, 8, 37, 19, 40) (28, 41, 10, 32, 13, 43, 16) (20, 7, 1, 2, 11) (44, 31, 25, 26, 35) "
"OP(10,7,7,4,3,3)",0,Solved,"0,2380"," (4t+2)","0,2419","(\infty, 7, 9, 12, 11, \infty, 35, 36, 33, 31) (5, 18, 2, 40, 3, 15, 1) (29, 42, 26, 16, 27, 39, 25) (10, 45, 34, 21) (22, 0, 8) (46, 24, 32) "
"OP(6,7,7,6,6)",0,Solved,"0,0510"," (4t+2)","0,0550","(\infty, 4, 12, \infty, 36, 28) (5, 14, 21, 33, 46, 32, 16) (29, 38, 45, 9, 22, 8, 40) (0, 2, 3, 6, 10, 15) (24, 26, 27, 30, 34, 39) "
"OP(6,7,7,6,3,3)",0,Solved,"0,0850"," (4t+2)","0,0894","(\infty, 25, 7, \infty, 31, 1) (39, 36, 41, 45, 9, 37, 26) (15, 12, 17, 21, 33, 13, 2) (44, 27, 46, 20, 3, 22) (38, 28, 35) (14, 4, 11) "
"OP(4,7,7,6,4,4)",0,Solved,"0,0480"," (4t+2)","0,0515","(\infty, 13, \infty, 37) (43, 16, 8, 20, 3, 23, 10) (19, 40, 32, 44, 27, 47, 34) (0, 4, 42, 24, 28, 18) (14, 46, 21, 7) (38, 22, 45, 31) "
"OP(4,7,7,5,5,4)",0,Solved,"0,1080"," (4t+2)","0,1117","(\infty, 34, \infty, 10) (3, 4, 6, 9, 13, 19, 12) (27, 28, 30, 33, 37, 43, 36) (15, 26, 8, 16, 1) (39, 2, 32, 40, 25) (0, 5, 24, 29) "
"OP(6,7,7,4,4,4)",0,Solved,"0,1730"," (4t+2)","0,1771","(\infty, 2, 40, \infty, 16, 26) (0, 6, 20, 41, 9, 18, 13) (24, 30, 44, 17, 33, 42, 37) (19, 38, 7, 11) (43, 14, 31, 35) (22, 45, 46, 21) "
"OP(6,7,7,3,3,3,3)",0,Solved,"0,1170"," (4t+2)","0,1207","(\infty, 45, 5, \infty, 29, 21) (30, 37, 7, 35, 40, 44, 47) (6, 13, 31, 11, 16, 20, 23) (14, 27, 2) (38, 3, 26) (24, 39, 25) (0, 15, 1) "
"OP(4,7,7,4,4,3,3)",0,Solved,"0,0520"," (4t+2)","0,0556","(\infty, 21, \infty, 45) (8, 1, 13, 44, 18, 4, 5) (32, 25, 37, 20, 42, 28, 29) (3, 11, 41, 12) (27, 35, 17, 36) (40, 15, 2) (16, 39, 26) "
"OP(10,6,6,6,6)",0,Solved,"0,0480"," (4t+2)","0,0520","(\infty, 2, 3, 5, 8, \infty, 32, 29, 27, 26) (7, 1, 9, 16, 4, 37) (31, 25, 33, 40, 28, 13) (20, 11, 6, 38, 15, 36) (44, 35, 30, 14, 39, 12) "
"OP(10,6,6,6,3,3)",0,Solved,"0,0450"," (4t+2)","0,0507","(\infty, 2, 4, 7, 6, \infty, 30, 31, 28, 26) (9, 35, 23, 16, 27, 41) (33, 11, 47, 40, 3, 17) (10, 19, 38, 34, 43, 14) (46, 21, 15) (22, 45, 39) "
"OP(4,8,5,5,6,4)",0,Solved,"0,0840"," (4t+2)","0,0885","(\infty, 13, \infty, 37) (8, 4, 14, 41, 32, 28, 38, 17) (24, 30, 1, 19, 21) (0, 6, 25, 43, 45) (11, 3, 15, 35, 27, 39) (46, 47, 22, 23) "
"OP(10,6,6,4,4,4)",0,Solved,"0,0880"," (4t+2)","0,0922","(\infty, 46, 0, 34, 44, \infty, 20, 10, 24, 22) (33, 39, 6, 29, 41, 42) (9, 15, 30, 5, 17, 18) (47, 3, 32, 25) (23, 27, 8, 1) (38, 7, 14, 31) "
"OP(10,6,6,3,3,3,3)",0,Solved,"0,1460"," (4t+2)","0,1504","(\infty, 2, 40, 39, 30, \infty, 6, 15, 16, 26) (1, 31, 4, 0, 11, 46) (25, 7, 28, 24, 35, 22) (29, 23, 32) (5, 47, 8) (3, 37, 21) (27, 13, 45) "
"OP(4,8,5,5,5,5)",0,Solved,"0,0400"," (4t+2)","0,0444","(\infty, 21, \infty, 45) (43, 14, 5, 3, 19, 38, 29, 27) (15, 32, 11, 4, 0) (39, 8, 35, 28, 24) (20, 9, 6, 1, 7) (44, 33, 30, 25, 31) "
"OP(10,6,5,5,4,4)",0,Solved,"0,0500"," (4t+2)","0,0540","(\infty, 7, 22, 44, 47, \infty, 23, 20, 46, 31) (17, 9, 21, 41, 33, 45) (3, 37, 0, 16, 12) (27, 13, 24, 40, 36) (8, 1, 30, 26) (32, 25, 6, 2) "
"OP(4,8,5,5,4,3,3)",0,Solved,"0,0720"," (4t+2)","0,0762","(\infty, 22, \infty, 46) (21, 12, 19, 3, 45, 36, 43, 27) (47, 11, 32, 4, 0) (23, 35, 8, 28, 24) (20, 34, 44, 10) (40, 17, 30) (16, 41, 6) "
"OP(10,6,4,4,4,3,3)",0,Solved,"0,0850"," (4t+2)","0,0895","(\infty, \infty, 23, 44, 13, 45, 21, 37, 20, 47) (33, 11, 2, 9, 35, 26) (7, 0, 8, 12) (31, 24, 32, 36) (18, 5, 42, 29) (15, 43, 40) (39, 19, 16) "
"OP(10,6,3,3,3,3,3,3)",0,Solved,"0,0820"," (4t+2)","0,0865","(\infty, 9, 5, 10, 21, \infty, 45, 34, 29, 33) (2, 15, 41, 26, 39, 17) (22, 38, 0) (46, 14, 24) (3, 23, 43) (27, 47, 19) (13, 44, 16) (37, 20, 40) "
"OP(10,5,5,5,5,4)",0,Solved,"0,0510"," (4t+2)","0,0549","(\infty, 2, 4, 7, 6, \infty, 30, 31, 28, 26) (22, 45, 33, 16, 27) (46, 21, 9, 40, 3) (37, 17, 43, 18, 36) (13, 41, 19, 42, 12) (23, 15, 47, 39) "
"OP(4,8,4,5,5,3,3)",0,Solved,"0,0490"," (4t+2)","0,0526","(\infty, 4, \infty, 28) (5, 12, 17, 8, 29, 36, 41, 32) (13, 21, 37, 45) (6, 10, 0, 2, 3) (30, 34, 24, 26, 27) (14, 39, 19) (38, 15, 43) "
"OP(10,5,5,4,4,3,3)",0,Solved,"0,0950"," (4t+2)","0,0991","(\infty, 16, 22, 36, 38, \infty, 14, 12, 46, 40) (3, 0, 13, 33, 23) (27, 24, 37, 9, 47) (42, 20, 8, 19) (18, 44, 32, 43) (11, 4, 41) (35, 28, 17) "
"OP(4,8,4,4,4,4,4)",0,Solved,"0,0400"," (4t+2)","0,0446","(\infty, 16, \infty, 40) (9, 5, 6, 3, 33, 29, 30, 27) (11, 46, 14, 4) (35, 22, 38, 28) (0, 15, 43, 12) (24, 39, 19, 36) (1, 23, 25, 47) "
"OP(4,8,4,4,3,3,3,3)",0,Solved,"0,1730"," (4t+2)","0,1775","(\infty, 9, \infty, 33) (26, 19, 0, 22, 2, 43, 24, 46) (1, 3, 36, 6) (25, 27, 12, 30) (35, 44, 13) (11, 20, 37) (5, 40, 41) (29, 16, 17) "
"OP(10,4,4,4,4,4,4)",0,Solved,"0,0640"," (4t+2)","0,0679","(\infty, 37, 25, 39, 31, \infty, 7, 15, 1, 13) (38, 36, 33, 46) (14, 12, 9, 22) (35, 6, 32, 5) (11, 30, 8, 29) (2, 27, 44, 34) (26, 3, 20, 10) "
"OP(10,4,4,4,3,3,3,3)",0,Solved,"0,1300"," (4t+2)","0,1344","(\infty, 22, 21, 19, 38, \infty, 14, 43, 45, 46) (17, 7, 20, 23) (41, 31, 44, 47) (39, 13, 15, 37) (2, 25, 4) (26, 1, 28) (16, 11, 32) (40, 35, 8) "
"OP(10,3,3,3,3,3,3,3,3)",0,Solved,"0,0450"," (4t+2)","0,0489","(\infty, 12, 42, 15, 44, \infty, 20, 39, 18, 36) (6, 14, 31) (30, 38, 7) (43, 23, 46) (19, 47, 22) (32, 17, 4) (8, 41, 28) (1, 2, 11) (25, 26, 35) "
"OP(10,8,7,7,7,7,4)",0,Solved,"0,0510"," (4t+2)","0,0555","(\infty, 47, 20, 21, 3, \infty, 27, 45, 44, 23) (2, 18, 9, 1, 26, 42, 33, 25) (10, 16, 4, 14, 0, 11, 7) (34, 40, 28, 38, 24, 35, 31) (39, 17, 46, 13, 8, 6, 19) (15, 41, 22, 37, 32, 30, 43) (12, 5, 36, 29) "
"OP(6,6,6,7,7)",0,Solved,"0,0480"," (4t+2)","0,0514","(\infty, 10, 44, \infty, 20, 34) (12, 1, 47, 46, 18, 5) (36, 25, 23, 22, 42, 29) (40, 8, 3, 9, 17, 0, 21) (16, 32, 27, 33, 41, 24, 45) "
"OP(6,6,7,7,3,3)",0,Solved,"0,1430"," (4t+2)","0,1479","(\infty, 44, 30, \infty, 6, 20) (8, 37, 5, 32, 13, 29) (27, 47, 38, 36, 42, 43, 39) (3, 23, 14, 12, 18, 19, 15) (26, 0, 25) (2, 24, 1) "
"OP(4,6,7,7,4,4)",0,Solved,"0,0430"," (4t+2)","0,0471","(\infty, 1, \infty, 25) (2, 3, 9, 26, 27, 33) (5, 17, 21, 39, 13, 40, 20) (29, 41, 45, 15, 37, 16, 44) (7, 0, 10, 18) (31, 24, 34, 42) "
"OP(10,8,7,7,6,6,6)",0,Solved,"0,0910"," (4t+2)","0,0947","(\infty, 44, 38, 45, 36, \infty, 12, 21, 14, 20) (30, 27, 0, 34, 6, 3, 24, 10) (43, 42, 26, 7, 32, 37, 33) (19, 18, 2, 31, 8, 13, 9) (25, 47, 39, 41, 28, 40) (1, 23, 15, 17, 4, 16) (46, 35, 5, 22, 11, 29) "
"OP(10,8,7,7,6,6,3,3)",0,Solved,"0,0520"," (4t+2)","0,0558","(\infty, 1, 2, 4, 9, \infty, 33, 28, 26, 25) (5, 16, 19, 42, 29, 40, 43, 18) (22, 39, 13, 6, 0, 10, 38) (46, 15, 37, 30, 24, 34, 14) (47, 3, 11, 41, 20, 8) (23, 27, 35, 17, 44, 32) (7, 21, 36) (31, 45, 12) "
"OP(4,7,7,5,5,4)",0,Solved,"0,1110"," (4t+2)","0,1148","(\infty, 34, \infty, 10) (3, 4, 6, 9, 13, 19, 12) (27, 28, 30, 33, 37, 43, 36) (15, 26, 8, 16, 1) (39, 2, 32, 40, 25) (0, 5, 24, 29) "
"OP(10,8,7,7,6,4,4,4)",0,Solved,"0,1520"," (4t+2)","0,1575","(\infty, 26, 5, 22, 42, \infty, 18, 46, 29, 2) (33, 1, 3, 13, 9, 25, 27, 37) (6, 19, 0, 34, 35, 44, 32) (30, 43, 24, 10, 11, 20, 8) (4, 47, 36, 28, 23, 12) (41, 16, 31, 38) (17, 40, 7, 14) (39, 21, 15, 45) "
"OP(10,8,7,7,6,3,3,3,3)",0,Solved,"0,0610"," (4t+2)","0,0649","(\infty, 5, 13, 22, 7, \infty, 31, 46, 37, 29) (9, 23, 34, 16, 33, 47, 10, 40) (4, 0, 2, 3, 6, 12, 17) (28, 24, 26, 27, 30, 36, 41) (14, 39, 18, 38, 15, 42) (19, 35, 45) (43, 11, 21) (1, 20, 8) (25, 44, 32) "
"OP(4,7,7,4,5,5)",0,Solved,"0,0440"," (4t+2)","0,0473","(\infty, 22, \infty, 46) (18, 10, 4, 2, 7, 19, 33) (42, 34, 28, 26, 31, 43, 9) (0, 3, 24, 27) (8, 17, 6, 5, 1) (32, 41, 30, 29, 25) "
"OP(10,8,7,7,5,5,4,4)",0,Solved,"0,1410"," (4t+2)","0,1453","(\infty, 2, 37, 3, 4, \infty, 28, 27, 13, 26) (6, 18, 39, 11, 30, 42, 15, 35) (46, 20, 17, 1, 19, 36, 21) (22, 44, 41, 25, 43, 12, 45) (9, 7, 0, 10, 14) (33, 31, 24, 34, 38) (16, 5, 47, 8) (40, 29, 23, 32) "
"OP(4,7,7,4,4,3,3)",0,Solved,"0,0490"," (4t+2)","0,0534","(\infty, 21, \infty, 45) (8, 1, 13, 44, 18, 4, 5) (32, 25, 37, 20, 42, 28, 29) (3, 11, 41, 12) (27, 35, 17, 36) (40, 15, 2) (16, 39, 26) "
"OP(10,8,7,7,4,4,4,3,3)",0,Solved,"0,2610"," (4t+2)","0,2645","(\infty, 10, 44, 18, 0, \infty, 24, 42, 20, 34) (16, 41, 21, 19, 40, 17, 45, 43) (7, 39, 22, 9, 5, 12, 4) (31, 15, 46, 33, 29, 36, 28) (23, 8, 2, 11) (47, 32, 26, 35) (1, 6, 25, 30) (14, 13, 3) (38, 37, 27) "
"OP(10,8,7,7,3,3,3,3,3,3)",0,Solved,"0,3270"," (4t+2)","0,3309","(\infty, 44, 33, 3, 30, \infty, 6, 27, 9, 20) (36, 5, 31, 41, 12, 29, 7, 17) (32, 47, 45, 40, 24, 4, 38) (8, 23, 21, 16, 0, 28, 14) (25, 2, 37) (1, 26, 13) (39, 46, 42) (15, 22, 18) (43, 35, 34) (19, 11, 10) "
"OP(4,6,6,6,6,4)",0,Solved,"0,0460"," (4t+2)","0,0500","(\infty, \infty, 23, 47) (40, 14, 5, 3, 6, 11) (16, 38, 29, 27, 30, 35) (15, 4, 0, 12, 13, 46) (39, 28, 24, 36, 37, 22) (1, 7, 25, 31) "
"OP(4,6,6,6,5,5)",0,Solved,"0,0610"," (4t+2)","0,0648","(\infty, 22, \infty, 46) (6, 2, 10, 42, 15, 5) (30, 26, 34, 18, 39, 29) (4, 7, 14, 28, 31, 38) (20, 45, 19, 37, 0) (44, 21, 43, 13, 24) "
"OP(6,6,6,6,4,4)",0,Solved,"0,0620"," (4t+2)","0,0663","(\infty, 3, 5, \infty, 29, 27) (10, 39, 19, 44, 18, 45) (34, 15, 43, 20, 42, 21) (1, 9, 26, 25, 33, 2) (11, 8, 13, 23) (35, 32, 37, 47) "
"OP(4,6,6,6,4,3,3)",0,Solved,"0,1200"," (4t+2)","0,1250","(\infty, 19, \infty, 43) (8, 0, 1, 3, 39, 2) (32, 24, 25, 27, 15, 26) (4, 7, 11, 28, 31, 35) (5, 10, 29, 34) (9, 18, 41) (33, 42, 17) "
"OP(6,6,6,5,5,4)",0,Solved,"0,0790"," (4t+2)","0,0845","(\infty, 3, 41, \infty, 17, 27) (0, 6, 10, 32, 12, 11) (24, 30, 34, 8, 36, 35) (7, 23, 14, 2, 9) (31, 47, 38, 26, 33) (1, 15, 25, 39) "
"OP(4,6,6,5,5,3,3)",0,Solved,"0,0400"," (4t+2)","0,0434","(\infty, 4, \infty, 28) (5, 12, 17, 33, 22, 13) (29, 36, 41, 9, 46, 37) (6, 10, 0, 2, 3) (30, 34, 24, 26, 27) (8, 42, 19) (32, 18, 43) "
"OP(6,6,6,4,4,3,3)",0,Solved,"0,0500"," (4t+2)","0,0548","(\infty, 31, 13, \infty, 37, 7) (12, 18, 34, 20, 24, 43) (36, 42, 10, 44, 0, 19) (16, 3, 26, 35) (40, 27, 2, 11) (15, 30, 32) (39, 6, 8) "
"OP(4,6,6,4,4,4,4)",0,Solved,"0,0440"," (4t+2)","0,0481","(\infty, 21, \infty, 45) (44, 13, 5, 3, 9, 10) (20, 37, 29, 27, 33, 34) (7, 4, 0, 16) (31, 28, 24, 40) (18, 6, 1, 8) (42, 30, 25, 32) "
"OP(4,6,6,4,3,3,3,3)",0,Solved,"0,0420"," (4t+2)","0,0460","(\infty, 2, \infty, 26) (4, 5, 7, 10, 17, 35) (28, 29, 31, 34, 41, 11) (16, 27, 40, 3) (9, 37, 46) (33, 13, 22) (14, 47, 21) (38, 23, 45) "
"OP(6,6,5,5,5,5)",0,Solved,"0,0810"," (4t+2)","0,0849","(\infty, 35, 45, \infty, 21, 11) (3, 0, 7, 27, 24, 31) (23, 41, 10, 43, 44) (47, 17, 34, 19, 20) (12, 4, 9, 46, 14) (36, 28, 33, 22, 38) "
"OP(6,6,5,5,4,3,3)",0,Solved,"0,2840"," (4t+2)","0,2889","(\infty, 36, 10, \infty, 34, 12) (37, 44, 30, 13, 20, 6) (14, 46, 3, 16, 1) (38, 22, 27, 40, 25) (41, 21, 17, 45) (33, 23, 18) (9, 47, 42) "
"OP(4,6,5,5,4,4,4)",0,Solved,"0,0370"," (4t+2)","0,0411","(\infty, 4, \infty, 28) (6, 38, 47, 30, 14, 23) (43, 31, 5, 35, 0) (19, 7, 29, 11, 24) (8, 37, 16, 15) (32, 13, 40, 39) (41, 45, 17, 21) "
"OP(4,6,5,5,3,3,3,3)",0,Solved,"0,0780"," (4t+2)","0,0823","(\infty, 12, \infty, 36) (6, 1, 3, 30, 25, 27) (18, 40, 39, 20, 7) (42, 16, 15, 44, 31) (35, 23, 41) (11, 47, 17) (21, 38, 22) (45, 14, 46) "
"OP(6,6,4,4,4,4,4)",0,Solved,"0,2350"," (4t+2)","0,2394","(\infty, 1, 5, \infty, 29, 25) (12, 0, 11, 36, 24, 35) (6, 14, 45, 16) (30, 38, 21, 40) (44, 17, 43, 10) (20, 41, 19, 34) (3, 7, 27, 31) "
"OP(6,6,4,4,3,3,3,3)",0,Solved,"0,0540"," (4t+2)","0,0575","(\infty, 13, 47, \infty, 23, 37) (40, 9, 35, 16, 33, 11) (6, 1, 14, 46) (30, 25, 38, 22) (21, 41, 42) (45, 17, 18) (15, 0, 8) (39, 24, 32) "
"OP(4,6,4,4,4,4,3,3)",0,Solved,"0,0460"," (4t+2)","0,0501","(\infty, 19, \infty, 43) (45, 13, 4, 21, 37, 28) (10, 6, 0, 15) (34, 30, 24, 39) (2, 23, 35, 12) (26, 47, 11, 36) (20, 38, 9) (44, 14, 33) "
"OP(4,6,4,3,3,3,3,3,3)",0,Solved,"0,0610"," (4t+2)","0,0648","(\infty, 4, \infty, 28) (5, 37, 19, 29, 13, 43) (35, 38, 11, 14) (45, 20, 12) (21, 44, 36) (41, 27, 7) (17, 3, 31) (0, 42, 40) (24, 18, 16) "
"OP(4,5,5,6,6,6)",0,Solved,"0,0420"," (4t+2)","0,0468","(\infty, 10, \infty, 34) (19, 8, 38, 17, 45) (43, 32, 14, 41, 21) (1, 4, 16, 31, 15, 5) (25, 28, 40, 7, 39, 29) (47, 22, 9, 23, 46, 33) "
"OP(10,8,6,6,6,6,4,4)",0,Solved,"0,0680"," (4t+2)","0,0718","(\infty, 19, 44, 33, 11, \infty, 35, 9, 20, 43) (17, 4, 13, 23, 41, 28, 37, 47) (3, 10, 18, 30, 14, 8) (27, 34, 42, 6, 38, 32) (7, 22, 39, 12, 40, 21) (31, 46, 15, 36, 16, 45) (2, 0, 1, 5) (26, 24, 25, 29) "
"OP(10,8,6,6,6,5,5,4)",0,Solved,"0,2410"," (4t+2)","0,2459","(\infty, 13, 0, 36, 7, \infty, 31, 12, 24, 37) (38, 33, 29, 46, 14, 9, 5, 22) (47, 17, 43, 4, 3, 45) (23, 41, 19, 28, 27, 21) (6, 44, 10, 30, 20, 34) (2, 42, 1, 16, 39) (26, 18, 25, 40, 15) (8, 11, 32, 35) "
"OP(4,5,5,6,6,3,3)",0,Solved,"0,0570"," (4t+2)","0,0606","(\infty, 10, \infty, 34) (18, 11, 6, 2, 8) (42, 35, 30, 26, 32) (15, 29, 44, 21, 12, 4) (39, 5, 20, 45, 36, 28) (19, 7, 23) (43, 31, 47) "
"OP(10,8,6,6,6,4,4,3,3)",0,Solved,"0,2210"," (4t+2)","0,2250","(\infty, 15, 47, 18, 45, \infty, 21, 42, 23, 39) (5, 14, 31, 44, 29, 38, 7, 20) (1, 6, 2, 4, 16, 8) (25, 30, 26, 28, 40, 32) (13, 43, 17, 37, 19, 41) (3, 9, 10, 0) (27, 33, 34, 24) (22, 11, 36) (46, 35, 12) "
"OP(10,8,6,6,5,5,5,5)",0,Solved,"0,0890"," (4t+2)","0,0925","(\infty, 8, 34, 40, 44, \infty, 20, 16, 10, 32) (7, 37, 39, 38, 31, 13, 15, 14) (36, 28, 43, 26, 42, 45) (12, 4, 19, 2, 18, 21) (25, 35, 46, 33, 6) (1, 11, 22, 9, 30) (24, 47, 27, 41, 29) (0, 23, 3, 17, 5) "
"OP(10,8,6,6,5,5,4,3,3)",0,Solved,"0,0870"," (4t+2)","0,0911","(\infty, 11, 7, 21, 13, \infty, 37, 45, 31, 35) (19, 40, 28, 38, 43, 16, 4, 14) (3, 26, 20, 46, 29, 1) (27, 2, 44, 22, 5, 25) (6, 9, 0, 32, 39) (30, 33, 24, 8, 15) (23, 34, 47, 10) (17, 18, 36) (41, 42, 12) "
"OP(4,5,5,6,4,4,4)",0,Solved,"0,0450"," (4t+2)","0,0486","(\infty, 22, \infty, 46) (9, 5, 6, 3, 11) (33, 29, 30, 27, 35) (44, 18, 4, 20, 42, 28) (0, 12, 19, 10) (24, 36, 43, 34) (1, 14, 25, 38) "
"OP(4,5,5,6,3,3,3,3)",0,Solved,"0,0700"," (4t+2)","0,0744","(\infty, 10, \infty, 34) (9, 40, 5, 11, 7) (33, 16, 29, 35, 31) (45, 19, 0, 21, 43, 24) (47, 13, 1) (23, 37, 25) (6, 14, 15) (30, 38, 39) "
"OP(10,8,6,6,4,4,4,4,4)",0,Solved,"0,0980"," (4t+2)","0,1048","(\infty, 19, 8, 0, 1, \infty, 25, 24, 32, 43) (3, 39, 4, 2, 27, 15, 28, 26) (5, 9, 12, 31, 17, 10) (29, 33, 36, 7, 41, 34) (11, 38, 18, 44) (35, 14, 42, 20) (21, 37, 47, 30) (45, 13, 23, 6) (22, 16, 46, 40) "
"OP(10,8,6,6,4,4,3,3,3,3)",0,Solved,"0,0750"," (4t+2)","0,0793","(\infty, 15, 46, 21, 41, \infty, 17, 45, 22, 39) (19, 11, 4, 13, 43, 35, 28, 37) (18, 6, 16, 31, 12, 34) (42, 30, 40, 7, 36, 10) (1, 5, 2, 0) (25, 29, 26, 24) (14, 8, 3) (38, 32, 27) (23, 9, 44) (47, 33, 20) "
"OP(10,8,6,5,5,5,5,3,3)",0,Solved,"0,0550"," (4t+2)","0,0591","(\infty, 44, 45, 17, 2, \infty, 26, 41, 21, 20) (9, 6, 4, 8, 33, 30, 28, 32) (11, 40, 18, 35, 16, 42) (3, 13, 43, 22, 10) (27, 37, 19, 46, 34) (15, 7, 1, 12, 47) (39, 31, 25, 36, 23) (0, 14, 5) (24, 38, 29) "
"OP(4,5,5,5,5,4,4)",0,Solved,"0,1050"," (4t+2)","0,1089","(\infty, 22, \infty, 46) (16, 11, 33, 4, 32) (40, 35, 9, 28, 8) (44, 2, 5, 6, 17) (20, 26, 29, 30, 41) (18, 36, 45, 43) (42, 12, 21, 19) "
"OP(10,8,6,5,5,4,4,4,4)",0,Solved,"0,1900"," (4t+2)","0,1936","(\infty, 13, 6, 24, 23, \infty, 47, 0, 30, 37) (12, 33, 14, 10, 36, 9, 38, 34) (41, 25, 42, 17, 1, 18) (40, 2, 45, 32, 46) (16, 26, 21, 8, 22) (35, 27, 29, 44) (11, 3, 5, 20) (28, 39, 19, 31) (4, 15, 43, 7) "
"OP(10,8,6,5,5,4,3,3,3,3)",0,Solved,"0,3980"," (4t+2)","0,4021","(\infty, 8, 9, 31, 18, \infty, 42, 7, 33, 32) (28, 12, 37, 44, 4, 36, 13, 20) (23, 43, 16, 47, 19, 40) (38, 35, 45, 34, 5) (14, 11, 21, 10, 29) (6, 0, 30, 24) (2, 46, 41) (26, 22, 17) (15, 3, 1) (39, 27, 25) "
"OP(4,5,5,4,4,4,3,3)",0,Solved,"0,0410"," (4t+2)","0,0450","(\infty, 2, \infty, 26) (3, 6, 14, 7, 1) (27, 30, 38, 31, 25) (5, 10, 32, 15) (29, 34, 8, 39) (9, 20, 33, 44) (11, 12, 21) (35, 36, 45) "
"OP(4,5,5,3,3,3,3,3,3)",0,Solved,"0,0740"," (4t+2)","0,0786","(\infty, 16, \infty, 40) (11, 4, 9, 5, 21) (35, 28, 33, 29, 45) (13, 31, 8) (37, 7, 32) (23, 44, 18) (47, 20, 42) (46, 10, 2) (22, 34, 26) "
"OP(10,8,6,4,4,4,4,4,3,3)",0,Solved,"0,2110"," (4t+2)","0,2149","(\infty, 45, 12, 42, 19, \infty, 43, 18, 36, 21) (7, 1, 17, 10, 31, 25, 41, 34) (2, 6, 4, 26, 30, 28) (0, 20, 9, 8) (24, 44, 33, 32) (14, 11, 40, 5) (38, 35, 16, 29) (23, 13, 47, 37) (15, 3, 46) (39, 27, 22) "
"OP(10,8,6,4,4,3,3,3,3,3,3)",0,Solved,"0,1400"," (4t+2)","0,1440","(\infty, 43, 17, 46, 21, \infty, 45, 22, 41, 19) (5, 14, 1, 13, 29, 38, 25, 37) (9, 23, 6, 33, 47, 30) (11, 0, 15, 18) (35, 24, 39, 42) (2, 20, 40) (26, 44, 16) (3, 8, 7) (27, 32, 31) (4, 12, 10) (28, 36, 34) "
"OP(4,4,4,5,5,5,5)",0,Solved,"0,0450"," (4t+2)","0,0485","(\infty, 22, \infty, 46) (5, 17, 9, 3) (29, 41, 33, 27) (35, 18, 7, 4, 0) (11, 42, 31, 28, 24) (34, 15, 6, 1, 8) (10, 39, 30, 25, 32) "
"OP(10,8,5,5,5,5,4,4,4)",0,Solved,"0,1530"," (4t+2)","0,1575","(\infty, 42, 13, 44, 16, \infty, 40, 20, 37, 18) (14, 8, 0, 11, 38, 32, 24, 35) (6, 22, 15, 1, 45) (30, 46, 39, 25, 21) (10, 43, 17, 5, 23) (34, 19, 41, 29, 47) (2, 12, 9, 7) (26, 36, 33, 31) (3, 4, 27, 28) "
"OP(10,8,5,5,5,5,3,3,3,3)",0,Solved,"0,0550"," (4t+2)","0,0593","(\infty, 9, 23, 1, 11, \infty, 35, 25, 47, 33) (10, 12, 44, 14, 34, 36, 20, 38) (5, 13, 6, 7, 22) (29, 37, 30, 31, 46) (42, 3, 0, 19, 15) (18, 27, 24, 43, 39) (2, 45, 8) (26, 21, 32) (4, 17, 40) (28, 41, 16) "
"OP(4,4,4,4,5,5,3,3)",0,Solved,"0,0460"," (4t+2)","0,0494","(\infty, 4, \infty, 28) (5, 12, 17, 32) (29, 36, 41, 8) (13, 21, 37, 45) (6, 10, 0, 2, 3) (30, 34, 24, 26, 27) (14, 39, 19) (38, 15, 43) "
"OP(10,8,5,5,4,4,4,4,3,3)",0,Solved,"0,0890"," (4t+2)","0,0924","(\infty, 13, 43, 36, 45, \infty, 21, 12, 19, 37) (38, 10, 6, 1, 14, 34, 30, 25) (35, 9, 23, 39, 16) (11, 33, 47, 15, 40) (44, 8, 0, 17) (20, 32, 24, 41) (42, 4, 46, 31) (18, 28, 22, 7) (2, 3, 5) (26, 27, 29) "
"OP(10,8,5,5,4,3,3,3,3,3,3)",0,Solved,"0,2910"," (4t+2)","0,2953","(\infty, 38, 25, 45, 22, \infty, 46, 21, 1, 14) (20, 47, 31, 40, 44, 23, 7, 16) (4, 11, 19, 41, 5) (28, 35, 43, 17, 29) (26, 12, 2, 36) (8, 10, 27) (32, 34, 3) (24, 13, 18) (0, 37, 42) (15, 33, 30) (39, 9, 6) "
"OP(4,4,4,4,4,4,4,4)",0,Solved,"0,0680"," (4t+2)","0,0719","(\infty, 35, \infty, 11) (0, 1, 8, 3) (24, 25, 32, 27) (4, 15, 13, 19) (28, 39, 37, 43) (5, 17, 47, 18) (29, 41, 23, 42) (46, 2, 22, 26) "
"OP(4,4,4,4,4,3,3,3,3)",0,Solved,"0,2140"," (4t+2)","0,2175","(\infty, 5, \infty, 29) (0, 2, 6, 20) (24, 26, 30, 44) (3, 16, 35, 36) (27, 40, 11, 12) (19, 10, 7) (43, 34, 31) (23, 1, 9) (47, 25, 33) "
"OP(4,4,3,3,3,3,3,3,3,3)",0,Solved,"0,1530"," (4t+2)","0,1564","(\infty, 0, \infty, 24) (1, 2, 25, 26) (4, 12, 21) (28, 36, 45) (43, 13, 30) (19, 37, 6) (15, 44, 16) (39, 20, 40) (5, 9, 3) (29, 33, 27) "
"OP(10,8,4,4,4,4,4,4,4,4)",0,Solved,"0,0380"," (4t+2)","0,0414","(\infty, 10, 47, 46, 16, \infty, 40, 22, 23, 34) (3, 5, 8, 44, 27, 29, 32, 20) (4, 0, 33, 13) (28, 24, 9, 37) (6, 1, 7, 14) (30, 25, 31, 38) (41, 12, 2, 15) (17, 36, 26, 39) (11, 45, 18, 43) (35, 21, 42, 19) "
"OP(10,8,4,4,4,4,4,3,3,3,3)",0,Solved,"0,2040"," (4t+2)","0,2094","(\infty, 20, 45, 35, 24, \infty, 0, 11, 21, 44) (2, 37, 4, 8, 26, 13, 28, 32) (30, 16, 15, 22) (6, 40, 39, 46) (18, 34, 25, 23) (42, 10, 1, 47) (41, 14, 17, 38) (9, 3, 29) (33, 27, 5) (12, 43, 31) (36, 19, 7) "
"OP(10,8,4,4,3,3,3,3,3,3,3,3)",0,Solved,"0,0490"," (4t+2)","0,0530","(\infty, 47, 15, 44, 17, \infty, 41, 20, 39, 23) (6, 14, 31, 19, 30, 38, 7, 43) (22, 45, 11, 37) (46, 21, 35, 13) (4, 1, 2) (28, 25, 26) (36, 8, 18) (12, 32, 42) (3, 16, 10) (27, 40, 34) (0, 5, 9) (24, 29, 33) "
"OP(4,8,8,8,6)",0,Solved,"0,0680"," (4t+2)","0,0724","(\infty, 17, \infty, 41) (12, 7, 43, 4, 23, 26, 8, 39) (36, 31, 19, 28, 47, 2, 32, 15) (34, 42, 46, 45, 10, 18, 22, 21) (37, 3, 35, 13, 27, 11) "
"OP(6,8,8,8,4)",0,Solved,"0,0740"," (4t+2)","0,0798","(\infty, 0, 2, \infty, 26, 24) (3, 6, 5, 9, 15, 4, 16, 8) (27, 30, 29, 33, 39, 28, 40, 32) (7, 14, 23, 10, 31, 38, 47, 34) (11, 44, 35, 20) "
"OP(4,8,8,8,3,3)",0,Solved,"0,0390"," (4t+2)","0,0429","(\infty, 36, \infty, 12) (15, 3, 7, 24, 4, 46, 45, 37) (39, 27, 31, 0, 28, 22, 21, 13) (20, 38, 6, 41, 44, 14, 30, 17) (10, 1, 47) (34, 25, 23) "
"OP(4,8,8,7,7)",0,Solved,"0,0200"," (4t+2)","0,0239","(\infty, 14, \infty, 38) (6, 1, 10, 22, 39, 23, 41, 7) (30, 25, 34, 46, 15, 47, 17, 31) (5, 3, 9, 42, 20, 43, 8) (29, 27, 33, 18, 44, 19, 32) "
"OP(8,8,8,6,4)",0,Solved,"0,1530"," (4t+2)","0,1572","(\infty, 7, 6, 1, \infty, 25, 30, 31) (27, 0, 16, 8, 5, 22, 42, 17) (3, 24, 40, 32, 29, 46, 18, 41) (11, 15, 34, 35, 39, 10) (20, 9, 44, 33) "
"OP(8,8,8,5,5)",0,Solved,"0,1180"," (4t+2)","0,1216","(\infty, 45, 14, 33, \infty, 9, 38, 21) (43, 23, 11, 22, 8, 2, 12, 34) (19, 47, 35, 46, 32, 26, 36, 10) (40, 15, 13, 20, 41) (16, 39, 37, 44, 17) "
"OP(8,8,8,4,3,3)",0,Solved,"0,0620"," (4t+2)","0,0660","(\infty, 13, 35, 21, \infty, 45, 11, 37) (6, 17, 16, 0, 18, 8, 5, 1) (30, 41, 40, 24, 42, 32, 29, 25) (20, 47, 44, 23) (22, 39, 19) (46, 15, 43) "
"OP(6,8,8,6,6)",0,Solved,"0,0830"," (4t+2)","0,0867","(\infty, 3, 41, \infty, 17, 27) (0, 6, 10, 19, 42, 20, 40, 11) (24, 30, 34, 43, 18, 44, 16, 35) (14, 2, 9, 1, 15, 45) (38, 26, 33, 25, 39, 21) "
"OP(6,8,8,6,3,3)",0,Solved,"0,0500"," (4t+2)","0,0539","(\infty, 4, 14, \infty, 38, 28) (13, 39, 10, 46, 16, 47, 20, 36) (37, 15, 34, 22, 40, 23, 44, 12) (45, 17, 6, 21, 41, 30) (1, 2, 9) (25, 26, 33) "
"OP(4,8,8,6,4,4)",0,Solved,"0,0450"," (4t+2)","0,0494","(\infty, \infty, 23, 47) (35, 16, 4, 14, 34, 21, 36, 18) (11, 40, 28, 38, 10, 45, 12, 42) (22, 44, 19, 46, 20, 43) (8, 1, 2, 13) (32, 25, 26, 37) "
"OP(4,8,8,5,5,4)",0,Solved,"0,0500"," (4t+2)","0,0539","(\infty, 21, \infty, 45) (3, 11, 41, 14, 36, 19, 47, 22) (27, 35, 17, 38, 12, 43, 23, 46) (16, 32, 20, 10, 1) (40, 8, 44, 34, 25) (2, 15, 26, 39) "
"OP(6,8,8,4,4,4)",0,Solved,"0,0570"," (4t+2)","0,0607","(\infty, 41, 23, \infty, 47, 17) (27, 38, 0, 25, 39, 34, 7, 40) (3, 14, 24, 1, 15, 10, 31, 16) (13, 33, 32, 44) (37, 9, 8, 20) (35, 43, 11, 19) "
"OP(6,8,8,3,3,3,3)",0,Solved,"0,0530"," (4t+2)","0,0561","(\infty, 47, 19, \infty, 43, 23) (17, 8, 2, 5, 9, 38, 15, 31) (41, 32, 26, 29, 33, 14, 39, 7) (46, 16, 3) (22, 40, 27) (1, 6, 18) (25, 30, 42) "
"OP(4,8,8,4,4,3,3)",0,Solved,"0,0520"," (4t+2)","0,0563","(\infty, 13, \infty, 37) (9, 5, 6, 3, 12, 42, 16, 4) (33, 29, 30, 27, 36, 18, 40, 28) (0, 11, 31, 17) (24, 35, 7, 41) (1, 14, 47) (25, 38, 23) "
"OP(8,8,7,7,4)",0,Solved,"0,0660"," (4t+2)","0,0695","(\infty, 27, 6, 31, \infty, 7, 30, 3) (34, 35, 28, 40, 10, 11, 4, 16) (46, 24, 38, 36, 26, 43, 37) (22, 0, 14, 12, 2, 19, 13) (9, 42, 33, 18) "
"OP(6,8,7,7,6)",0,Solved,"0,0490"," (4t+2)","0,0538","(\infty, 13, 45, \infty, 21, 37) (7, 17, 36, 18, 31, 41, 12, 42) (8, 22, 44, 23, 14, 39, 19) (32, 46, 20, 47, 38, 15, 43) (1, 2, 10, 25, 26, 34) "
"OP(6,8,7,7,3,3)",0,Solved,"0,1360"," (4t+2)","0,1419","(\infty, 4, 42, \infty, 18, 28) (5, 6, 8, 13, 29, 30, 32, 37) (7, 0, 9, 12, 16, 1, 15) (31, 24, 33, 36, 40, 25, 39) (47, 20, 14) (23, 44, 38) "
"OP(4,8,7,7,4,4)",0,Solved,"0,0710"," (4t+2)","0,0751","(\infty, 43, \infty, 19) (41, 3, 10, 42, 17, 27, 34, 18) (0, 15, 12, 4, 13, 47, 46) (24, 39, 36, 28, 37, 23, 22) (9, 21, 16, 44) (33, 45, 40, 20) "
"OP(8,8,6,6,6)",0,Solved,"0,0680"," (4t+2)","0,0743","(\infty, 37, 23, 41, \infty, 17, 47, 13) (14, 6, 4, 3, 38, 30, 28, 27) (18, 39, 22, 7, 19, 35) (42, 15, 46, 31, 43, 11) (16, 44, 9, 40, 20, 33) "
"OP(8,8,6,6,3,3)",0,Solved,"0,1600"," (4t+2)","0,1632","(\infty, 14, 25, 20, \infty, 44, 1, 38) (33, 39, 11, 47, 9, 15, 35, 23) (16, 0, 46, 7, 37, 4) (40, 24, 22, 31, 13, 28) (27, 8, 17) (3, 32, 41) "
"OP(9,8,8,7,6,5,4,3)",,Infeasible,,Table config is not valid,,
"OP(8,8,6,4,4,4)",0,Solved,"0,0880"," (4t+2)","0,0921","(\infty, 8, 13, 42, \infty, 18, 37, 32) (4, 7, 14, 10, 28, 31, 38, 34) (44, 17, 6, 20, 41, 30) (21, 19, 3, 15) (45, 43, 27, 39) (16, 46, 40, 22) "
"OP(8,8,6,3,3,3,3)",0,Solved,"0,3420"," (4t+2)","0,3451","(\infty, 44, 7, 8, \infty, 32, 31, 20) (1, 14, 22, 41, 25, 38, 46, 17) (16, 37, 9, 40, 13, 33) (11, 34, 0) (35, 10, 24) (5, 47, 12) (29, 23, 36) "
"OP(9,8,8,7,5,5,5,3)",,Infeasible,,Table config is not valid,,
"OP(8,8,5,5,4,4)",0,Solved,"0,1070"," (4t+2)","0,1116","(\infty, 45, 35, 33, \infty, 9, 11, 21) (42, 7, 34, 41, 18, 31, 10, 17) (0, 39, 38, 44, 25) (24, 15, 14, 20, 1) (37, 6, 40, 26) (13, 30, 16, 2) "
"OP(9,8,8,7,5,4,3,3,3)",,Infeasible,,Table config is not valid,,
"OP(8,8,4,4,4,3,3)",0,Solved,"0,1150"," (4t+2)","0,1193","(\infty, 43, 1, 27, \infty, 3, 25, 19) (21, 38, 36, 18, 45, 14, 12, 42) (15, 2, 30, 11) (39, 26, 6, 35) (22, 17, 46, 41) (10, 7, 5) (34, 31, 29) "
"OP(8,8,3,3,3,3,3,3)",0,Solved,"0,1040"," (4t+2)","0,1078","(\infty, 5, 34, 45, \infty, 21, 10, 29) (31, 8, 46, 38, 7, 32, 22, 14) (37, 28, 0) (13, 4, 24) (35, 33, 47) (11, 9, 23) (26, 44, 6) (2, 20, 30) "
"OP(4,8,6,6,6,4)",0,Solved,"0,0640"," (4t+2)","0,0675","(\infty, 17, \infty, 41) (9, 15, 44, 8, 33, 39, 20, 32) (13, 6, 23, 7, 42, 4) (37, 30, 47, 31, 18, 28) (1, 2, 10, 25, 26, 34) (12, 16, 36, 40) "
"OP(4,8,6,6,5,5)",0,Solved,"0,0580"," (4t+2)","0,0635","(\infty, 18, \infty, 42) (23, 10, 2, 11, 47, 34, 26, 35) (1, 7, 12, 29, 45, 8) (25, 31, 36, 5, 21, 32) (6, 4, 3, 13, 9) (30, 28, 27, 37, 33) "
"OP(6,8,6,6,4,4)",0,Solved,"0,0560"," (4t+2)","0,0606","(\infty, 11, 19, \infty, 43, 35) (0, 4, 1, 8, 24, 28, 25, 32) (3, 5, 23, 13, 7, 2) (27, 29, 47, 37, 31, 26) (16, 30, 18, 33) (40, 6, 42, 9) "
"OP(4,8,6,6,4,3,3)",0,Solved,"0,0650"," (4t+2)","0,0693","(\infty, 2, \infty, 26) (39, 32, 24, 3, 15, 8, 0, 27) (17, 19, 10, 6, 23, 1) (41, 43, 34, 30, 47, 25) (14, 4, 38, 28) (20, 5, 35) (44, 29, 11) "
"OP(6,8,6,5,5,4)",0,Solved,"0,1400"," (4t+2)","0,1439","(\infty, 0, 4, \infty, 28, 24) (41, 18, 11, 8, 17, 42, 35, 32) (19, 30, 14, 43, 6, 38) (15, 36, 10, 22, 40) (39, 12, 34, 46, 16) (9, 1, 33, 25) "
"OP(4,8,6,5,5,3,3)",0,Solved,"0,0890"," (4t+2)","0,0928","(\infty, 17, \infty, 41) (16, 2, 7, 1, 40, 26, 31, 25) (10, 45, 12, 34, 21, 36) (32, 20, 23, 13, 9) (8, 44, 47, 37, 33) (46, 15, 43) (22, 39, 19) "
"OP(6,8,6,4,4,3,3)",0,Solved,"0,1370"," (4t+2)","0,1411","(\infty, 45, 9, \infty, 33, 21) (2, 4, 10, 37, 26, 28, 34, 13) (16, 42, 23, 40, 18, 47) (38, 20, 43, 15) (14, 44, 19, 39) (6, 41, 7) (30, 17, 31) "
"OP(4,8,6,4,4,4,4)",0,Solved,"0,0630"," (4t+2)","0,0693","(\infty, 42, \infty, 18) (6, 3, 5, 1, 30, 27, 29, 25) (9, 31, 20, 33, 7, 44) (22, 12, 11, 34) (46, 36, 35, 10) (23, 39, 21, 16) (47, 15, 45, 40) "
"OP(4,8,6,4,3,3,3,3)",0,Solved,"0,0560"," (4t+2)","0,0594","(\infty, 15, \infty, 39) (11, 7, 12, 41, 35, 31, 36, 17) (44, 19, 46, 20, 43, 22) (23, 6, 47, 30) (14, 5, 4) (38, 29, 28) (16, 2, 13) (40, 26, 37) "
"OP(6,8,5,5,5,5)",0,Solved,"0,0840"," (4t+2)","0,0892","(\infty, 2, 4, \infty, 28, 26) (5, 6, 45, 7, 29, 30, 21, 31) (9, 44, 11, 17, 10) (33, 20, 35, 41, 34) (39, 16, 12, 0, 27) (15, 40, 36, 24, 3) "
"OP(6,8,5,5,4,3,3)",0,Solved,"0,1980"," (4t+2)","0,2026","(\infty, 2, 16, \infty, 40, 26) (34, 14, 45, 33, 10, 38, 21, 9) (47, 25, 44, 6, 4) (23, 1, 20, 30, 28) (0, 7, 24, 31) (15, 19, 46) (39, 43, 22) "
"OP(4,8,5,5,4,4,4)",0,Solved,"0,1750"," (4t+2)","0,1793","(\infty, 2, \infty, 26) (4, 6, 7, 44, 28, 30, 31, 20) (8, 13, 19, 34, 15) (32, 37, 43, 10, 39) (12, 46, 38, 47) (36, 22, 14, 23) (0, 27, 24, 3) "
"OP(4,8,5,5,3,3,3,3)",0,Solved,"0,0650"," (4t+2)","0,0686","(\infty, 4, \infty, 28) (5, 6, 2, 15, 29, 30, 26, 39) (37, 14, 8, 3, 10) (13, 38, 32, 27, 34) (16, 44, 11) (40, 20, 35) (0, 12, 41) (24, 36, 17) "
"OP(6,8,4,4,4,4,4)",0,Solved,"0,1140"," (4t+2)","0,1181","(\infty, 15, 43, \infty, 19, 39) (21, 7, 42, 20, 45, 31, 18, 44) (10, 41, 4, 3) (34, 17, 28, 27) (5, 11, 14, 2) (29, 35, 38, 26) (16, 23, 40, 47) "
"OP(6,8,4,4,3,3,3,3)",0,Solved,"0,0510"," (4t+2)","0,0555","(\infty, 3, 19, \infty, 43, 27) (30, 11, 42, 12, 6, 35, 18, 36) (22, 47, 2, 13) (46, 23, 26, 37) (40, 7, 20) (16, 31, 44) (0, 8, 10) (24, 32, 34) "
"OP(4,8,4,4,4,4,3,3)",0,Solved,"0,0480"," (4t+2)","0,0521","(\infty, 2, \infty, 26) (3, 4, 6, 10, 27, 28, 30, 34) (1, 7, 12, 15) (25, 31, 36, 39) (5, 14, 21, 40) (29, 38, 45, 16) (11, 22, 37) (35, 46, 13) "
"OP(4,8,4,3,3,3,3,3,3)",0,Solved,"0,0410"," (4t+2)","0,0454","(\infty, 2, \infty, 26) (4, 5, 7, 10, 28, 29, 31, 34) (9, 18, 33, 42) (16, 27, 11) (40, 3, 35) (46, 19, 41) (22, 43, 17) (13, 23, 15) (37, 47, 39) "
"OP(6,7,7,7,7)",0,Solved,"0,0840"," (4t+2)","0,0878","(\infty, 45, 11, \infty, 35, 21) (17, 8, 0, 4, 14, 29, 40) (41, 32, 24, 28, 38, 5, 16) (6, 1, 3, 2, 22, 15, 9) (30, 25, 27, 26, 46, 39, 33) "
"OP(8,7,7,6,6)",0,Solved,"0,0400"," (4t+2)","0,0452","(\infty, 36, 16, 4, \infty, 28, 40, 12) (37, 7, 39, 22, 44, 17, 42) (13, 31, 15, 46, 20, 41, 18) (23, 19, 8, 1, 2, 11) (47, 43, 32, 25, 26, 35) "
"OP(8,7,7,6,3,3)",0,Solved,"0,0690"," (4t+2)","0,0729","(\infty, 35, 22, 45, \infty, 21, 46, 11) (3, 12, 4, 15, 8, 41, 20) (27, 36, 28, 39, 32, 17, 44) (19, 38, 33, 43, 14, 9) (16, 2, 6) (40, 26, 30) "
"OP(9,8,7,7,7,5,4,3)",,Infeasible,,Table config is not valid,,
"OP(8,7,7,4,4,4)",0,Solved,"0,0730"," (4t+2)","0,0766","(\infty, 44, 36, 38, \infty, 14, 12, 20) (42, 26, 40, 43, 30, 34, 13) (18, 2, 16, 19, 6, 10, 37) (41, 45, 7, 46) (17, 21, 31, 22) (35, 29, 11, 5) "
"OP(8,7,7,3,3,3,3)",0,Solved,"0,0600"," (4t+2)","0,0639","(\infty, 46, 15, 44, \infty, 20, 39, 22) (34, 23, 14, 6, 0, 5, 9) (10, 47, 38, 30, 24, 29, 33) (16, 19, 32) (40, 43, 8) (12, 45, 18) (36, 21, 42) "
"OP(4,7,7,6,6,4)",0,Solved,"0,1380"," (4t+2)","0,1418","(\infty, 3, \infty, 27) (4, 0, 5, 6, 9, 2, 10) (28, 24, 29, 30, 33, 26, 34) (7, 16, 14, 35, 47, 17) (31, 40, 38, 11, 23, 41) (21, 8, 45, 32) "
"OP(4,7,7,6,5,5)",0,Solved,"0,0440"," (4t+2)","0,0475","(\infty, 1, \infty, 25) (4, 3, 6, 2, 0, 5, 11) (28, 27, 30, 26, 24, 29, 35) (20, 9, 21, 44, 33, 45) (16, 42, 32, 15, 7) (40, 18, 8, 39, 31) "
"OP(6,7,7,6,4,4)",0,Solved,"0,0580"," (4t+2)","0,0620","(\infty, 6, 32, \infty, 8, 30) (47, 40, 24, 37, 35, 39, 33) (23, 16, 0, 13, 11, 15, 9) (46, 41, 42, 22, 17, 18) (38, 1, 26, 5) (14, 25, 2, 29) "
"OP(4,7,7,6,4,3,3)",0,Solved,"0,0590"," (4t+2)","0,0631","(\infty, 5, \infty, 29) (6, 12, 17, 8, 9, 23, 13) (30, 36, 41, 32, 33, 47, 37) (15, 0, 2, 39, 24, 26) (3, 7, 27, 31) (10, 40, 14) (34, 16, 38) "
"OP(6,7,7,5,5,4)",0,Solved,"0,1400"," (4t+2)","0,1451","(\infty, 0, 40, \infty, 16, 24) (10, 30, 14, 43, 39, 8, 35) (34, 6, 38, 19, 15, 32, 11) (21, 3, 44, 1, 2) (45, 27, 20, 25, 26) (17, 5, 41, 29) "
"OP(4,7,7,5,5,3,3)",0,Solved,"0,1140"," (4t+2)","0,1174","(\infty, 19, \infty, 43) (8, 0, 1, 3, 39, 2, 11) (32, 24, 25, 27, 15, 26, 35) (4, 9, 5, 20, 10) (28, 33, 29, 44, 34) (7, 38, 22) (31, 14, 46) "
"OP(6,7,7,4,4,3,3)",0,Solved,"0,0660"," (4t+2)","0,0711","(\infty, 8, 16, \infty, 40, 32) (9, 18, 36, 21, 38, 22, 43) (33, 42, 12, 45, 14, 46, 19) (0, 2, 3, 6) (24, 26, 27, 30) (10, 17, 28) (34, 41, 4) "
"OP(4,7,7,4,4,4,4)",0,Solved,"0,0460"," (4t+2)","0,0500","(\infty, 22, \infty, 46) (47, 13, 5, 3, 9, 10, 21) (23, 37, 29, 27, 33, 34, 45) (4, 0, 16, 7) (28, 24, 40, 31) (6, 1, 8, 18) (30, 25, 32, 42) "
"OP(4,7,7,4,3,3,3,3)",0,Solved,"0,0540"," (4t+2)","0,0588","(\infty, 30, \infty, 6) (17, 37, 26, 27, 21, 11, 40) (41, 13, 2, 3, 45, 35, 16) (15, 12, 39, 36) (42, 8, 24) (18, 32, 0) (7, 19, 34) (31, 43, 10) "
"OP(9,8,7,6,6,6,5,3)",,Infeasible,,Table config is not valid,,
"OP(8,6,6,6,4,4)",0,Solved,"0,0760"," (4t+2)","0,0798","(\infty, 34, 15, 38, \infty, 14, 39, 10) (18, 17, 1, 12, 3, 9) (42, 41, 25, 36, 27, 33) (16, 6, 21, 40, 30, 45) (0, 13, 5, 19) (24, 37, 29, 43) "
"OP(8,6,6,5,5,4)",0,Solved,"0,0760"," (4t+2)","0,0816","(\infty, 47, 39, 25, \infty, 1, 15, 23) (34, 28, 41, 38, 37, 32) (10, 4, 17, 14, 13, 8) (36, 46, 35, 44, 27) (12, 22, 11, 20, 3) (6, 31, 30, 7) "
"OP(9,8,7,6,6,5,3,3,3)",,Infeasible,,Table config is not valid,,
"OP(8,6,6,4,4,3,3)",0,Solved,"0,2140"," (4t+2)","0,2192","(\infty, 22, 21, 8, \infty, 32, 45, 46) (1, 7, 3, 5, 0, 14) (25, 31, 27, 29, 24, 38) (40, 10, 11, 44) (16, 34, 35, 20) (15, 43, 12) (39, 19, 36) "
"OP(8,6,5,5,5,5)",0,Solved,"0,0720"," (4t+2)","0,0756","(\infty, 20, 36, 8, \infty, 32, 12, 44) (45, 46, 19, 21, 22, 43) (5, 0, 10, 41, 23) (29, 24, 34, 17, 47) (16, 4, 15, 2, 9) (40, 28, 39, 26, 33) "
"OP(8,6,5,5,4,3,3)",0,Solved,"0,1490"," (4t+2)","0,1526","(\infty, 25, 33, 43, \infty, 19, 9, 1) (30, 4, 29, 6, 28, 5) (41, 7, 34, 40, 47) (17, 31, 10, 16, 23) (38, 27, 14, 3) (46, 32, 2) (22, 8, 26) "
"OP(9,8,7,6,5,4,4,4,3)",,Infeasible,,Table config is not valid,,
"OP(9,8,7,6,5,3,3,3,3,3)",,Infeasible,,Table config is not valid,,
"OP(8,6,4,4,4,4,4)",0,Solved,"0,0470"," (4t+2)","0,0506","(\infty, 6, 22, 26, \infty, 2, 46, 30) (23, 16, 21, 47, 40, 45) (10, 19, 33, 8) (34, 43, 9, 32) (35, 41, 24, 37) (11, 17, 0, 13) (38, 28, 14, 4) "
"OP(8,6,4,4,3,3,3,3)",0,Solved,"0,0730"," (4t+2)","0,0775","(\infty, 4, 14, 36, \infty, 12, 38, 28) (25, 27, 45, 1, 3, 21) (31, 40, 41, 24) (7, 16, 17, 0) (19, 6, 47) (43, 30, 23) (22, 44, 15) (46, 20, 39) "
"OP(8,5,5,5,5,3,3)",0,Solved,"0,1860"," (4t+2)","0,1888","(\infty, 0, 16, 22, \infty, 46, 40, 24) (11, 23, 34, 17, 42) (35, 47, 10, 41, 18) (20, 5, 3, 4, 32) (44, 29, 27, 28, 8) (13, 14, 1) (37, 38, 25) "
"OP(9,8,7,5,5,5,4,4,3)",,Infeasible,,Table config is not valid,,
"OP(8,5,5,4,4,4,4)",0,Solved,"0,0800"," (4t+2)","0,0845","(\infty, 41, 25, 5, \infty, 29, 1, 17) (2, 32, 39, 40, 35) (26, 8, 15, 16, 11) (46, 42, 27, 37) (22, 18, 3, 13) (43, 24, 38, 47) (19, 0, 14, 23) "
"OP(8,5,5,4,3,3,3,3)",0,Solved,"0,1940"," (4t+2)","0,1974","(\infty, 40, 20, 2, \infty, 26, 44, 16) (5, 21, 11, 0, 31) (29, 45, 35, 24, 7) (43, 1, 19, 25) (34, 38, 46) (10, 14, 22) (39, 37, 12) (15, 13, 36) "
"OP(9,8,7,5,4,4,4,3,3,3)",,Infeasible,,Table config is not valid,,
"OP(9,8,7,5,3,3,3,3,3,3,3)",,Infeasible,,Table config is not valid,,
"OP(8,4,4,4,4,4,3,3)",0,Solved,"0,0780"," (4t+2)","0,0829","(\infty, 40, 13, 30, \infty, 6, 37, 16) (35, 42, 12, 44) (11, 18, 36, 20) (7, 19, 45, 10) (31, 43, 21, 34) (1, 2, 25, 26) (47, 39, 5) (23, 15, 29) "
"OP(8,4,4,3,3,3,3,3,3)",0,Solved,"0,0680"," (4t+2)","0,0724","(\infty, 17, 40, 43, \infty, 19, 16, 41) (23, 10, 3, 4) (47, 34, 27, 28) (12, 21, 7) (36, 45, 31) (38, 0, 6) (14, 24, 30) (32, 5, 18) (8, 29, 42) "
"OP(4,6,6,6,6,6)",0,Solved,"0,0490"," (4t+2)","0,0538","(\infty, 1, \infty, 25) (2, 3, 9, 19, 35, 14) (26, 27, 33, 43, 11, 38) (7, 10, 21, 12, 8, 0) (31, 34, 45, 36, 32, 24) (6, 4, 47, 30, 28, 23) "
"OP(6,6,6,6,6,4)",0,Solved,"0,0520"," (4t+2)","0,0562","(\infty, 7, 21, \infty, 45, 31) (9, 14, 43, 23, 10, 41) (33, 38, 19, 47, 34, 17) (4, 0, 2, 3, 6, 12) (28, 24, 26, 27, 30, 36) (8, 18, 32, 42) "
"OP(4,6,6,6,6,3,3)",0,Solved,"0,0600"," (4t+2)","0,0647","(\infty, 4, \infty, 28) (3, 10, 19, 44, 9, 5) (27, 34, 43, 20, 33, 29) (23, 7, 6, 1, 11, 42) (47, 31, 30, 25, 35, 18) (8, 2, 13) (32, 26, 37) "
"OP(6,6,6,6,5,5)",0,Solved,"0,0460"," (4t+2)","0,0500","(\infty, 2, 4, \infty, 28, 26) (5, 9, 14, 22, 37, 16) (29, 33, 38, 46, 13, 40) (27, 7, 6, 3, 31, 30) (12, 43, 11, 21, 15) (36, 19, 35, 45, 39) "
"OP(6,6,6,6,4,3,3)",0,Solved,"0,2530"," (4t+2)","0,2579","(\infty, 5, 13, \infty, 37, 29) (7, 34, 20, 42, 12, 40) (31, 10, 44, 18, 36, 16) (15, 46, 23, 39, 22, 47) (1, 0, 25, 24) (4, 14, 11) (28, 38, 35) "
"OP(4,6,6,6,4,4,4)",0,Solved,"0,0390"," (4t+2)","0,0427","(\infty, 22, \infty, 46) (3, 11, 36, 16, 45, 19) (27, 35, 12, 40, 21, 43) (41, 14, 47, 17, 38, 23) (32, 20, 10, 1) (8, 44, 34, 25) (2, 15, 26, 39) "
"OP(4,6,6,6,3,3,3,3)",0,Solved,"0,0420"," (4t+2)","0,0460","(\infty, 2, \infty, 26) (3, 4, 6, 9, 1, 7) (27, 28, 30, 33, 25, 31) (8, 15, 41, 32, 39, 17) (10, 20, 35) (34, 44, 11) (21, 37, 14) (45, 13, 38) "
"OP(6,6,6,5,5,3,3)",0,Solved,"0,0880"," (4t+2)","0,0918","(\infty, 21, 47, \infty, 23, 45) (22, 41, 8, 44, 13, 43) (46, 17, 32, 20, 37, 19) (2, 0, 34, 35, 12) (26, 24, 10, 11, 36) (4, 1, 6) (28, 25, 30) "
"OP(4,6,6,5,5,4,4)",0,Solved,"0,0470"," (4t+2)","0,0505","(\infty, 12, \infty, 36) (9, 22, 38, 21, 11, 0) (33, 46, 14, 45, 35, 24) (3, 5, 4, 1, 8) (27, 29, 28, 25, 32) (43, 20, 41, 15) (19, 44, 17, 39) "
"OP(6,6,6,4,4,4,4)",0,Solved,"0,1010"," (4t+2)","0,1054","(\infty, 14, 44, \infty, 20, 38) (13, 11, 7, 2, 22, 45) (37, 35, 31, 26, 46, 21) (3, 4, 16, 43) (27, 28, 40, 19) (12, 34, 47, 18) (36, 10, 23, 42) "
"OP(6,6,6,4,3,3,3,3)",0,Solved,"0,1630"," (4t+2)","0,1658","(\infty, 15, 17, \infty, 41, 39) (2, 13, 45, 18, 38, 16) (26, 37, 21, 42, 14, 40) (11, 34, 35, 10) (3, 46, 33) (27, 22, 9) (43, 7, 4) (19, 31, 28) "
"OP(4,6,6,4,4,4,3,3)",0,Solved,"0,0560"," (4t+2)","0,0609","(\infty, 9, \infty, 33) (6, 0, 12, 5, 4, 20) (30, 24, 36, 29, 28, 44) (19, 42, 16, 1) (43, 18, 40, 25) (7, 3, 31, 27) (45, 14, 11) (21, 38, 35) "
"OP(4,6,6,3,3,3,3,3,3)",0,Solved,"0,0470"," (4t+2)","0,0508","(\infty, 2, \infty, 26) (4, 5, 7, 10, 17, 35) (28, 29, 31, 34, 41, 11) (16, 27, 14) (40, 3, 38) (23, 46, 18) (47, 22, 42) (33, 43, 15) (9, 19, 39) "
"OP(4,6,5,5,5,5,4)",0,Solved,"0,0840"," (4t+2)","0,0881","(\infty, 5, \infty, 29) (9, 0, 7, 33, 24, 31) (3, 14, 4, 17, 36) (27, 38, 28, 41, 12) (8, 44, 21, 1, 35) (32, 20, 45, 25, 11) (13, 43, 37, 19) "
"OP(6,6,5,5,4,4,4)",0,Solved,"0,0800"," (4t+2)","0,0838","(\infty, 43, 41, \infty, 17, 19) (2, 34, 40, 26, 10, 16) (33, 37, 4, 44, 39) (9, 13, 28, 20, 15) (3, 24, 42, 46) (27, 0, 18, 22) (47, 25, 23, 1) "
"OP(6,6,5,5,3,3,3,3)",0,Solved,"0,1570"," (4t+2)","0,1606","(\infty, 42, 40, \infty, 16, 18) (41, 2, 45, 17, 26, 21) (7, 8, 35, 47, 9) (31, 32, 11, 23, 33) (38, 3, 44) (14, 27, 20) (10, 25, 39) (34, 1, 15) "
"OP(4,6,5,5,4,4,3,3)",0,Solved,"0,0520"," (4t+2)","0,0558","(\infty, 8, \infty, 32) (40, 3, 23, 16, 27, 47) (43, 9, 7, 42, 38) (19, 33, 31, 18, 14) (25, 41, 44, 26) (1, 17, 20, 2) (12, 21, 0) (36, 45, 24) "
"OP(6,6,4,4,4,4,3,3)",0,Solved,"0,1590"," (4t+2)","0,1629","(\infty, 2, 10, \infty, 34, 26) (46, 19, 0, 22, 43, 24) (13, 17, 42, 3) (37, 41, 18, 27) (44, 16, 4, 15) (20, 40, 28, 39) (38, 8, 21) (14, 32, 45) "
"OP(6,6,4,3,3,3,3,3,3)",0,Solved,"0,1040"," (4t+2)","0,1071","(\infty, 21, 47, \infty, 23, 45) (19, 1, 20, 43, 25, 44) (9, 17, 33, 41) (31, 42, 15) (7, 18, 39) (5, 6, 0) (29, 30, 24) (11, 4, 46) (35, 28, 22) "
"OP(4,6,4,4,4,4,4,4)",0,Solved,"0,0460"," (4t+2)","0,0503","(\infty, 4, \infty, 28) (7, 12, 19, 31, 36, 43) (8, 16, 33, 17) (32, 40, 9, 41) (6, 0, 2, 3) (30, 24, 26, 27) (13, 39, 14, 47) (37, 15, 38, 23) "
"OP(4,6,4,4,4,3,3,3,3)",0,Solved,"0,0910"," (4t+2)","0,0959","(\infty, 22, \infty, 46) (42, 10, 39, 18, 34, 15) (6, 1, 9, 0) (30, 25, 33, 24) (4, 17, 28, 41) (7, 35, 21) (31, 11, 45) (23, 8, 20) (47, 32, 44) "
"OP(4,6,3,3,3,3,3,3,3,3)",0,Solved,"0,0870"," (4t+2)","0,0913","(\infty, 29, \infty, 5) (36, 38, 44, 12, 14, 20) (34, 7, 35) (10, 31, 11) (45, 27, 39) (21, 3, 15) (30, 47, 40) (6, 23, 16) (0, 25, 4) (24, 1, 28) "
"OP(4,5,5,5,5,5,5)",0,Solved,"0,0570"," (4t+2)","0,0605","(\infty, 29, \infty, 5) (16, 28, 44, 31, 42) (40, 4, 20, 7, 18) (33, 27, 47, 32, 41) (9, 3, 23, 8, 17) (21, 22, 15, 19, 2) (45, 46, 39, 43, 26) "
"OP(6,5,5,5,5,4,4)",0,Solved,"0,0760"," (4t+2)","0,0803","(\infty, 38, 26, \infty, 2, 14) (43, 33, 34, 7, 42) (19, 9, 10, 31, 18) (24, 4, 37, 45, 36) (0, 28, 13, 21, 12) (5, 30, 41, 47) (29, 6, 17, 23) "
"OP(4,5,5,5,5,4,3,3)",0,Solved,"0,0850"," (4t+2)","0,0889","(\infty, 42, \infty, 18) (11, 1, 10, 36, 13) (35, 25, 34, 12, 37) (28, 44, 24, 45, 15) (4, 20, 0, 21, 39) (47, 16, 23, 40) (38, 19, 7) (14, 43, 31) "
"OP(6,5,5,4,4,4,3,3)",0,Solved,"0,0470"," (4t+2)","0,0520","(\infty, 15, 41, \infty, 17, 39) (4, 6, 9, 14, 29) (28, 30, 33, 38, 5) (13, 7, 0, 2) (37, 31, 24, 26) (3, 12, 27, 36) (23, 10, 16) (47, 34, 40) "
"OP(6,5,5,3,3,3,3,3,3)",0,Solved,"0,0980"," (4t+2)","0,1022","(\infty, 44, 22, \infty, 46, 20) (40, 5, 30, 10, 8) (16, 29, 6, 34, 32) (17, 9, 2) (41, 33, 26) (43, 12, 1) (19, 36, 25) (37, 38, 7) (13, 14, 31) "
"OP(4,5,5,4,4,4,4,4)",0,Solved,"0,0590"," (4t+2)","0,0631","(\infty, 18, \infty, 42) (37, 19, 20, 30, 17) (13, 43, 44, 6, 41) (7, 16, 8, 1) (31, 40, 32, 25) (38, 21, 9, 23) (14, 45, 33, 47) (5, 10, 29, 34) "
"OP(4,5,5,4,4,3,3,3,3)",0,Solved,"0,0920"," (4t+2)","0,0949","(\infty, 36, \infty, 12) (44, 43, 24, 3, 33) (20, 19, 0, 27, 9) (37, 46, 38, 6) (13, 22, 14, 30) (29, 34, 47) (5, 10, 23) (32, 7, 45) (8, 31, 21) "
"OP(6,4,4,4,4,4,4,4)",0,Solved,"0,0480"," (4t+2)","0,0517","(\infty, 15, 47, \infty, 23, 39) (40, 3, 12, 42) (16, 27, 36, 18) (11, 31, 17, 5) (35, 7, 41, 29) (1, 46, 24, 34) (25, 22, 0, 10) (30, 26, 6, 2) "
"OP(6,4,4,4,4,3,3,3,3)",0,Solved,"0,1190"," (4t+2)","0,1239","(\infty, 3, 17, \infty, 41, 27) (46, 13, 43, 7) (22, 37, 19, 31) (0, 9, 38, 15) (24, 33, 14, 39) (6, 8, 11) (30, 32, 35) (5, 21, 1) (29, 45, 25) "
"OP(6,4,3,3,3,3,3,3,3,3)",0,Solved,"0,7650"," (4t+2)","0,7704","(\infty, 13, 41, \infty, 17, 37) (12, 22, 36, 46) (45, 23, 20) (21, 47, 44) (2, 18, 6) (26, 42, 30) (1, 14, 4) (25, 38, 28) (8, 35, 33) (32, 11, 9) "
"OP(4,4,4,4,4,4,4,3,3)",0,Solved,"0,1180"," (4t+2)","0,1217","(\infty, 21, \infty, 45) (22, 3, 5, 18) (46, 27, 29, 42) (14, 47, 17, 0) (38, 23, 41, 24) (7, 35, 13, 4) (31, 11, 37, 28) (39, 16, 43) (15, 40, 19) "
"OP(4,4,4,4,3,3,3,3,3,3)",0,Solved,"0,0540"," (4t+2)","0,0590","(\infty, 36, \infty, 12) (30, 41, 20, 16) (6, 17, 44, 40) (8, 13, 32, 37) (9, 1, 23) (33, 25, 47) (46, 26, 14) (22, 2, 38) (5, 11, 7) (29, 35, 31) "
"OP(4,3,3,3,3,3,3,3,3,3,3)",0,Solved,"0,0680"," (4t+2)","0,0713","(\infty, 34, \infty, 10) (6, 5, 37) (30, 29, 13) (43, 39, 11) (19, 15, 35) (42, 4, 2) (18, 28, 26) (41, 36, 46) (17, 12, 22) (9, 38, 1) (33, 14, 25) "
"OP(8,8,7,7,7,7,6)",0,Solved,"0,0500"," (4t+2)","0,0539","(\infty, 20, 43, 14, \infty, 38, 19, 44) (18, 8, 16, 33, 42, 32, 40, 9) (22, 11, 47, 12, 39, 21, 37) (46, 35, 23, 36, 15, 45, 13) (4, 0, 3, 5, 31, 17, 10) (28, 24, 27, 29, 7, 41, 34) (6, 1, 2, 30, 25, 26) "
"OP(8,8,7,7,7,7,3,3)",0,Solved,"0,0820"," (4t+2)","0,0872","(\infty, 30, 3, 0, \infty, 24, 27, 6) (8, 18, 17, 43, 32, 42, 41, 19) (7, 21, 12, 44, 13, 5, 1) (31, 45, 36, 20, 37, 29, 25) (10, 23, 38, 15, 35, 16, 46) (34, 47, 14, 39, 11, 40, 22) (4, 2, 9) (28, 26, 33) "
"OP(4,7,7,7,7,6,4,8)",0,Solved,"0,4070"," (4t+2)","0,4118","(\infty, 5, \infty, 29) (20, 13, 1, 2, 16, 42, 36) (44, 37, 25, 26, 40, 18, 12) (3, 11, 34, 14, 31, 4, 0) (27, 35, 10, 38, 7, 28, 24) (8, 47, 45, 32, 23, 21) (41, 22, 17, 46) (30, 15, 33, 43, 6, 39, 9, 19) "
"OP(4,7,7,7,7,5,5,8)",0,Solved,"0,0430"," (4t+2)","0,0471","(\infty, 18, \infty, 42) (1, 10, 11, 4, 8, 19, 21) (25, 34, 35, 28, 32, 43, 45) (41, 16, 33, 0, 13, 5, 15) (17, 40, 9, 24, 37, 29, 39) (7, 23, 44, 14, 2) (31, 47, 20, 38, 26) (46, 12, 6, 3, 22, 36, 30, 27) "
"OP(6,7,7,7,7,8,4,4)",0,Solved,"0,0430"," (4t+2)","0,0464","(\infty, 44, 40, \infty, 16, 20) (43, 45, 46, 24, 38, 7, 27) (19, 21, 22, 0, 14, 31, 3) (30, 1, 36, 42, 33, 41, 5) (6, 25, 12, 18, 9, 17, 29) (32, 39, 2, 35, 8, 15, 26, 11) (4, 34, 37, 47) (28, 10, 13, 23) "
"OP(4,7,7,7,7,4,8,3,3)",0,Solved,"0,1500"," (4t+2)","0,1539","(\infty, 4, \infty, 28) (5, 6, 11, 9, 3, 44, 19) (29, 30, 35, 33, 27, 20, 43) (2, 17, 45, 16, 13, 39, 23) (26, 41, 21, 40, 37, 15, 47) (1, 12, 25, 36) (7, 46, 10, 14, 31, 22, 34, 38) (18, 8, 0) (42, 32, 24) "
"OP(9,7,7,7,6,6,5,3)",,Infeasible,,Table config is not valid,,
"OP(8,8,7,7,6,6,4,4)",0,Solved,"0,2970"," (4t+2)","0,3014","(\infty, 10, 39, 22, \infty, 46, 15, 34) (47, 43, 18, 3, 23, 19, 42, 27) (7, 13, 12, 1, 35, 9, 0) (31, 37, 36, 25, 11, 33, 24) (4, 6, 41, 20, 2, 14) (28, 30, 17, 44, 26, 38) (5, 8, 16, 21) (29, 32, 40, 45) "
"OP(8,8,7,7,6,5,5,4)",0,Solved,"0,0630"," (4t+2)","0,0673","(\infty, 35, 28, 31, \infty, 7, 4, 11) (40, 1, 24, 37, 16, 25, 0, 13) (39, 47, 33, 43, 32, 36, 41) (15, 23, 9, 19, 8, 12, 17) (5, 34, 3, 29, 10, 27) (42, 30, 45, 46, 26) (18, 6, 21, 22, 2) (38, 44, 14, 20) "
"OP(9,7,7,7,6,5,3,3,3)",,Infeasible,,Table config is not valid,,
"OP(8,8,7,7,6,4,4,3,3)",0,Solved,"0,0550"," (4t+2)","0,0603","(\infty, 13, 16, 9, \infty, 33, 40, 37) (0, 23, 44, 11, 24, 47, 20, 35) (46, 17, 43, 15, 3, 5, 14) (22, 41, 19, 39, 27, 29, 38) (7, 6, 1, 31, 30, 25) (18, 10, 21, 4) (42, 34, 45, 28) (8, 12, 2) (32, 36, 26) "
"OP(8,8,7,7,5,5,5,5)",0,Solved,"0,0480"," (4t+2)","0,0514","(\infty, 43, 22, 41, \infty, 17, 46, 19) (16, 4, 15, 30, 40, 28, 39, 6) (7, 35, 12, 42, 20, 37, 21) (31, 11, 36, 18, 44, 13, 45) (9, 1, 0, 2, 5) (33, 25, 24, 26, 29) (10, 23, 14, 8, 3) (34, 47, 38, 32, 27) "
"OP(8,8,7,7,5,5,4,3,3)",0,Solved,"0,1630"," (4t+2)","0,1667","(\infty, 9, 41, 45, \infty, 21, 17, 33) (13, 38, 26, 7, 37, 14, 2, 31) (35, 36, 47, 6, 44, 46, 18) (11, 12, 23, 30, 20, 22, 42) (39, 5, 32, 10, 4) (15, 29, 8, 34, 28) (25, 16, 1, 40) (43, 3, 0) (19, 27, 24) "
"OP(9,7,7,7,5,4,4,4,3)",,Infeasible,,Table config is not valid,,
"OP(9,7,7,7,5,3,3,3,3,3)",,Infeasible,,Table config is not valid,,
"OP(8,8,7,7,4,4,4,4,4)",0,Solved,"0,2270"," (4t+2)","0,2342","(\infty, 1, 12, 17, \infty, 41, 36, 25) (7, 22, 45, 19, 31, 46, 21, 43) (3, 35, 15, 23, 6, 40, 38) (27, 11, 39, 47, 30, 16, 14) (10, 9, 2, 20) (34, 33, 26, 44) (0, 42, 13, 4) (24, 18, 37, 28) (8, 5, 32, 29) "
"OP(8,8,7,7,4,4,3,3,3,3)",0,Solved,"0,0440"," (4t+2)","0,0481","(\infty, 7, 20, 45, \infty, 21, 44, 31) (10, 4, 15, 0, 34, 28, 39, 24) (23, 22, 41, 13, 11, 19, 1) (47, 46, 17, 37, 35, 43, 25) (3, 8, 5, 12) (27, 32, 29, 36) (33, 16, 6) (9, 40, 30) (14, 18, 2) (38, 42, 26) "
"OP(4,7,7,6,6,6,6,8)",0,Solved,"0,0490"," (4t+2)","0,0531","(\infty, 18, \infty, 42) (3, 10, 23, 37, 20, 12, 7) (27, 34, 47, 13, 44, 36, 31) (16, 39, 19, 41, 22, 1) (40, 15, 43, 17, 46, 25) (2, 8, 38, 6, 4, 5) (26, 32, 14, 30, 28, 29) (9, 0, 11, 21, 33, 24, 35, 45) "
"OP(6,7,7,6,6,6,8,4)",0,Solved,"0,1530"," (4t+2)","0,1567","(\infty, 41, 29, \infty, 5, 17) (23, 36, 46, 20, 37, 21, 42) (47, 12, 22, 44, 13, 45, 18) (6, 14, 8, 4, 2, 1) (30, 38, 32, 28, 26, 25) (39, 9, 43, 15, 33, 19) (0, 3, 10, 35, 24, 27, 34, 11) (7, 16, 31, 40) "
"OP(4,7,7,6,6,6,8,3,3)",0,Solved,"0,0460"," (4t+2)","0,0501","(\infty, 16, \infty, 40) (3, 15, 44, 22, 7, 21, 14) (27, 39, 20, 46, 31, 45, 38) (10, 13, 18, 36, 11, 1) (34, 37, 42, 12, 35, 25) (2, 19, 47, 26, 43, 23) (17, 4, 5, 9, 41, 28, 29, 33) (0, 8, 6) (24, 32, 30) "
"OP(6,7,7,6,6,8,5,5)",0,Solved,"0,0650"," (4t+2)","0,0694","(\infty, 47, 39, \infty, 15, 23) (43, 46, 44, 34, 30, 5, 36) (19, 22, 20, 10, 6, 29, 12) (4, 38, 33, 3, 42, 31) (28, 14, 9, 27, 18, 7) (32, 45, 25, 37, 8, 21, 1, 13) (2, 35, 41, 40, 24) (26, 11, 17, 16, 0) "
"OP(6,7,7,6,6,8,4,3,3)",0,Solved,"0,1230"," (4t+2)","0,1269","(\infty, \infty, 23, 3, 27, 47) (4, 15, 9, 42, 13, 21, 11) (28, 39, 33, 18, 37, 45, 35) (7, 6, 19, 16, 41, 2) (31, 30, 43, 40, 17, 26) (14, 0, 36, 20, 38, 24, 12, 44) (10, 8, 34, 32) (22, 5, 1) (46, 29, 25) "
"OP(4,7,7,6,6,4,4,4,8)",0,Solved,"0,0480"," (4t+2)","0,0515","(\infty, 30, \infty, 6) (5, 18, 9, 7, 17, 21, 38) (29, 42, 33, 31, 41, 45, 14) (44, 23, 34, 35, 1, 26) (20, 47, 10, 11, 25, 2) (32, 4, 40, 0) (8, 28, 16, 24) (27, 22, 3, 46) (19, 12, 15, 37, 43, 36, 39, 13) "
"OP(4,7,7,6,6,8,3,3,3,3)",0,Solved,"0,0640"," (4t+2)","0,0685","(\infty, 0, \infty, 24) (46, 21, 6, 4, 5, 14, 10) (22, 45, 30, 28, 29, 38, 34) (15, 12, 43, 8, 13, 42) (39, 36, 19, 32, 37, 18) (44, 16, 2, 9, 20, 40, 26, 33) (1, 23, 7) (25, 47, 31) (41, 3, 11) (17, 27, 35) "
"OP(6,7,7,6,8,5,5,3,3)",0,Solved,"0,1660"," (4t+2)","0,1704","(\infty, 36, 4, \infty, 28, 12) (10, 19, 47, 20, 39, 16, 3) (34, 43, 23, 44, 15, 40, 27) (18, 22, 0, 42, 46, 24) (11, 21, 38, 5, 35, 45, 14, 29) (2, 13, 1, 41, 7) (26, 37, 25, 17, 31) (8, 9, 6) (32, 33, 30) "
"OP(4,7,7,6,5,5,4,4,8)",0,Solved,"0,0460"," (4t+2)","0,0499","(\infty, 2, \infty, 26) (3, 4, 7, 11, 1, 13, 5) (27, 28, 31, 35, 25, 37, 29) (8, 17, 43, 32, 41, 19) (9, 22, 38, 21, 36) (33, 46, 14, 45, 12) (10, 39, 16, 44) (34, 15, 40, 20) (23, 18, 0, 6, 47, 42, 24, 30) "
"OP(6,7,7,6,8,4,4,4,4)",0,Solved,"0,0580"," (4t+2)","0,0620","(\infty, 42, 12, \infty, 36, 18) (11, 19, 3, 22, 2, 0, 7) (35, 43, 27, 46, 26, 24, 31) (6, 23, 9, 30, 47, 33) (8, 5, 20, 21, 32, 29, 44, 45) (13, 1, 14, 4) (37, 25, 38, 28) (10, 16, 41, 15) (34, 40, 17, 39) "
"OP(6,7,7,6,8,4,3,3,3,3)",0,Solved,"0,1880"," (4t+2)","0,1923","(\infty, 9, 23, \infty, 47, 33) (42, 14, 6, 1, 20, 45, 10) (18, 38, 30, 25, 44, 21, 34) (46, 15, 0, 22, 39, 24) (16, 5, 17, 19, 40, 29, 41, 43) (8, 2, 32, 26) (4, 7, 11) (28, 31, 35) (12, 3, 13) (36, 27, 37) "
"OP(4,7,7,6,4,4,4,8,3,3)",0,Solved,"0,0590"," (4t+2)","0,0630","(\infty, 47, \infty, 23) (36, 38, 34, 35, 1, 28, 41) (12, 14, 10, 11, 25, 4, 17) (15, 43, 32, 39, 19, 8) (45, 33, 16, 0) (21, 9, 40, 24) (2, 44, 26, 20) (46, 31, 5, 30, 22, 7, 29, 6) (42, 3, 13) (18, 27, 37) "
"OP(4,7,7,6,8,3,3,3,3,3,3)",0,Solved,"0,1830"," (4t+2)","0,1874","(\infty, 32, \infty, 8) (38, 42, 36, 39, 27, 43, 10) (14, 18, 12, 15, 3, 19, 34) (46, 16, 41, 22, 40, 17) (0, 1, 6, 13, 24, 25, 30, 37) (7, 45, 5) (31, 21, 29) (44, 9, 23) (20, 33, 47) (28, 11, 2) (4, 35, 26) "
"OP(4,7,7,5,5,5,5,4,8)",0,Solved,"0,0920"," (4t+2)","0,0965","(\infty, 10, \infty, 34) (21, 5, 6, 32, 1, 3, 13) (45, 29, 30, 8, 25, 27, 37) (16, 9, 23, 19, 28) (40, 33, 47, 43, 4) (11, 0, 18, 39, 14) (35, 24, 42, 15, 38) (36, 17, 12, 41) (31, 44, 2, 22, 7, 20, 26, 46) "
"OP(6,7,7,8,5,5,4,4,4)",0,Solved,"0,1950"," (4t+2)","0,1990","(\infty, 27, 17, \infty, 41, 3) (7, 0, 5, 1, 22, 35, 43) (31, 24, 29, 25, 46, 11, 19) (38, 10, 16, 33, 14, 34, 40, 9) (28, 13, 47, 8, 6) (4, 37, 23, 32, 30) (39, 2, 18, 36) (15, 26, 42, 12) (45, 44, 21, 20) "
"OP(6,7,7,8,5,5,3,3,3,3)",0,Solved,"0,1870"," (4t+2)","0,1916","(\infty, 45, 19, \infty, 43, 21) (13, 38, 9, 23, 44, 12, 4) (37, 14, 33, 47, 20, 36, 28) (2, 7, 8, 39, 26, 31, 32, 15) (16, 5, 17, 11, 1) (40, 29, 41, 35, 25) (18, 0, 46) (42, 24, 22) (6, 3, 10) (30, 27, 34) "
"OP(4,7,7,5,5,4,4,8,3,3)",0,Solved,"0,0670"," (4t+2)","0,0713","(\infty, 32, \infty, 8) (2, 43, 23, 41, 30, 20, 45) (26, 19, 47, 17, 6, 44, 21) (34, 28, 9, 5, 18) (10, 4, 33, 29, 42) (11, 37, 46, 25) (35, 13, 22, 1) (39, 31, 14, 16, 15, 7, 38, 40) (36, 0, 3) (12, 24, 27) "
"OP(6,7,7,8,4,4,4,4,3,3)",0,Solved,"0,1280"," (4t+2)","0,1323","(\infty, 41, 3, \infty, 27, 17) (21, 6, 23, 20, 2, 16, 42) (45, 30, 47, 44, 26, 40, 18) (13, 22, 9, 5, 37, 46, 33, 29) (14, 12, 7, 43) (38, 36, 31, 19) (4, 15, 35, 10) (28, 39, 11, 34) (8, 1, 0) (32, 25, 24) "
"OP(6,7,7,8,4,3,3,3,3,3,3)",0,Solved,"0,5720"," (4t+2)","0,5768","(\infty, 29, 19, \infty, 43, 5) (4, 40, 8, 6, 35, 15, 12) (28, 16, 32, 30, 11, 39, 36) (0, 7, 1, 10, 24, 31, 25, 34) (18, 17, 42, 41) (2, 23, 45) (26, 47, 21) (20, 3, 38) (44, 27, 14) (13, 46, 9) (37, 22, 33) "
"OP(4,7,7,4,4,4,4,4,4,8)",0,Solved,"0,0450"," (4t+2)","0,0486","(\infty, 37, \infty, 13) (33, 34, 32, 3, 41, 24, 42) (9, 10, 8, 27, 17, 0, 18) (5, 40, 46, 26) (29, 16, 22, 2) (35, 38, 45, 1) (11, 14, 21, 25) (43, 31, 6, 28) (19, 7, 30, 4) (39, 44, 36, 47, 15, 20, 12, 23) "
"OP(4,7,7,4,4,4,8,3,3,3,3)",0,Solved,"0,0900"," (4t+2)","0,0937","(\infty, 37, \infty, 13) (43, 12, 47, 42, 0, 44, 32) (19, 36, 23, 18, 24, 20, 8) (28, 27, 29, 2) (4, 3, 5, 26) (14, 22, 38, 46) (40, 33, 10, 7, 16, 9, 34, 31) (11, 41, 21) (35, 17, 45) (39, 25, 6) (15, 1, 30) "
"OP(4,7,7,8,3,3,3,3,3,3,3,3)",0,Solved,"0,0910"," (4t+2)","0,0951","(\infty, 19, \infty, 43) (27, 36, 1, 2, 10, 47, 20) (3, 12, 25, 26, 34, 23, 44) (13, 17, 40, 22, 37, 41, 16, 46) (38, 21, 9) (14, 45, 33) (31, 5, 15) (7, 29, 39) (8, 6, 11) (32, 30, 35) (18, 24, 4) (42, 0, 28) "
"OP(8,8,6,6,6,6,6,4)",0,Solved,"0,1130"," (4t+2)","0,1159","(\infty, 28, 47, 38, \infty, 14, 23, 4) (42, 36, 46, 5, 18, 12, 22, 29) (33, 41, 7, 39, 24, 45) (9, 17, 31, 15, 0, 21) (25, 27, 44, 43, 32, 2) (1, 3, 20, 19, 8, 26) (35, 40, 37, 11, 16, 13) (34, 30, 10, 6) "
"OP(8,8,6,6,6,6,5,5)",0,Solved,"0,0660"," (4t+2)","0,0704","(\infty, 39, 38, 7, \infty, 31, 14, 15) (0, 35, 42, 8, 24, 11, 18, 32) (47, 4, 30, 34, 22, 2) (23, 28, 6, 10, 46, 26) (5, 3, 21, 36, 25, 44) (29, 27, 45, 12, 1, 20) (41, 33, 43, 37, 16) (17, 9, 19, 13, 40) "
"OP(8,8,6,6,6,6,4,3,3)",0,Solved,"0,1810"," (4t+2)","0,1844","(\infty, 38, 37, 4, \infty, 28, 13, 14) (5, 15, 23, 11, 29, 39, 47, 35) (7, 12, 19, 0, 3, 1) (31, 36, 43, 24, 27, 25) (22, 8, 17, 40, 9, 44) (46, 32, 41, 16, 33, 20) (2, 6, 26, 30) (10, 21, 42) (34, 45, 18) "
"OP(8,8,6,6,6,5,5,3,3)",0,Solved,"0,3480"," (4t+2)","0,3518","(\infty, 4, 38, 10, \infty, 34, 14, 28) (40, 5, 23, 42, 16, 29, 47, 18) (19, 9, 2, 6, 7, 44) (43, 33, 26, 30, 31, 20) (45, 39, 12, 21, 15, 36) (13, 1, 17, 0, 46) (37, 25, 41, 24, 22) (3, 11, 8) (27, 35, 32) "
"OP(9,7,6,6,6,5,4,4,3)",,Infeasible,,Table config is not valid,,
"OP(8,8,6,6,6,4,4,4,4)",0,Solved,"0,1760"," (4t+2)","0,1795","(\infty, 21, 40, 19, \infty, 43, 16, 45) (47, 22, 17, 6, 23, 46, 41, 30) (14, 2, 12, 11, 3, 5) (38, 26, 36, 35, 27, 29) (20, 42, 10, 44, 18, 34) (13, 0, 15, 33) (37, 24, 39, 9) (7, 4, 8, 1) (31, 28, 32, 25) "
"OP(8,8,6,6,6,4,3,3,3,3)",0,Solved,"0,2770"," (4t+2)","0,2811","(\infty, 10, 21, 42, \infty, 18, 45, 34) (13, 6, 20, 2, 37, 30, 44, 26) (11, 17, 40, 12, 0, 43) (35, 41, 16, 36, 24, 19) (7, 15, 46, 31, 39, 22) (1, 3, 25, 27) (8, 9, 5) (32, 33, 29) (4, 14, 23) (28, 38, 47) "
"OP(9,7,6,6,5,5,5,4,3)",,Infeasible,,Table config is not valid,,
"OP(8,8,6,6,5,5,4,4,4)",0,Solved,"0,1450"," (4t+2)","0,1495","(\infty, 18, 44, 36, \infty, 12, 20, 42) (31, 3, 14, 46, 7, 27, 38, 22) (1, 2, 45, 41, 6, 4) (25, 26, 21, 17, 30, 28) (9, 16, 47, 11, 32) (33, 40, 23, 35, 8) (29, 10, 0, 15) (5, 34, 24, 39) (37, 43, 13, 19) "
"OP(8,8,6,6,5,5,3,3,3,3)",0,Solved,"0,1700"," (4t+2)","0,1749","(\infty, 22, 34, 12, \infty, 36, 10, 46) (42, 47, 7, 16, 18, 23, 31, 40) (6, 0, 37, 9, 41, 3) (30, 24, 13, 33, 17, 27) (11, 26, 5, 4, 45) (35, 2, 29, 28, 21) (32, 1, 14) (8, 25, 38) (43, 39, 20) (19, 15, 44) "
"OP(9,7,6,6,5,4,4,3,3,3)",,Infeasible,,Table config is not valid,,
"OP(8,8,6,6,4,4,4,4,3,3)",0,Solved,"0,1230"," (4t+2)","0,1270","(\infty, 41, 5, 1, \infty, 25, 29, 17) (0, 10, 16, 15, 24, 34, 40, 39) (31, 23, 44, 14, 46, 18) (7, 47, 20, 38, 22, 42) (19, 21, 35, 12) (43, 45, 11, 36) (33, 2, 13, 28) (9, 26, 37, 4) (3, 32, 6) (27, 8, 30) "
"OP(8,8,6,6,4,3,3,3,3,3,3)",0,Solved,"0,2210"," (4t+2)","0,2244","(\infty, 20, 39, 18, \infty, 42, 15, 44) (10, 22, 36, 21, 34, 46, 12, 45) (11, 4, 8, 14, 30, 19) (35, 28, 32, 38, 6, 43) (2, 1, 26, 25) (7, 33, 16) (31, 9, 40) (3, 0, 5) (27, 24, 29) (13, 23, 41) (37, 47, 17) "
"OP(9,7,6,5,5,5,5,5,3)",,Infeasible,,Table config is not valid,,
"OP(8,8,6,5,5,5,5,4,4)",0,Solved,"0,0450"," (4t+2)","0,0493","(\infty, \infty, 23, 41, 21, 45, 17, 47) (40, 19, 7, 1, 16, 43, 31, 25) (3, 0, 11, 27, 24, 35) (6, 2, 4, 13, 14) (30, 26, 28, 37, 38) (10, 39, 22, 12, 5) (34, 15, 46, 36, 29) (8, 42, 20, 33) (32, 18, 44, 9) "
"OP(9,7,6,5,5,5,4,3,3,3)",,Infeasible,,Table config is not valid,,
"OP(8,8,6,5,5,4,4,4,3,3)",0,Solved,"0,2240"," (4t+2)","0,2280","(\infty, 11, 37, 9, \infty, 33, 13, 35) (20, 3, 19, 14, 44, 27, 43, 38) (15, 0, 12, 39, 24, 36) (8, 45, 6, 41, 1) (32, 21, 30, 17, 25) (7, 5, 4, 10) (31, 29, 28, 34) (16, 2, 40, 26) (22, 18, 47) (46, 42, 23) "
"OP(8,8,6,5,5,3,3,3,3,3,3)",0,Solved,"0,0820"," (4t+2)","0,0860","(\infty, 29, 33, 17, \infty, 41, 9, 5) (18, 12, 10, 47, 42, 36, 34, 23) (19, 16, 3, 43, 40, 27) (8, 38, 24, 46, 39) (32, 14, 0, 22, 15) (7, 6, 26) (31, 30, 2) (20, 35, 45) (44, 11, 21) (13, 4, 25) (37, 28, 1) "
"OP(9,7,6,5,4,4,4,4,4,3)",,Infeasible,,Table config is not valid,,
"OP(9,7,6,5,4,4,3,3,3,3,3)",,Infeasible,,Table config is not valid,,
"OP(8,8,6,4,4,4,4,4,4,4)",0,Solved,"0,3010"," (4t+2)","0,3051","(\infty, 36, 17, 14, \infty, 38, 41, 12) (30, 5, 39, 26, 6, 29, 15, 2) (42, 40, 8, 18, 16, 32) (44, 11, 28, 1) (20, 35, 4, 25) (45, 33, 24, 46) (21, 9, 0, 22) (47, 10, 3, 7) (23, 34, 27, 31) (13, 19, 37, 43) "
"OP(8,8,6,4,4,4,4,3,3,3,3)",0,Solved,"0,0820"," (4t+2)","0,0854","(\infty, 2, 3, 0, \infty, 24, 27, 26) (6, 14, 32, 16, 30, 38, 8, 40) (9, 18, 43, 33, 42, 19) (39, 22, 41, 13) (15, 46, 17, 37) (5, 7, 12, 1) (29, 31, 36, 25) (45, 4, 10) (21, 28, 34) (11, 23, 44) (35, 47, 20) "
"OP(8,8,6,4,3,3,3,3,3,3,3,3)",0,Solved,"0,9810"," (4t+2)","0,9850","(\infty, 0, 25, 46, \infty, 22, 1, 24) (44, 45, 3, 29, 20, 21, 27, 5) (33, 2, 37, 9, 26, 13) (41, 31, 17, 7) (40, 4, 11) (16, 28, 35) (39, 42, 34) (15, 18, 10) (23, 8, 19) (47, 32, 43) (6, 38, 36) (30, 14, 12) "
"OP(8,8,5,5,5,5,5,5,4)",0,Solved,"0,1670"," (4t+2)","0,1711","(\infty, 39, 1, 41, \infty, 17, 25, 15) (11, 37, 40, 7, 35, 13, 16, 31) (2, 36, 18, 9, 38) (26, 12, 42, 33, 14) (47, 20, 3, 5, 0) (23, 44, 27, 29, 24) (22, 45, 4, 10, 6) (46, 21, 28, 34, 30) (19, 8, 43, 32) "
"OP(9,7,5,5,5,5,5,3,3,3)",,Infeasible,,Table config is not valid,,
"OP(8,8,5,5,5,5,4,4,3,3)",0,Solved,"0,1510"," (4t+2)","0,1553","(\infty, 16, 41, 30, \infty, 6, 17, 40) (36, 3, 11, 29, 12, 27, 35, 5) (28, 7, 8, 1, 15) (4, 31, 32, 25, 39) (47, 45, 0, 38, 43) (23, 21, 24, 14, 19) (34, 2, 44, 22) (10, 26, 20, 46) (9, 37, 18) (33, 13, 42) "
"OP(9,7,5,5,5,4,4,4,4,3)",,Infeasible,,Table config is not valid,,
"OP(9,7,5,5,5,4,3,3,3,3,3)",,Infeasible,,Table config is not valid,,
"OP(8,8,5,5,4,4,4,4,4,4)",0,Solved,"0,0540"," (4t+2)","0,0572","(\infty, 34, 16, 44, \infty, 20, 40, 10) (12, 3, 7, 5, 36, 27, 31, 29) (11, 4, 14, 43, 22) (35, 28, 38, 19, 46) (9, 8, 2, 17) (33, 32, 26, 41) (18, 6, 1, 15) (42, 30, 25, 39) (23, 45, 13, 0) (47, 21, 37, 24) "
"OP(8,8,5,5,4,4,4,3,3,3,3)",0,Solved,"0,0500"," (4t+2)","0,0537","(\infty, 4, 3, 46, \infty, 22, 27, 28) (39, 12, 20, 32, 15, 36, 44, 8) (41, 7, 9, 0, 6) (17, 31, 33, 24, 30) (11, 14, 47, 37) (35, 38, 23, 13) (21, 1, 45, 25) (26, 19, 42) (2, 43, 18) (40, 29, 10) (16, 5, 34) "
"OP(8,8,5,5,3,3,3,3,3,3,3,3)",0,Solved,"0,1490"," (4t+2)","0,1531","(\infty, 12, 21, 4, \infty, 28, 45, 36) (23, 27, 37, 11, 47, 3, 13, 35) (20, 14, 46, 1, 2) (44, 38, 22, 25, 26) (10, 15, 8) (34, 39, 32) (18, 5, 33) (42, 29, 9) (17, 31, 6) (41, 7, 30) (0, 19, 40) (24, 43, 16) "
"OP(9,7,5,4,4,4,4,4,3,3,3)",,Infeasible,,Table config is not valid,,
"OP(9,7,5,4,4,3,3,3,3,3,3,3)",,Infeasible,,Table config is not valid,,
"OP(8,8,4,4,4,4,4,4,4,3,3)",0,Solved,"0,0580"," (4t+2)","0,0613","(\infty, 14, 46, 8, \infty, 32, 22, 38) (39, 16, 33, 3, 15, 40, 9, 27) (10, 19, 23, 12) (34, 43, 47, 36) (13, 42, 20, 28) (37, 18, 44, 4) (6, 1, 21, 7) (30, 25, 45, 31) (2, 5, 26, 29) (24, 17, 11) (0, 41, 35) "
"OP(8,8,4,4,4,4,3,3,3,3,3,3)",0,Solved,"0,0710"," (4t+2)","0,0750","(\infty, 8, 5, 0, \infty, 24, 29, 32) (16, 2, 10, 23, 40, 26, 34, 47) (43, 17, 42, 22) (19, 41, 18, 46) (3, 15, 33, 14) (27, 39, 9, 38) (7, 1, 11) (31, 25, 35) (13, 4, 6) (37, 28, 30) (45, 12, 44) (21, 36, 20) "
"OP(8,8,4,3,3,3,3,3,3,3,3,3,3)",0,Solved,"0,1380"," (4t+2)","0,1427","(\infty, 2, 40, 8, \infty, 32, 16, 26) (20, 0, 42, 11, 44, 24, 18, 35) (6, 7, 30, 31) (47, 13, 1) (23, 37, 25) (3, 21, 10) (27, 45, 34) (5, 9, 14) (29, 33, 38) (41, 19, 22) (17, 43, 46) (39, 12, 4) (15, 36, 28) "
"OP(6,6,6,6,6,6,6,8)",0,Solved,"0,0620"," (4t+2)","0,0653","(\infty, 5, 1, \infty, 25, 29) (14, 34, 46, 19, 11, 4) (38, 10, 22, 43, 35, 28) (13, 0, 15, 45, 16, 47) (37, 24, 39, 21, 40, 23) (3, 12, 44, 42, 17, 6) (27, 36, 20, 18, 41, 30) (7, 2, 8, 9, 31, 26, 32, 33) "
"OP(6,6,6,6,6,6,8,3,3)",0,Solved,"0,0920"," (4t+2)","0,0970","(\infty, 13, 43, \infty, 19, 37) (41, 16, 2, 11, 6, 21) (17, 40, 26, 35, 30, 45) (23, 10, 3, 22, 18, 44) (47, 34, 27, 46, 42, 20) (9, 7, 1, 33, 31, 25) (12, 0, 8, 5, 36, 24, 32, 29) (14, 4, 15) (38, 28, 39) "
"OP(4,6,6,6,6,6,4,4,8)",0,Solved,"0,0440"," (4t+2)","0,0483","(\infty, 13, \infty, 37) (12, 7, 6, 3, 15, 40) (36, 31, 30, 27, 39, 16) (2, 4, 23, 17, 43, 9) (26, 28, 47, 41, 19, 33) (5, 20, 11, 29, 44, 35) (0, 10, 21, 8) (24, 34, 45, 32) (46, 14, 18, 1, 22, 38, 42, 25) "
"OP(4,6,6,6,6,5,5,4,8)",0,Solved,"0,0640"," (4t+2)","0,0679","(\infty, 17, \infty, 41) (4, 23, 7, 0, 13, 3) (28, 47, 31, 24, 37, 27) (39, 19, 2, 14, 5, 45) (15, 43, 26, 38, 29, 21) (34, 16, 42, 9, 20) (10, 40, 18, 33, 44) (22, 1, 46, 25) (6, 8, 12, 35, 30, 32, 36, 11) "
"OP(6,6,6,6,6,8,4,4,4)",0,Solved,"0,0740"," (4t+2)","0,0780","(\infty, 10, 44, \infty, 20, 34) (17, 22, 30, 0, 2, 38) (41, 46, 6, 24, 26, 14) (33, 4, 39, 7, 11, 5) (9, 28, 15, 31, 35, 29) (27, 16, 19, 18, 3, 40, 43, 42) (12, 37, 47, 21) (36, 13, 23, 45) (8, 1, 32, 25) "
"OP(6,6,6,6,6,8,3,3,3,3)",0,Solved,"0,1880"," (4t+2)","0,1922","(\infty, 34, 8, \infty, 32, 10) (11, 45, 22, 43, 23, 42) (35, 21, 46, 19, 47, 18) (1, 6, 12, 3, 5, 9) (25, 30, 36, 27, 29, 33) (44, 14, 2, 13, 20, 38, 26, 37) (15, 16, 0) (39, 40, 24) (4, 7, 17) (28, 31, 41) "
"OP(4,6,6,6,6,4,4,8,3,3)",0,Solved,"0,0370"," (4t+2)","0,0411","(\infty, 12, \infty, 36) (16, 47, 35, 7, 20, 46) (40, 23, 11, 31, 44, 22) (19, 9, 2, 10, 21, 5) (43, 33, 26, 34, 45, 29) (3, 1, 4, 8) (27, 25, 28, 32) (18, 41, 14, 13, 42, 17, 38, 37) (6, 15, 0) (30, 39, 24) "
"OP(4,6,6,6,5,5,5,5,8)",0,Solved,"0,0920"," (4t+2)","0,0959","(\infty, 13, \infty, 37) (33, 3, 23, 14, 46, 44) (9, 27, 47, 38, 22, 20) (35, 43, 40, 11, 19, 16) (10, 5, 41, 28, 6) (34, 29, 17, 4, 30) (45, 7, 32, 39, 24) (21, 31, 8, 15, 0) (1, 2, 36, 42, 25, 26, 12, 18) "
"OP(6,6,6,6,8,5,5,4,4)",0,Solved,"0,1400"," (4t+2)","0,1457","(\infty, 45, 9, \infty, 33, 21) (2, 4, 5, 19, 39, 6) (26, 28, 29, 43, 15, 30) (12, 37, 18, 36, 13, 42) (34, 23, 14, 41, 10, 47, 38, 17) (46, 20, 7, 1, 8) (22, 44, 31, 25, 32) (11, 3, 0, 16) (35, 27, 24, 40) "
"OP(4,6,6,6,5,5,4,8,3,3)",0,Solved,"0,0650"," (4t+2)","0,0692","(\infty, 3, \infty, 27) (9, 15, 42, 16, 41, 6) (33, 39, 18, 40, 17, 30) (2, 10, 46, 26, 34, 22) (20, 11, 7, 21, 4) (44, 35, 31, 45, 28) (0, 5, 24, 29) (14, 12, 13, 23, 38, 36, 37, 47) (1, 19, 8) (25, 43, 32) "
"OP(6,6,6,6,8,4,4,4,3,3)",0,Solved,"0,1610"," (4t+2)","0,1674","(\infty, 31, 37, \infty, 13, 7) (38, 47, 35, 40, 41, 0) (14, 23, 11, 16, 17, 24) (34, 4, 36, 10, 28, 12) (30, 33, 5, 39, 6, 9, 29, 15) (44, 25, 46, 42) (20, 1, 22, 18) (32, 45, 8, 21) (3, 43, 26) (27, 19, 2) "
"OP(6,6,6,6,8,3,3,3,3,3,3)",0,Solved,"0,0540"," (4t+2)","0,0572","(\infty, 9, 47, \infty, 23, 33) (17, 4, 19, 15, 7, 46) (41, 28, 43, 39, 31, 22) (18, 1, 21, 42, 25, 45) (37, 3, 10, 36, 13, 27, 34, 12) (16, 11, 0) (40, 35, 24) (2, 20, 14) (26, 44, 38) (5, 8, 6) (29, 32, 30) "
"OP(4,6,6,6,4,4,4,4,4,8)",0,Solved,"0,1120"," (4t+2)","0,1164","(\infty, 40, \infty, 16) (0, 17, 19, 42, 23, 14) (24, 41, 43, 18, 47, 38) (8, 7, 2, 32, 31, 26) (22, 6, 3, 10) (46, 30, 27, 34) (11, 21, 1, 5) (35, 45, 25, 29) (20, 9, 44, 33) (15, 37, 4, 12, 39, 13, 28, 36) "
"OP(4,6,6,6,4,4,8,3,3,3,3)",0,Solved,"0,0760"," (4t+2)","0,0806","(\infty, 11, \infty, 35) (7, 19, 46, 9, 0, 20) (31, 43, 22, 33, 24, 44) (4, 14, 6, 28, 38, 30) (5, 1, 18, 47) (29, 25, 42, 23) (12, 15, 45, 13, 36, 39, 21, 37) (3, 8, 10) (27, 32, 34) (16, 2, 17) (40, 26, 41) "
"OP(6,6,6,8,5,5,5,5,4)",0,Solved,"0,2400"," (4t+2)","0,2431","(\infty, 9, 19, \infty, 43, 33) (3, 14, 23, 36, 10, 5) (27, 38, 47, 12, 34, 29) (8, 22, 45, 13, 32, 46, 21, 37) (0, 18, 11, 44, 17) (24, 42, 35, 20, 41) (1, 4, 16, 15, 7) (25, 28, 40, 39, 31) (2, 6, 26, 30) "
"OP(4,6,6,5,5,5,5,8,3,3)",0,Solved,"0,0420"," (4t+2)","0,0457","(\infty, 2, \infty, 26) (4, 5, 7, 10, 17, 22) (28, 29, 31, 34, 41, 46) (16, 27, 14, 45, 37) (40, 3, 38, 21, 13) (33, 18, 43, 15, 47) (9, 42, 19, 39, 23) (6, 0, 12, 8, 30, 24, 36, 32) (1, 20, 11) (25, 44, 35) "
"OP(6,6,6,8,5,5,4,4,3,3)",0,Solved,"0,1330"," (4t+2)","0,1380","(\infty, 13, 11, \infty, 35, 37) (1, 12, 4, 24, 38, 34) (25, 36, 28, 0, 14, 10) (5, 15, 47, 22, 29, 39, 23, 46) (33, 3, 6, 45, 16) (9, 27, 30, 21, 40) (7, 43, 8, 2) (31, 19, 32, 26) (18, 44, 17) (42, 20, 41) "
"OP(4,6,6,5,5,4,4,4,4,8)",0,Solved,"0,0680"," (4t+2)","0,0718","(\infty, 40, \infty, 16) (38, 17, 18, 0, 9, 12) (14, 41, 42, 24, 33, 36) (35, 2, 13, 8, 4) (11, 26, 37, 32, 28) (6, 46, 21, 34) (30, 22, 45, 10) (3, 1, 15, 44) (27, 25, 39, 20) (47, 5, 43, 7, 23, 29, 19, 31) "
"OP(4,6,6,5,5,4,8,3,3,3,3)",0,Solved,"0,0920"," (4t+2)","0,0960","(\infty, 42, \infty, 18) (40, 0, 4, 47, 37, 38) (16, 24, 28, 23, 13, 14) (27, 33, 8, 39, 36) (3, 9, 32, 15, 12) (45, 34, 21, 10) (41, 5, 31, 1, 17, 29, 7, 25) (11, 30, 44) (35, 6, 20) (2, 43, 22) (26, 19, 46) "
"OP(6,6,6,8,4,4,4,4,4,4)",0,Solved,"0,1280"," (4t+2)","0,1312","(\infty, 35, 5, \infty, 29, 11) (18, 24, 8, 46, 23, 3) (42, 0, 32, 22, 47, 27) (14, 16, 7, 19, 38, 40, 31, 43) (45, 28, 6, 10) (21, 4, 30, 34) (41, 1, 15, 20) (17, 25, 39, 44) (36, 33, 26, 37) (12, 9, 2, 13) "
"OP(6,6,6,8,4,4,4,3,3,3,3)",0,Solved,"0,1100"," (4t+2)","0,1148","(\infty, 43, 23, \infty, 47, 19) (12, 41, 20, 9, 21, 34) (36, 17, 44, 33, 45, 10) (39, 37, 22, 38, 15, 13, 46, 14) (18, 1, 5, 8) (42, 25, 29, 32) (6, 0, 30, 24) (4, 11, 3) (28, 35, 27) (2, 16, 7) (26, 40, 31) "
"OP(6,6,6,8,3,3,3,3,3,3,3,3)",0,Solved,"0,0380"," (4t+2)","0,0416","(\infty, 11, 15, \infty, 39, 35) (3, 9, 2, 22, 40, 13) (27, 33, 26, 46, 16, 37) (0, 23, 10, 43, 24, 47, 34, 19) (17, 1, 12) (41, 25, 36) (5, 45, 14) (29, 21, 38) (8, 20, 42) (32, 44, 18) (4, 7, 6) (28, 31, 30) "
"OP(4,6,6,4,4,4,4,4,8,3,3)",0,Solved,"0,0820"," (4t+2)","0,0858","(\infty, 46, \infty, 22) (27, 1, 35, 34, 2, 47) (3, 25, 11, 10, 26, 23) (33, 4, 39, 24) (9, 28, 15, 0) (40, 30, 37, 45) (16, 6, 13, 21) (38, 44, 14, 20) (18, 41, 43, 31, 42, 17, 19, 7) (5, 36, 32) (29, 12, 8) "
"OP(4,6,6,4,4,8,3,3,3,3,3,3)",0,Solved,"0,1010"," (4t+2)","0,1045","(\infty, 19, \infty, 43) (3, 21, 7, 26, 24, 20) (27, 45, 31, 2, 0, 44) (13, 46, 6, 1) (37, 22, 30, 25) (8, 47, 10, 11, 32, 23, 34, 35) (29, 16, 9) (5, 40, 33) (18, 12, 28) (42, 36, 4) (17, 39, 14) (41, 15, 38) "
"OP(6,6,8,5,5,5,5,5,5)",0,Solved,"0,3030"," (4t+2)","0,3072","(\infty, 27, 41, \infty, 17, 3) (36, 39, 35, 12, 15, 11) (40, 32, 33, 43, 16, 8, 9, 19) (46, 24, 37, 25, 44) (22, 0, 13, 1, 20) (28, 45, 30, 2, 34) (4, 21, 6, 26, 10) (42, 31, 38, 29, 47) (18, 7, 14, 5, 23) "
"OP(6,6,8,5,5,5,5,4,3,3)",0,Solved,"0,0950"," (4t+2)","0,0996","(\infty, 22, 0, \infty, 24, 46) (4, 8, 45, 28, 32, 21) (5, 10, 7, 14, 29, 34, 31, 38) (13, 42, 15, 9, 43) (37, 18, 39, 33, 19) (2, 11, 23, 3, 1) (26, 35, 47, 27, 25) (12, 20, 36, 44) (16, 41, 6) (40, 17, 30) "
"OP(4,6,5,5,5,5,4,4,4,8)",0,Solved,"0,0430"," (4t+2)","0,0476","(\infty, 13, \infty, 37) (3, 19, 46, 27, 43, 22) (40, 7, 21, 41, 23) (16, 31, 45, 17, 47) (8, 10, 20, 12, 1) (32, 34, 44, 36, 25) (2, 14, 18, 15) (26, 38, 42, 39) (4, 5, 28, 29) (9, 0, 6, 11, 33, 24, 30, 35) "
"OP(4,6,5,5,5,5,8,3,3,3,3)",0,Solved,"0,0590"," (4t+2)","0,0631","(\infty, 36, \infty, 12) (38, 34, 44, 14, 10, 20) (31, 37, 24, 43, 6) (7, 13, 0, 19, 30) (46, 41, 40, 32, 25) (22, 17, 16, 8, 1) (5, 33, 47, 45, 29, 9, 23, 21) (39, 42, 27) (15, 18, 3) (26, 35, 4) (2, 11, 28) "
"OP(6,6,8,5,5,4,4,4,4,4)",0,Solved,"0,1090"," (4t+2)","0,1131","(\infty, 14, 4, \infty, 28, 38) (19, 10, 3, 43, 34, 27) (23, 45, 18, 35, 47, 21, 42, 11) (22, 8, 13, 41, 16) (46, 32, 37, 17, 40) (31, 12, 30, 15) (7, 36, 6, 39) (2, 5, 1, 0) (26, 29, 25, 24) (9, 20, 33, 44) "
"OP(6,6,8,5,5,4,4,3,3,3,3)",0,Solved,"0,1010"," (4t+2)","0,1046","(\infty, 15, 11, \infty, 35, 39) (1, 4, 3, 25, 28, 27) (9, 40, 20, 10, 33, 16, 44, 34) (23, 7, 18, 45, 5) (47, 31, 42, 21, 29) (8, 13, 46, 17) (32, 37, 22, 41) (12, 6, 19) (36, 30, 43) (2, 0, 14) (26, 24, 38) "
"OP(4,6,5,5,4,4,4,4,8,3,3)",0,Solved,"0,1200"," (4t+2)","0,1238","(\infty, 12, \infty, 36) (14, 30, 11, 38, 6, 35) (22, 23, 9, 40, 2) (46, 47, 33, 16, 26) (8, 1, 45, 20) (32, 25, 21, 44) (19, 17, 4, 10) (43, 41, 28, 34) (5, 0, 3, 18, 29, 24, 27, 42) (7, 37, 15) (31, 13, 39) "
"OP(4,6,5,5,4,8,3,3,3,3,3,3)",0,Solved,"0,2450"," (4t+2)","0,2505","(\infty, 19, \infty, 43) (5, 36, 3, 29, 12, 27) (10, 42, 38, 9, 0) (34, 18, 14, 33, 24) (16, 22, 40, 46) (11, 8, 7, 15, 35, 32, 31, 39) (6, 20, 41) (30, 44, 17) (13, 25, 2) (37, 1, 26) (4, 47, 45) (28, 23, 21) "
"OP(6,6,8,4,4,4,4,4,4,3,3)",0,Solved,"0,0850"," (4t+2)","0,0890","(\infty, 2, 4, \infty, 28, 26) (5, 6, 45, 29, 30, 21) (12, 7, 44, 8, 36, 31, 20, 32) (9, 15, 40, 23) (33, 39, 16, 47) (10, 0, 27, 14) (34, 24, 3, 38) (22, 37, 18, 25) (46, 13, 42, 1) (11, 19, 41) (35, 43, 17) "
"OP(6,6,8,4,4,4,3,3,3,3,3,3)",0,Solved,"0,1230"," (4t+2)","0,1266","(\infty, 1, 23, \infty, 47, 25) (10, 8, 13, 34, 32, 37) (3, 18, 0, 7, 27, 42, 24, 31) (21, 2, 11, 15) (45, 26, 35, 39) (4, 14, 28, 38) (12, 20, 43) (36, 44, 19) (9, 6, 22) (33, 30, 46) (17, 16, 5) (41, 40, 29) "
"OP(6,6,8,3,3,3,3,3,3,3,3,3,3)",0,Solved,"0,2250"," (4t+2)","0,2287","(\infty, 19, 27, \infty, 3, 43) (37, 6, 31, 13, 30, 7) (46, 44, 28, 2, 22, 20, 4, 26) (1, 11, 0) (25, 35, 24) (17, 5, 38) (41, 29, 14) (18, 9, 23) (42, 33, 47) (8, 15, 12) (32, 39, 36) (21, 40, 34) (45, 16, 10) "
"OP(4,6,4,4,4,4,4,4,4,4,8)",0,Solved,"0,0660"," (4t+2)","0,0698","(\infty, 5, \infty, 29) (18, 36, 14, 42, 12, 38) (44, 9, 43, 45) (20, 33, 19, 21) (4, 0, 37, 10) (28, 24, 13, 34) (47, 16, 11, 2) (23, 40, 35, 26) (3, 22, 30, 15) (27, 46, 6, 39) (41, 25, 32, 7, 17, 1, 8, 31) "
"OP(4,6,4,4,4,4,4,8,3,3,3,3)",0,Solved,"0,0710"," (4t+2)","0,0742","(\infty, 10, \infty, 34) (4, 12, 8, 28, 36, 32) (44, 5, 41, 15) (20, 29, 17, 39) (16, 21, 3, 18) (40, 45, 27, 42) (1, 2, 25, 26) (14, 7, 13, 0, 38, 31, 37, 24) (11, 22, 43) (35, 46, 19) (23, 6, 9) (47, 30, 33) "
"OP(4,6,4,4,8,3,3,3,3,3,3,3,3)",0,Solved,"0,2380"," (4t+2)","0,2440","(\infty, 42, \infty, 18) (30, 43, 0, 6, 19, 24) (44, 21, 47, 28) (20, 45, 23, 4) (2, 12, 5, 38, 26, 36, 29, 14) (1, 40, 41) (25, 16, 17) (10, 27, 31) (34, 3, 7) (46, 32, 35) (22, 8, 11) (37, 39, 9) (13, 15, 33) "
"OP(6,8,5,5,5,5,5,5,3,3)",0,Solved,"0,0670"," (4t+2)","0,0712","(\infty, 4, 8, \infty, 32, 28) (7, 15, 16, 42, 31, 39, 40, 18) (5, 12, 21, 0, 2) (29, 36, 45, 24, 26) (3, 9, 22, 38, 13) (27, 33, 46, 14, 37) (19, 34, 17, 35, 47) (43, 10, 41, 11, 23) (1, 20, 6) (25, 44, 30) "
"OP(4,5,5,5,5,5,5,4,4,8)",0,Solved,"0,0390"," (4t+2)","0,0440","(\infty, 44, \infty, 20) (6, 38, 1, 43, 2) (30, 14, 25, 19, 26) (4, 31, 0, 23, 5) (28, 7, 24, 47, 29) (13, 11, 16, 36, 39) (37, 35, 40, 12, 15) (45, 10, 18, 33) (21, 34, 42, 9) (17, 8, 22, 3, 41, 32, 46, 27) "
"OP(6,8,5,5,5,5,4,4,4,4)",0,Solved,"0,0780"," (4t+2)","0,0820","(\infty, 37, 31, \infty, 7, 13) (2, 33, 38, 47, 26, 9, 14, 23) (46, 43, 41, 34, 45) (22, 19, 17, 10, 21) (35, 3, 25, 39, 6) (11, 27, 1, 15, 30) (42, 24, 44, 32) (18, 0, 20, 8) (40, 36, 28, 5) (16, 12, 4, 29) "
"OP(6,8,5,5,5,5,4,3,3,3,3)",0,Solved,"0,1490"," (4t+2)","0,1524","(\infty, 40, 14, \infty, 38, 16) (6, 4, 15, 45, 30, 28, 39, 21) (9, 0, 13, 8, 5) (33, 24, 37, 32, 29) (7, 19, 36, 11, 1) (31, 43, 12, 35, 25) (10, 2, 34, 26) (3, 44, 17) (27, 20, 41) (18, 46, 47) (42, 22, 23) "
"OP(4,5,5,5,5,4,4,4,8,3,3)",0,Solved,"0,0620"," (4t+2)","0,0659","(\infty, 21, \infty, 45) (46, 16, 31, 44, 19) (22, 40, 7, 20, 43) (35, 23, 39, 17, 6) (11, 47, 15, 41, 30) (5, 4, 9, 12) (29, 28, 33, 36) (13, 3, 37, 27) (1, 10, 14, 42, 25, 34, 38, 18) (2, 0, 8) (26, 24, 32) "
"OP(4,5,5,5,5,8,3,3,3,3,3,3)",0,Solved,"0,0640"," (4t+2)","0,0681","(\infty, 26, \infty, 2) (17, 34, 39, 11, 32) (41, 10, 15, 35, 8) (1, 3, 6, 29, 45) (25, 27, 30, 5, 21) (33, 19, 7, 16, 9, 43, 31, 40) (13, 14, 24) (37, 38, 0) (44, 4, 22) (20, 28, 46) (23, 42, 36) (47, 18, 12) "
"OP(6,8,5,5,4,4,4,4,4,3,3)",0,Solved,"0,1630"," (4t+2)","0,1672","(\infty, 12, 8, \infty, 32, 36) (29, 10, 45, 13, 5, 34, 21, 37) (46, 15, 6, 0, 20) (22, 39, 30, 24, 44) (11, 47, 42, 9) (35, 23, 18, 33) (38, 41, 31, 1) (14, 17, 7, 25) (3, 4, 27, 28) (43, 16, 2) (19, 40, 26) "
"OP(6,8,5,5,4,4,3,3,3,3,3,3)",0,Solved,"0,1120"," (4t+2)","0,1174","(\infty, 17, 47, \infty, 23, 41) (46, 21, 8, 44, 22, 45, 32, 20) (14, 0, 40, 13, 3) (38, 24, 16, 37, 27) (33, 18, 1, 5) (9, 42, 25, 29) (11, 12, 6) (35, 36, 30) (4, 2, 43) (28, 26, 19) (10, 7, 39) (34, 31, 15) "
"OP(4,5,5,4,4,4,4,4,4,4,8)",0,Solved,"0,0530"," (4t+2)","0,0581","(\infty, 33, \infty, 9) (32, 6, 27, 25, 45) (8, 30, 3, 1, 21) (22, 36, 42, 13) (46, 12, 18, 37) (2, 40, 35, 34) (26, 16, 11, 10) (19, 15, 4, 44) (43, 39, 28, 20) (0, 7, 24, 31) (17, 14, 47, 29, 41, 38, 23, 5) "
"OP(4,5,5,4,4,4,4,8,3,3,3,3)",0,Solved,"0,1080"," (4t+2)","0,1122","(\infty, 10, \infty, 34) (18, 40, 44, 21, 36) (42, 16, 20, 45, 12) (14, 8, 7, 35) (38, 32, 31, 11) (0, 9, 1, 13) (24, 33, 25, 37) (47, 15, 4, 6, 23, 39, 28, 30) (17, 3, 22) (41, 27, 46) (2, 43, 5) (26, 19, 29) "
"OP(4,5,5,4,8,3,3,3,3,3,3,3,3)",0,Solved,"0,3890"," (4t+2)","0,3930","(\infty, 11, \infty, 35) (16, 6, 0, 45, 25) (40, 30, 24, 21, 1) (4, 26, 28, 2) (7, 34, 19, 42, 31, 10, 43, 18) (5, 37, 36) (29, 13, 12) (3, 17, 47) (27, 41, 23) (8, 15, 44) (32, 39, 20) (22, 9, 14) (46, 33, 38) "
"OP(6,8,4,4,4,4,4,4,4,4,4)",0,Solved,"0,0510"," (4t+2)","0,0545","(\infty, 5, 47, \infty, 23, 29) (43, 18, 17, 0, 19, 42, 41, 24) (11, 45, 10, 7) (35, 21, 34, 31) (12, 2, 14, 3) (36, 26, 38, 27) (1, 9, 37, 16) (25, 33, 13, 40) (20, 15, 22, 4) (44, 39, 46, 28) (8, 6, 32, 30) "
"OP(6,8,4,4,4,4,4,4,3,3,3,3)",0,Solved,"0,1830"," (4t+2)","0,1873","(\infty, 34, 42, \infty, 18, 10) (0, 30, 43, 45, 24, 6, 19, 21) (1, 32, 44, 33) (25, 8, 20, 9) (38, 41, 46, 39) (14, 17, 22, 15) (3, 26, 40, 36) (27, 2, 16, 12) (35, 29, 7) (11, 5, 31) (47, 28, 37) (23, 4, 13) "
"OP(6,8,4,4,4,3,3,3,3,3,3,3,3)",0,Solved,"0,3250"," (4t+2)","0,3287","(\infty, 14, 20, \infty, 44, 38) (42, 34, 7, 37, 18, 10, 31, 13) (22, 23, 3, 0) (46, 47, 27, 24) (19, 9, 43, 33) (6, 1, 8) (30, 25, 32) (16, 4, 41) (40, 28, 17) (36, 5, 21) (12, 29, 45) (11, 15, 2) (35, 39, 26) "
"OP(6,8,3,3,3,3,3,3,3,3,3,3,3,3)",0,Solved,"0,0900"," (4t+2)","0,0944","(\infty, 39, 37, \infty, 13, 15) (44, 31, 11, 6, 20, 7, 35, 30) (42, 21, 12) (18, 45, 36) (10, 22, 29) (34, 46, 5) (0, 23, 1) (24, 47, 25) (38, 32, 28) (14, 8, 4) (9, 26, 41) (33, 2, 17) (43, 40, 3) (19, 16, 27) "
"OP(4,4,4,4,4,4,4,4,4,8,3,3)",0,Solved,"0,0480"," (4t+2)","0,0515","(\infty, 13, \infty, 37) (23, 42, 15, 46) (47, 18, 39, 22) (17, 33, 19, 6) (41, 9, 43, 30) (34, 8, 44, 16) (10, 32, 20, 40) (1, 2, 11, 7) (25, 26, 35, 31) (21, 14, 4, 12, 45, 38, 28, 36) (0, 5, 3) (24, 29, 27) "
"OP(4,4,4,4,4,4,8,3,3,3,3,3,3)",0,Solved,"0,0710"," (4t+2)","0,0754","(\infty, 21, \infty, 45) (42, 5, 41, 14) (18, 29, 17, 38) (1, 6, 16, 20) (25, 30, 40, 44) (19, 26, 43, 2) (22, 9, 15, 0, 46, 33, 39, 24) (7, 37, 23) (31, 13, 47) (4, 3, 12) (28, 27, 36) (8, 11, 34) (32, 35, 10) "
"OP(4,4,4,8,3,3,3,3,3,3,3,3,3,3)",0,Solved,"0,1130"," (4t+2)","0,1176","(\infty, 46, \infty, 22) (40, 29, 38, 43) (16, 5, 14, 19) (4, 37, 39, 9, 28, 13, 15, 33) (34, 11, 3) (10, 35, 27) (7, 6, 0) (31, 30, 24) (42, 32, 20) (18, 8, 44) (45, 17, 1) (21, 41, 25) (2, 36, 23) (26, 12, 47) "
"OP(4,8,8,8,8)",0,Solved,"0,0450"," (4t+2)","0,0504","(\infty, 20, \infty, 44) (11, 45, 10, 40, 15, 47, 14, 42) (35, 21, 34, 16, 39, 23, 38, 18) (43, 22, 13, 8, 1, 2, 12, 31) (19, 46, 37, 32, 25, 26, 36, 7) "
"OP(8,8,8,8,8,6,4)",0,Solved,"0,1480"," (4t+2)","0,1527","(\infty, 7, 6, 1, \infty, 25, 30, 31) (27, 0, 16, 8, 5, 22, 42, 17) (3, 24, 40, 32, 29, 46, 18, 41) (11, 15, 34, 20, 9, 45, 4, 2) (35, 39, 10, 44, 33, 21, 28, 26) (47, 12, 38, 23, 36, 14) (13, 43, 37, 19) "
"OP(8,8,8,8,8,5,5)",0,Solved,"0,1170"," (4t+2)","0,1208","(\infty, 45, 14, 33, \infty, 9, 38, 21) (43, 23, 11, 22, 8, 2, 12, 34) (19, 47, 35, 46, 32, 26, 36, 10) (40, 15, 13, 20, 41, 1, 6, 24) (16, 39, 37, 44, 17, 25, 30, 0) (4, 5, 18, 3, 7) (28, 29, 42, 27, 31) "
"OP(8,8,8,8,8,4,3,3)",0,Solved,"0,0590"," (4t+2)","0,0647","(\infty, 13, 35, 21, \infty, 45, 11, 37) (6, 17, 16, 0, 18, 8, 5, 1) (30, 41, 40, 24, 42, 32, 29, 25) (20, 47, 22, 39, 19, 7, 14, 33) (44, 23, 46, 15, 43, 31, 38, 9) (12, 3, 36, 27) (4, 10, 2) (28, 34, 26) "
"OP(8,7,7,8,8,8,4)",0,Solved,"0,1080"," (4t+2)","0,1137","(\infty, 26, 42, 34, \infty, 10, 18, 2) (9, 39, 36, 24, 37, 43, 47) (33, 15, 12, 0, 13, 19, 23) (38, 5, 32, 1, 6, 45, 4, 27) (14, 29, 8, 25, 30, 21, 28, 3) (40, 41, 7, 35, 16, 17, 31, 11) (44, 22, 20, 46) "
"OP(6,8,8,8,6)",0,Solved,"0,0900"," (4t+2)","0,0945","(\infty, 3, 41, \infty, 17, 27) (0, 6, 10, 13, 18, 38, 23, 11) (24, 30, 34, 37, 42, 14, 47, 35) (16, 2, 9, 1, 40, 26, 33, 25) (8, 7, 5, 32, 31, 29) "
"OP(6,8,8,8,3,3)",0,Solved,"0,0950"," (4t+2)","0,0986","(\infty, 39, 7, \infty, 31, 15) (9, 17, 34, 23, 37, 22, 44, 19) (33, 41, 10, 47, 13, 46, 20, 43) (38, 8, 4, 1, 14, 32, 28, 25) (5, 11, 18) (29, 35, 42) "
"OP(4,8,8,8,4,4)",0,Solved,"0,0450"," (4t+2)","0,0486","(\infty, 20, \infty, 44) (10, 45, 15, 47, 18, 46, 13, 36) (34, 21, 39, 23, 42, 22, 37, 12) (4, 6, 17, 38, 28, 30, 41, 14) (1, 2, 11, 5) (25, 26, 35, 29) "
"OP(8,8,8,8,6,6,6)",0,Solved,"0,0710"," (4t+2)","0,0744","(\infty, 35, 0, 1, \infty, 25, 24, 11) (4, 6, 9, 19, 13, 20, 38, 15) (28, 30, 33, 43, 37, 44, 14, 39) (10, 2, 46, 3, 34, 26, 22, 27) (42, 21, 12, 40, 8, 23) (18, 45, 36, 16, 32, 47) (5, 31, 17, 29, 7, 41) "
"OP(8,8,8,8,6,6,3,3)",0,Solved,"0,0430"," (4t+2)","0,0473","(\infty, 8, 33, 46, \infty, 22, 9, 32) (38, 20, 34, 17, 6, 18, 45, 16) (14, 44, 10, 41, 30, 42, 21, 40) (11, 7, 1, 2, 35, 31, 25, 26) (13, 4, 12, 19, 39, 23) (37, 28, 36, 43, 15, 47) (0, 5, 3) (24, 29, 27) "
"OP(4,8,8,5,5,4)",0,Solved,"0,0480"," (4t+2)","0,0518","(\infty, 21, \infty, 45) (3, 11, 41, 14, 36, 19, 47, 22) (27, 35, 17, 38, 12, 43, 23, 46) (16, 32, 20, 10, 1) (40, 8, 44, 34, 25) (2, 15, 26, 39) "
"OP(8,8,8,8,6,4,4,4)",0,Solved,"0,2480"," (4t+2)","0,2528","(\infty, 17, 2, 45, \infty, 21, 26, 41) (1, 5, 23, 7, 38, 37, 8, 10) (25, 29, 47, 31, 14, 13, 32, 34) (40, 4, 12, 6, 16, 28, 36, 30) (22, 11, 39, 46, 35, 15) (42, 20, 33, 19) (18, 44, 9, 43) (3, 0, 27, 24) "
"OP(8,8,8,8,6,3,3,3,3)",0,Solved,"0,2590"," (4t+2)","0,2634","(\infty, 44, 8, 6, \infty, 30, 32, 20) (40, 23, 41, 34, 19, 3, 12, 39) (16, 47, 17, 10, 43, 27, 36, 15) (11, 22, 9, 13, 35, 46, 33, 37) (38, 4, 42, 14, 28, 18) (31, 2, 25) (7, 26, 1) (0, 5, 45) (24, 29, 21) "
"OP(4,8,8,4,5,5)",0,Solved,"0,1060"," (4t+2)","0,1102","(\infty, 34, \infty, 10) (5, 8, 31, 36, 0, 4, 45, 47) (29, 32, 7, 12, 24, 28, 21, 23) (3, 11, 27, 35) (41, 14, 15, 44, 6) (17, 38, 39, 20, 30) "
"OP(8,8,8,8,5,5,4,4)",0,Solved,"0,0780"," (4t+2)","0,0822","(\infty, 28, 44, 34, \infty, 10, 20, 4) (33, 5, 36, 39, 3, 45, 41, 40) (9, 29, 12, 15, 27, 21, 17, 16) (42, 24, 2, 37, 18, 0, 26, 13) (46, 31, 6, 43, 38) (22, 7, 30, 19, 14) (1, 47, 8, 35) (25, 23, 32, 11) "
"OP(4,8,8,4,4,3,3)",0,Solved,"0,0500"," (4t+2)","0,0554","(\infty, 13, \infty, 37) (9, 5, 6, 3, 12, 42, 16, 4) (33, 29, 30, 27, 36, 18, 40, 28) (0, 11, 31, 17) (24, 35, 7, 41) (1, 14, 47) (25, 38, 23) "
"OP(8,8,8,8,4,4,4,3,3)",0,Solved,"0,1640"," (4t+2)","0,1675","(\infty, 14, 46, 28, \infty, 4, 22, 38) (17, 2, 33, 7, 32, 19, 16, 15) (41, 26, 9, 31, 8, 43, 40, 39) (5, 0, 6, 10, 29, 24, 30, 34) (11, 23, 12, 20) (35, 47, 36, 44) (37, 3, 13, 27) (21, 42, 1) (45, 18, 25) "
"OP(8,8,8,8,3,3,3,3,3,3)",0,Solved,"0,0410"," (4t+2)","0,0448","(\infty, 14, 39, 10, \infty, 34, 15, 38) (46, 16, 43, 23, 13, 6, 17, 33) (22, 40, 19, 47, 37, 30, 41, 9) (11, 7, 1, 2, 35, 31, 25, 26) (21, 4, 12) (45, 28, 36) (8, 42, 20) (32, 18, 44) (0, 5, 3) (24, 29, 27) "
"OP(6,8,8,7,7)",0,Solved,"0,0860"," (4t+2)","0,0901","(\infty, 3, 41, \infty, 17, 27) (26, 47, 28, 40, 37, 44, 35, 46) (2, 23, 4, 16, 13, 20, 11, 22) (34, 42, 38, 6, 31, 5, 36) (10, 18, 14, 30, 7, 29, 12) "
"OP(8,7,7,8,8,6,6)",0,Solved,"0,0570"," (4t+2)","0,0604","(\infty, 21, 39, 13, \infty, 37, 15, 45) (33, 22, 12, 3, 2, 0, 8) (9, 46, 36, 27, 26, 24, 32) (35, 19, 6, 18, 38, 7, 41, 20) (11, 43, 30, 42, 14, 31, 17, 44) (16, 23, 4, 1, 5, 10) (40, 47, 28, 25, 29, 34) "
"OP(8,7,7,8,8,6,3,3)",0,Solved,"0,2770"," (4t+2)","0,2811","(\infty, 13, 39, 21, \infty, 45, 15, 37) (32, 17, 6, 14, 23, 42, 22) (8, 41, 30, 38, 47, 18, 46) (16, 9, 3, 0, 5, 1, 2, 4) (40, 33, 27, 24, 29, 25, 26, 28) (43, 11, 36, 19, 35, 12) (34, 7, 20) (10, 31, 44) "
"OP(4,8,7,7,4,4)",0,Solved,"0,0700"," (4t+2)","0,0742","(\infty, 43, \infty, 19) (41, 3, 10, 42, 17, 27, 34, 18) (0, 15, 12, 4, 13, 47, 46) (24, 39, 36, 28, 37, 23, 22) (9, 21, 16, 44) (33, 45, 40, 20) "
"OP(8,7,7,8,8,4,4,4)",0,Solved,"0,0490"," (4t+2)","0,0540","(\infty, 46, 11, 34, \infty, 10, 35, 22) (18, 33, 19, 7, 0, 8, 12) (42, 9, 43, 31, 24, 32, 36) (17, 39, 23, 13, 4, 3, 1, 6) (41, 15, 47, 37, 28, 27, 25, 30) (45, 16, 44, 14) (21, 40, 20, 38) (5, 2, 29, 26) "
"OP(8,7,7,8,8,3,3,3,3)",0,Solved,"0,1070"," (4t+2)","0,1128","(\infty, 36, 34, 30, \infty, 6, 10, 12) (25, 40, 28, 47, 39, 33, 11) (1, 16, 4, 23, 15, 9, 35) (20, 0, 27, 43, 46, 29, 38, 45) (44, 24, 3, 19, 22, 5, 14, 21) (41, 31, 42) (17, 7, 18) (32, 37, 2) (8, 13, 26) "
"OP(4,8,8,6,6,4)",0,Solved,"0,0780"," (4t+2)","0,0824","(\infty, 3, \infty, 27) (41, 0, 6, 9, 8, 19, 23, 18) (17, 24, 30, 33, 32, 43, 47, 42) (40, 12, 2, 10, 1, 13) (16, 36, 26, 34, 25, 37) (7, 5, 31, 29) "
"OP(4,8,8,6,5,5)",0,Solved,"0,0450"," (4t+2)","0,0490","(\infty, 17, \infty, 41) (19, 7, 20, 36, 22, 40, 23, 34) (43, 31, 44, 12, 46, 16, 47, 10) (15, 38, 11, 39, 14, 35) (8, 1, 2, 21, 13) (32, 25, 26, 45, 37) "
"OP(6,8,8,6,4,4)",0,Solved,"0,0530"," (4t+2)","0,0579","(\infty, 16, 4, \infty, 28, 40) (19, 35, 33, 8, 21, 26, 37, 41) (43, 11, 9, 32, 45, 2, 13, 17) (27, 0, 10, 3, 24, 34) (12, 30, 29, 14) (36, 6, 5, 38) "
"OP(4,8,8,6,4,3,3)",0,Solved,"0,0990"," (4t+2)","0,1029","(\infty, 13, \infty, 37) (2, 9, 30, 22, 36, 25, 3, 7) (26, 33, 6, 46, 12, 1, 27, 31) (32, 16, 44, 8, 40, 20) (10, 19, 34, 43) (11, 5, 15) (35, 29, 39) "
"OP(6,8,8,5,5,4)",0,Solved,"0,1420"," (4t+2)","0,1460","(\infty, 35, 3, \infty, 27, 11) (31, 38, 33, 41, 39, 45, 36, 32) (7, 14, 9, 17, 15, 21, 12, 8) (20, 46, 25, 0, 34) (44, 22, 1, 24, 10) (19, 37, 43, 13) "
"OP(4,8,8,5,5,3,3)",0,Solved,"0,0800"," (4t+2)","0,0843","(\infty, \infty, 23, 47) (8, 3, 6, 12, 45, 18, 41, 19) (32, 27, 30, 36, 21, 42, 17, 43) (22, 10, 2, 9, 39) (46, 34, 26, 33, 15) (20, 0, 16) (44, 24, 40) "
"OP(6,8,8,4,4,3,3)",0,Solved,"0,0670"," (4t+2)","0,0706","(\infty, 14, 16, \infty, 40, 38) (26, 8, 44, 1, 11, 4, 15, 7) (2, 32, 20, 25, 35, 28, 39, 31) (9, 10, 6, 41) (33, 34, 30, 17) (18, 3, 12) (42, 27, 36) "
"OP(4,8,8,4,4,4,4)",0,Solved,"0,0480"," (4t+2)","0,0514","(\infty, 17, \infty, 41) (15, 43, 22, 10, 23, 37, 21, 44) (39, 19, 46, 34, 47, 13, 45, 20) (4, 6, 36, 14) (28, 30, 12, 38) (1, 2, 11, 5) (25, 26, 35, 29) "
"OP(4,8,8,4,3,3,3,3)",0,Solved,"0,1800"," (4t+2)","0,1844","(\infty, 20, \infty, 44) (36, 15, 5, 0, 7, 16, 35, 22) (12, 39, 29, 24, 31, 40, 11, 46) (8, 2, 32, 26) (42, 10, 21) (18, 34, 45) (38, 23, 43) (14, 47, 19) "
"OP(4,8,5,5,6,6)",0,Solved,"0,0430"," (4t+2)","0,0475","(\infty, 19, \infty, 43) (39, 14, 5, 3, 15, 38, 29, 27) (20, 41, 11, 4, 0) (44, 17, 35, 28, 24) (22, 9, 6, 1, 7, 8) (46, 33, 30, 25, 31, 32) "
"OP(8,8,8,6,6,6,4,4)",0,Solved,"0,0820"," (4t+2)","0,0856","(\infty, 34, 15, 38, \infty, 14, 39, 10) (18, 17, 1, 12, 3, 9, 16, 6) (42, 41, 25, 36, 27, 33, 40, 30) (21, 0, 13, 5, 19, 47) (45, 24, 37, 29, 43, 23) (11, 8, 4, 35, 32, 28) (2, 20, 22, 7) (26, 44, 46, 31) "
"OP(8,8,8,6,6,5,5,4)",0,Solved,"0,0710"," (4t+2)","0,0745","(\infty, 47, 39, 25, \infty, 1, 15, 23) (34, 28, 41, 38, 37, 32, 36, 46) (10, 4, 17, 14, 13, 8, 12, 22) (35, 44, 27, 6, 31, 2) (11, 20, 3, 30, 7, 26) (40, 33, 5, 42, 24) (16, 9, 29, 18, 0) (45, 43, 21, 19) "
"OP(4,8,5,5,6,3,3)",0,Solved,"0,0540"," (4t+2)","0,0582","(\infty, 16, \infty, 40) (3, 9, 23, 42, 27, 33, 47, 18) (8, 17, 6, 1, 5) (32, 41, 30, 25, 29) (12, 0, 13, 36, 24, 37) (39, 7, 38) (15, 31, 14) "
"OP(8,8,8,6,6,4,4,3,3)",0,Solved,"0,2150"," (4t+2)","0,2193","(\infty, 22, 21, 8, \infty, 32, 45, 46) (1, 7, 3, 5, 0, 14, 40, 10) (25, 31, 27, 29, 24, 38, 16, 34) (11, 44, 15, 43, 12, 4) (35, 20, 39, 19, 36, 28) (18, 41, 9, 6) (42, 17, 33, 30) (2, 23, 13) (26, 47, 37) "
"OP(8,8,8,6,5,5,5,5)",0,Solved,"0,0740"," (4t+2)","0,0776","(\infty, 20, 36, 8, \infty, 32, 12, 44) (45, 46, 19, 5, 0, 10, 41, 23) (21, 22, 43, 29, 24, 34, 17, 47) (16, 4, 15, 40, 28, 39) (2, 9, 42, 13, 11) (26, 33, 18, 37, 35) (1, 14, 6, 3, 7) (25, 38, 30, 27, 31) "
"OP(8,8,8,6,5,5,4,3,3)",0,Solved,"0,1500"," (4t+2)","0,1545","(\infty, 25, 33, 43, \infty, 19, 9, 1) (30, 4, 29, 41, 7, 34, 40, 47) (6, 28, 5, 17, 31, 10, 16, 23) (38, 27, 46, 14, 3, 22) (32, 2, 35, 36, 45) (8, 26, 11, 12, 21) (24, 44, 0, 20) (42, 37, 39) (18, 13, 15) "
"OP(4,8,5,5,4,4,4)",0,Solved,"0,1840"," (4t+2)","0,1876","(\infty, 2, \infty, 26) (4, 6, 7, 44, 28, 30, 31, 20) (8, 13, 19, 34, 15) (32, 37, 43, 10, 39) (12, 46, 38, 47) (36, 22, 14, 23) (0, 27, 24, 3) "
"OP(4,8,5,5,3,3,3,3)",0,Solved,"0,0670"," (4t+2)","0,0707","(\infty, 4, \infty, 28) (5, 6, 2, 15, 29, 30, 26, 39) (37, 14, 8, 3, 10) (13, 38, 32, 27, 34) (16, 44, 11) (40, 20, 35) (0, 12, 41) (24, 36, 17) "
"OP(8,8,8,6,4,4,4,4,4)",0,Solved,"0,0490"," (4t+2)","0,0523","(\infty, 6, 22, 26, \infty, 2, 46, 30) (23, 16, 21, 10, 19, 33, 8, 35) (47, 40, 45, 34, 43, 9, 32, 11) (41, 24, 37, 17, 0, 13) (38, 28, 29, 44) (14, 4, 5, 20) (42, 39, 31, 12) (18, 15, 7, 36) (25, 27, 1, 3) "
"OP(8,8,8,6,4,4,3,3,3,3)",0,Solved,"0,0740"," (4t+2)","0,0783","(\infty, 4, 14, 36, \infty, 12, 38, 28) (25, 27, 45, 31, 40, 41, 24, 19) (1, 3, 21, 7, 16, 17, 0, 43) (6, 47, 22, 30, 23, 46) (44, 15, 11, 8) (20, 39, 35, 32) (2, 13, 34) (26, 37, 10) (42, 9, 29) (18, 33, 5) "
"OP(8,8,8,5,5,5,5,3,3)",0,Solved,"0,1830"," (4t+2)","0,1861","(\infty, 0, 16, 22, \infty, 46, 40, 24) (11, 23, 34, 17, 42, 20, 5, 3) (35, 47, 10, 41, 18, 44, 29, 27) (4, 32, 13, 14, 1) (28, 8, 37, 38, 25) (6, 15, 45, 7, 2) (30, 39, 21, 31, 26) (19, 12, 33) (43, 36, 9) "
"OP(4,8,4,4,4,5,5)",0,Solved,"0,1000"," (4t+2)","0,1040","(\infty, 34, \infty, 10) (3, 12, 7, 15, 27, 36, 31, 39) (6, 13, 23, 43) (30, 37, 47, 19) (26, 4, 2, 28) (5, 1, 0, 14, 8) (29, 25, 24, 38, 32) "
"OP(8,8,8,5,5,4,4,4,4)",0,Solved,"0,0850"," (4t+2)","0,0886","(\infty, 41, 25, 5, \infty, 29, 1, 17) (2, 32, 39, 40, 35, 46, 42, 27) (26, 8, 15, 16, 11, 22, 18, 3) (37, 43, 24, 38, 47) (13, 19, 0, 14, 23) (36, 44, 31, 34) (12, 20, 7, 10) (6, 33, 45, 28) (30, 9, 21, 4) "
"OP(8,8,8,5,5,4,3,3,3,3)",0,Solved,"0,1880"," (4t+2)","0,1934","(\infty, 40, 20, 2, \infty, 26, 44, 16) (5, 21, 11, 0, 31, 43, 1, 34) (29, 45, 35, 24, 7, 19, 25, 10) (38, 46, 39, 37, 12) (14, 22, 15, 13, 36) (30, 33, 6, 9) (8, 3, 47) (32, 27, 23) (17, 4, 18) (41, 28, 42) "
"OP(4,8,4,4,4,4,3,3)",0,Solved,"0,0460"," (4t+2)","0,0501","(\infty, 2, \infty, 26) (3, 4, 6, 10, 27, 28, 30, 34) (1, 7, 12, 15) (25, 31, 36, 39) (5, 14, 21, 40) (29, 38, 45, 16) (11, 22, 37) (35, 46, 13) "
"OP(4,8,4,3,3,3,3,3,3)",0,Solved,"0,0400"," (4t+2)","0,0442","(\infty, 2, \infty, 26) (4, 5, 7, 10, 28, 29, 31, 34) (9, 18, 33, 42) (16, 27, 11) (40, 3, 35) (46, 19, 41) (22, 43, 17) (13, 23, 15) (37, 47, 39) "
"OP(8,8,8,4,4,4,4,4,3,3)",0,Solved,"0,0800"," (4t+2)","0,0834","(\infty, 40, 13, 30, \infty, 6, 37, 16) (35, 42, 12, 44, 7, 19, 45, 10) (11, 18, 36, 20, 31, 43, 21, 34) (1, 2, 47, 39) (25, 26, 23, 15) (5, 14, 9, 3) (29, 38, 33, 27) (4, 0, 28, 24) (46, 17, 32) (22, 41, 8) "
"OP(8,8,8,4,4,3,3,3,3,3,3)",0,Solved,"0,0650"," (4t+2)","0,0694","(\infty, 17, 40, 43, \infty, 19, 16, 41) (23, 10, 3, 4, 12, 21, 7, 38) (47, 34, 27, 28, 36, 45, 31, 14) (0, 6, 32, 5) (24, 30, 8, 29) (18, 22, 2) (42, 46, 26) (11, 13, 1) (35, 37, 25) (20, 9, 39) (44, 33, 15) "
"OP(8,7,7,8,7,7,6)",0,Solved,"0,0750"," (4t+2)","0,0789","(\infty, 19, 45, 15, \infty, 39, 21, 43) (2, 4, 13, 40, 20, 9, 8) (26, 28, 37, 16, 44, 33, 32) (11, 3, 6, 18, 35, 27, 30, 42) (14, 46, 23, 36, 17, 7, 0) (38, 22, 47, 12, 41, 31, 24) (1, 5, 10, 25, 29, 34) "
"OP(8,7,7,8,7,7,3,3)",0,Solved,"0,0770"," (4t+2)","0,0814","(\infty, 19, 39, 13, \infty, 37, 15, 43) (23, 38, 22, 8, 0, 2, 12) (47, 14, 46, 32, 24, 26, 36) (18, 5, 1, 6, 42, 29, 25, 30) (4, 7, 16, 35, 17, 44, 21) (28, 31, 40, 11, 41, 20, 45) (3, 10, 9) (27, 34, 33) "
"OP(4,8,7,7,6,4)",0,Solved,"0,0790"," (4t+2)","0,0833","(\infty, 8, \infty, 32) (7, 4, 2, 15, 31, 28, 26, 39) (22, 10, 1, 5, 16, 21, 0) (46, 34, 25, 29, 40, 45, 24) (3, 23, 9, 27, 47, 33) (19, 12, 43, 36) "
"OP(4,8,7,7,5,5)",0,Solved,"0,0400"," (4t+2)","0,0445","(\infty, 21, \infty, 45) (39, 8, 5, 3, 15, 32, 29, 27) (22, 43, 11, 4, 0, 14, 44) (46, 19, 35, 28, 24, 38, 20) (6, 1, 7, 16, 17) (30, 25, 31, 40, 41) "
"OP(6,8,7,7,4,4)",0,Solved,"0,0670"," (4t+2)","0,0707","(\infty, 46, 40, \infty, 16, 22) (38, 45, 27, 39, 14, 21, 3, 15) (25, 47, 32, 36, 35, 44, 41) (1, 23, 8, 12, 11, 20, 17) (31, 4, 33, 43) (7, 28, 9, 19) "
"OP(4,8,7,7,4,3,3)",0,Solved,"0,0840"," (4t+2)","0,0882","(\infty, 2, \infty, 26) (4, 5, 7, 45, 28, 29, 31, 21) (6, 9, 44, 8, 12, 17, 35) (30, 33, 20, 32, 36, 41, 11) (10, 19, 34, 43) (0, 27, 16) (24, 3, 40) "
"OP(4,7,7,5,5,6)",0,Solved,"0,0710"," (4t+2)","0,0744","(\infty, 4, \infty, 28) (5, 6, 2, 16, 39, 19, 7) (29, 30, 26, 40, 15, 43, 31) (3, 8, 14, 23, 10) (27, 32, 38, 47, 34) (0, 11, 21, 24, 35, 45) "
"OP(8,7,7,8,6,6,4,4)",0,Solved,"0,1050"," (4t+2)","0,1107","(\infty, 2, 3, 0, \infty, 24, 27, 26) (4, 10, 29, 16, 33, 19, 11) (28, 34, 5, 40, 9, 43, 35) (13, 22, 42, 12, 37, 46, 18, 36) (44, 8, 6, 1, 45, 7) (20, 32, 30, 25, 21, 31) (14, 41, 15, 47) (38, 17, 39, 23) "
"OP(8,7,7,8,6,5,5,4)",0,Solved,"0,0620"," (4t+2)","0,0655","(\infty, 1, 10, 27, \infty, 3, 34, 25) (5, 2, 6, 32, 37, 43, 41) (29, 26, 30, 8, 13, 19, 17) (20, 33, 47, 14, 44, 9, 23, 38) (36, 11, 31, 12, 35, 7) (42, 4, 15, 22, 21) (18, 28, 39, 46, 45) (16, 24, 40, 0) "
"OP(4,7,7,5,5,3,3)",0,Solved,"0,1200"," (4t+2)","0,1241","(\infty, 19, \infty, 43) (8, 0, 1, 3, 39, 2, 11) (32, 24, 25, 27, 15, 26, 35) (4, 9, 5, 20, 10) (28, 33, 29, 44, 34) (7, 38, 22) (31, 14, 46) "
"OP(8,7,7,8,6,4,4,3,3)",0,Solved,"0,0540"," (4t+2)","0,0575","(\infty, 4, 16, 44, \infty, 20, 40, 28) (11, 6, 19, 1, 22, 41, 8) (35, 30, 43, 25, 46, 17, 32) (5, 9, 15, 7, 29, 33, 39, 31) (12, 2, 13, 36, 26, 37) (0, 47, 45, 14) (24, 23, 21, 38) (10, 42, 3) (34, 18, 27) "
"OP(8,7,7,8,5,5,5,5)",0,Solved,"0,0980"," (4t+2)","0,1020","(\infty, 5, 46, 19, \infty, 43, 22, 29) (14, 16, 44, 41, 15, 1, 10) (38, 40, 20, 17, 39, 25, 34) (2, 37, 6, 7, 26, 13, 30, 31) (3, 45, 8, 0, 18) (27, 21, 32, 24, 42) (47, 9, 4, 36, 11) (23, 33, 28, 12, 35) "
"OP(8,7,7,8,5,5,4,3,3)",0,Solved,"0,0920"," (4t+2)","0,0960","(\infty, 13, 47, 19, \infty, 43, 23, 37) (22, 30, 27, 36, 1, 5, 0) (46, 6, 3, 12, 25, 29, 24) (26, 38, 45, 35, 2, 14, 21, 11) (41, 4, 34, 40, 9) (17, 28, 10, 16, 33) (31, 32, 7, 8) (42, 15, 44) (18, 39, 20) "
"OP(4,7,7,4,4,4,4)",0,Solved,"0,0460"," (4t+2)","0,0507","(\infty, 22, \infty, 46) (47, 13, 5, 3, 9, 10, 21) (23, 37, 29, 27, 33, 34, 45) (4, 0, 16, 7) (28, 24, 40, 31) (6, 1, 8, 18) (30, 25, 32, 42) "
"OP(4,7,7,4,3,3,3,3)",0,Solved,"0,0500"," (4t+2)","0,0547","(\infty, 30, \infty, 6) (17, 37, 26, 27, 21, 11, 40) (41, 13, 2, 3, 45, 35, 16) (15, 12, 39, 36) (42, 8, 24) (18, 32, 0) (7, 19, 34) (31, 43, 10) "
"OP(8,7,7,8,4,4,4,4,4)",0,Solved,"0,1150"," (4t+2)","0,1207","(\infty, 20, 31, 8, \infty, 32, 7, 44) (2, 43, 17, 29, 23, 15, 36) (26, 19, 41, 5, 47, 39, 12) (30, 28, 9, 10, 6, 4, 33, 34) (25, 35, 18, 38) (1, 11, 42, 14) (45, 27, 24, 40) (21, 3, 0, 16) (37, 46, 13, 22) "
"OP(8,7,7,8,4,4,3,3,3,3)",0,Solved,"0,1690"," (4t+2)","0,1726","(\infty, 20, 1, 46, \infty, 22, 25, 44) (13, 40, 2, 33, 35, 7, 14) (37, 16, 26, 9, 11, 31, 38) (3, 19, 5, 45, 27, 43, 29, 21) (17, 42, 6, 12) (41, 18, 30, 36) (8, 34, 47) (32, 10, 23) (4, 15, 0) (28, 39, 24) "
"OP(4,8,6,6,6,6)",0,Solved,"0,0810"," (4t+2)","0,0847","(\infty, 14, \infty, 38) (15, 10, 7, 0, 39, 34, 31, 24) (23, 11, 40, 20, 2, 12) (47, 35, 16, 44, 26, 36) (22, 37, 6, 4, 3, 9) (46, 13, 30, 28, 27, 33) "
"OP(6,8,6,6,6,4)",0,Solved,"0,1070"," (4t+2)","0,1104","(\infty, 5, 45, \infty, 21, 29) (11, 40, 3, 9, 35, 16, 27, 33) (14, 17, 2, 6, 1, 13) (38, 41, 26, 30, 25, 37) (43, 15, 42, 19, 39, 18) (4, 22, 28, 46) "
"OP(4,8,6,6,6,3,3)",0,Solved,"0,1880"," (4t+2)","0,1928","(\infty, 6, \infty, 30) (44, 13, 36, 0, 20, 37, 12, 24) (14, 15, 41, 2, 21, 10) (38, 39, 17, 26, 45, 34) (4, 46, 1, 28, 22, 25) (7, 9, 42) (31, 33, 18) "
"OP(6,8,6,6,5,5)",0,Solved,"0,0620"," (4t+2)","0,0656","(\infty, 38, 34, \infty, 10, 14) (47, 27, 42, 25, 23, 3, 18, 1) (41, 32, 37, 24, 2, 31) (17, 8, 13, 0, 26, 7) (44, 28, 5, 35, 46) (20, 4, 29, 11, 22) "
"OP(6,8,6,6,4,3,3)",0,Solved,"0,0640"," (4t+2)","0,0676","(\infty, 46, 14, \infty, 38, 22) (45, 30, 11, 18, 21, 6, 35, 42) (13, 36, 27, 47, 1, 9) (37, 12, 3, 23, 25, 33) (26, 16, 2, 40) (43, 17, 0) (19, 41, 24) "
"OP(4,8,6,6,4,4,4)",0,Solved,"0,1080"," (4t+2)","0,1121","(\infty, 44, \infty, 20) (30, 41, 37, 32, 6, 17, 13, 8) (4, 18, 1, 46, 0, 33) (28, 42, 25, 22, 24, 9) (45, 36, 26, 38) (21, 12, 2, 14) (40, 39, 16, 15) "
"OP(4,8,6,6,3,3,3,3)",0,Solved,"0,0850"," (4t+2)","0,0890","(\infty, 32, \infty, 8) (23, 29, 2, 6, 47, 5, 26, 30) (4, 37, 18, 10, 44, 9) (28, 13, 42, 34, 20, 33) (38, 39, 22) (14, 15, 46) (11, 31, 41) (35, 7, 17) "
"OP(6,8,6,5,5,3,3)",0,Solved,"0,0780"," (4t+2)","0,0816","(\infty, 4, 6, \infty, 30, 28) (21, 38, 12, 44, 45, 14, 36, 20) (3, 13, 42, 27, 37, 18) (43, 16, 41, 23, 9) (19, 40, 17, 47, 33) (2, 15, 22) (26, 39, 46) "
"OP(4,8,6,5,5,4,4)",0,Solved,"0,0440"," (4t+2)","0,0514","(\infty, 1, \infty, 25) (12, 3, 9, 2, 36, 27, 33, 26) (0, 20, 21, 24, 44, 45) (4, 8, 19, 6, 14) (28, 32, 43, 30, 38) (22, 7, 23, 40) (46, 31, 47, 16) "
"OP(6,8,6,4,4,4,4)",0,Solved,"0,1610"," (4t+2)","0,1663","(\infty, 12, 42, \infty, 18, 36) (41, 30, 20, 43, 17, 6, 44, 19) (1, 8, 9, 25, 32, 33) (23, 15, 21, 0) (47, 39, 45, 24) (5, 22, 37, 3) (29, 46, 13, 27) "
"OP(6,8,6,4,3,3,3,3)",0,Solved,"0,3720"," (4t+2)","0,3778","(\infty, 28, 16, \infty, 40, 4) (45, 46, 32, 2, 21, 22, 8, 26) (44, 47, 42, 20, 23, 18) (41, 35, 17, 11) (7, 0, 39) (31, 24, 15) (1, 33, 6) (25, 9, 30) "
"OP(4,8,6,4,4,4,3,3)",0,Solved,"0,0870"," (4t+2)","0,0904","(\infty, 22, \infty, 46) (8, 4, 2, 35, 32, 28, 26, 11) (1, 9, 16, 25, 33, 40) (20, 47, 13, 36) (44, 23, 37, 12) (7, 18, 31, 42) (45, 19, 38) (21, 43, 14) "
"OP(4,8,6,3,3,3,3,3,3)",0,Solved,"0,0590"," (4t+2)","0,0628","(\infty, 10, \infty, 34) (41, 25, 5, 0, 17, 1, 29, 24) (16, 7, 6, 40, 31, 30) (42, 38, 2) (18, 14, 26) (12, 47, 45) (36, 23, 21) (15, 28, 3) (39, 4, 27) "
"OP(4,8,5,5,5,5,4)",0,Solved,"0,0810"," (4t+2)","0,0852","(\infty, 3, \infty, 27) (41, 0, 6, 16, 17, 24, 30, 40) (8, 11, 45, 33, 12) (32, 35, 21, 9, 36) (13, 2, 10, 1, 18) (37, 26, 34, 25, 42) (7, 5, 31, 29) "
"OP(6,8,5,5,4,4,4)",0,Solved,"0,3950"," (4t+2)","0,3980","(\infty, 13, 29, \infty, 5, 37) (16, 41, 45, 18, 40, 17, 21, 42) (14, 23, 3, 36, 0) (38, 47, 27, 12, 24) (34, 44, 8, 9) (10, 20, 32, 33) (11, 4, 35, 28) "
"OP(6,8,5,5,3,3,3,3)",0,Solved,"0,0920"," (4t+2)","0,0961","(\infty, 21, 1, \infty, 25, 45) (34, 0, 16, 3, 10, 24, 40, 27) (37, 8, 7, 30, 18) (13, 32, 31, 6, 42) (44, 4, 14) (20, 28, 38) (9, 19, 15) (33, 43, 39) "
"OP(4,8,5,5,4,4,3,3)",0,Solved,"0,0580"," (4t+2)","0,0615","(\infty, 4, \infty, 28) (13, 41, 8, 7, 37, 17, 32, 31) (11, 15, 3, 14, 16) (35, 39, 27, 38, 40) (19, 46, 6, 12) (43, 22, 30, 36) (10, 1, 18) (34, 25, 42) "
"OP(6,8,4,4,4,4,3,3)",0,Solved,"0,1160"," (4t+2)","0,1199","(\infty, 4, 42, \infty, 18, 28) (5, 6, 8, 13, 29, 30, 32, 37) (7, 0, 9, 12) (31, 24, 33, 36) (16, 1, 15, 14) (40, 25, 39, 38) (34, 23, 2) (10, 47, 26) "
"OP(6,8,4,3,3,3,3,3,3)",0,Solved,"0,1240"," (4t+2)","0,1283","(\infty, 47, 17, \infty, 41, 23) (32, 10, 3, 11, 8, 34, 27, 35) (7, 20, 31, 44) (39, 19, 46) (15, 43, 22) (12, 18, 0) (36, 42, 24) (1, 2, 4) (25, 26, 28) "
"OP(4,8,4,4,4,4,4,4)",0,Solved,"0,0410"," (4t+2)","0,0457","(\infty, 46, \infty, 22) (1, 2, 36, 41, 25, 26, 12, 17) (7, 35, 44, 42) (31, 11, 20, 18) (33, 45, 24, 39) (9, 21, 0, 15) (47, 43, 40, 29) (23, 19, 16, 5) "
"OP(4,8,4,4,4,3,3,3,3)",0,Solved,"0,1260"," (4t+2)","0,1301","(\infty, 36, \infty, 12) (39, 46, 43, 25, 15, 22, 19, 1) (47, 26, 34, 35) (23, 2, 10, 11) (37, 41, 13, 17) (31, 45, 40) (7, 21, 16) (27, 4, 33) (3, 28, 9) "
"OP(4,8,3,3,3,3,3,3,3,3)",0,Solved,"0,1260"," (4t+2)","0,1310","(\infty, 15, \infty, 39) (8, 33, 20, 14, 32, 9, 44, 38) (35, 18, 16) (11, 42, 40) (7, 22, 43) (31, 46, 19) (21, 3, 0) (45, 27, 24) (10, 37, 5) (34, 13, 29) "
"OP(8,8,6,6,6,6,6,4)",0,Solved,"0,1090"," (4t+2)","0,1132","(\infty, 28, 47, 38, \infty, 14, 23, 4) (42, 36, 46, 5, 18, 12, 22, 29) (33, 41, 7, 39, 24, 45) (9, 17, 31, 15, 0, 21) (25, 27, 44, 43, 32, 2) (1, 3, 20, 19, 8, 26) (35, 40, 37, 11, 16, 13) (34, 30, 10, 6) "
"OP(8,8,6,6,6,6,5,5)",0,Solved,"0,0670"," (4t+2)","0,0709","(\infty, 39, 38, 7, \infty, 31, 14, 15) (0, 35, 42, 8, 24, 11, 18, 32) (47, 4, 30, 34, 22, 2) (23, 28, 6, 10, 46, 26) (5, 3, 21, 36, 25, 44) (29, 27, 45, 12, 1, 20) (41, 33, 43, 37, 16) (17, 9, 19, 13, 40) "
"OP(8,8,6,6,6,6,4,3,3)",0,Solved,"0,1640"," (4t+2)","0,1686","(\infty, 38, 37, 4, \infty, 28, 13, 14) (5, 15, 23, 11, 29, 39, 47, 35) (7, 12, 19, 0, 3, 1) (31, 36, 43, 24, 27, 25) (22, 8, 17, 40, 9, 44) (46, 32, 41, 16, 33, 20) (2, 6, 26, 30) (10, 21, 42) (34, 45, 18) "
"OP(8,8,6,6,6,5,5,3,3)",0,Solved,"0,3500"," (4t+2)","0,3541","(\infty, 4, 38, 10, \infty, 34, 14, 28) (40, 5, 23, 42, 16, 29, 47, 18) (19, 9, 2, 6, 7, 44) (43, 33, 26, 30, 31, 20) (45, 39, 12, 21, 15, 36) (13, 1, 17, 0, 46) (37, 25, 41, 24, 22) (3, 11, 8) (27, 35, 32) "
"OP(4,5,5,6,6,4,4)",0,Solved,"0,0630"," (4t+2)","0,0677","(\infty, 4, \infty, 28) (5, 6, 2, 16, 7) (29, 30, 26, 40, 31) (14, 8, 3, 10, 22, 37) (38, 32, 27, 34, 46, 13) (11, 0, 18, 21) (35, 24, 42, 45) "
"OP(8,8,6,6,6,4,4,4,4)",0,Solved,"0,1870"," (4t+2)","0,1910","(\infty, 21, 40, 19, \infty, 43, 16, 45) (47, 22, 17, 6, 23, 46, 41, 30) (14, 2, 12, 11, 3, 5) (38, 26, 36, 35, 27, 29) (20, 42, 10, 44, 18, 34) (13, 0, 15, 33) (37, 24, 39, 9) (7, 4, 8, 1) (31, 28, 32, 25) "
"OP(8,8,6,6,6,4,3,3,3,3)",0,Solved,"0,2740"," (4t+2)","0,2776","(\infty, 10, 21, 42, \infty, 18, 45, 34) (13, 6, 20, 2, 37, 30, 44, 26) (11, 17, 40, 12, 0, 43) (35, 41, 16, 36, 24, 19) (7, 15, 46, 31, 39, 22) (1, 3, 25, 27) (8, 9, 5) (32, 33, 29) (4, 14, 23) (28, 38, 47) "
"OP(4,5,5,6,5,5,4)",0,Solved,"0,0650"," (4t+2)","0,0691","(\infty, 18, \infty, 42) (10, 22, 6, 39, 9) (34, 46, 30, 15, 33) (35, 13, 5, 11, 37, 29) (44, 17, 14, 16, 3) (20, 41, 38, 40, 27) (21, 7, 45, 31) "
"OP(8,8,6,6,5,5,4,4,4)",0,Solved,"0,1590"," (4t+2)","0,1626","(\infty, 18, 44, 36, \infty, 12, 20, 42) (31, 3, 14, 46, 7, 27, 38, 22) (1, 2, 45, 41, 6, 4) (25, 26, 21, 17, 30, 28) (9, 16, 47, 11, 32) (33, 40, 23, 35, 8) (29, 10, 0, 15) (5, 34, 24, 39) (37, 43, 13, 19) "
"OP(8,8,6,6,5,5,3,3,3,3)",0,Solved,"0,1710"," (4t+2)","0,1742","(\infty, 22, 34, 12, \infty, 36, 10, 46) (42, 47, 7, 16, 18, 23, 31, 40) (6, 0, 37, 9, 41, 3) (30, 24, 13, 33, 17, 27) (11, 26, 5, 4, 45) (35, 2, 29, 28, 21) (32, 1, 14) (8, 25, 38) (43, 39, 20) (19, 15, 44) "
"OP(4,5,5,6,4,4,3,3)",0,Solved,"0,0770"," (4t+2)","0,0822","(\infty, 9, \infty, 33) (3, 21, 4, 15, 13) (27, 45, 28, 39, 37) (11, 12, 41, 35, 36, 17) (20, 0, 14, 47) (44, 24, 38, 23) (19, 42, 16) (43, 18, 40) "
"OP(8,8,6,6,4,4,4,4,3,3)",0,Solved,"0,1280"," (4t+2)","0,1325","(\infty, 41, 5, 1, \infty, 25, 29, 17) (0, 10, 16, 15, 24, 34, 40, 39) (31, 23, 44, 14, 46, 18) (7, 47, 20, 38, 22, 42) (19, 21, 35, 12) (43, 45, 11, 36) (33, 2, 13, 28) (9, 26, 37, 4) (3, 32, 6) (27, 8, 30) "
"OP(8,8,6,6,4,3,3,3,3,3,3)",0,Solved,"0,2220"," (4t+2)","0,2265","(\infty, 20, 39, 18, \infty, 42, 15, 44) (10, 22, 36, 21, 34, 46, 12, 45) (11, 4, 8, 14, 30, 19) (35, 28, 32, 38, 6, 43) (2, 1, 26, 25) (7, 33, 16) (31, 9, 40) (3, 0, 5) (27, 24, 29) (13, 23, 41) (37, 47, 17) "
"OP(4,5,5,5,5,5,5)",0,Solved,"0,0550"," (4t+2)","0,0590","(\infty, 29, \infty, 5) (16, 28, 44, 31, 42) (40, 4, 20, 7, 18) (33, 27, 47, 32, 41) (9, 3, 23, 8, 17) (21, 22, 15, 19, 2) (45, 46, 39, 43, 26) "
"OP(8,8,6,5,5,5,5,4,4)",0,Solved,"0,0520"," (4t+2)","0,0555","(\infty, \infty, 23, 41, 21, 45, 17, 47) (40, 19, 7, 1, 16, 43, 31, 25) (3, 0, 11, 27, 24, 35) (6, 2, 4, 13, 14) (30, 26, 28, 37, 38) (10, 39, 22, 12, 5) (34, 15, 46, 36, 29) (8, 42, 20, 33) (32, 18, 44, 9) "
"OP(4,5,5,5,5,4,3,3)",0,Solved,"0,0900"," (4t+2)","0,0940","(\infty, 42, \infty, 18) (11, 1, 10, 36, 13) (35, 25, 34, 12, 37) (28, 44, 24, 45, 15) (4, 20, 0, 21, 39) (47, 16, 23, 40) (38, 19, 7) (14, 43, 31) "
"OP(8,8,6,5,5,4,4,4,3,3)",0,Solved,"0,2380"," (4t+2)","0,2412","(\infty, 11, 37, 9, \infty, 33, 13, 35) (20, 3, 19, 14, 44, 27, 43, 38) (15, 0, 12, 39, 24, 36) (8, 45, 6, 41, 1) (32, 21, 30, 17, 25) (7, 5, 4, 10) (31, 29, 28, 34) (16, 2, 40, 26) (22, 18, 47) (46, 42, 23) "
"OP(8,8,6,5,5,3,3,3,3,3,3)",0,Solved,"0,0830"," (4t+2)","0,0876","(\infty, 29, 33, 17, \infty, 41, 9, 5) (18, 12, 10, 47, 42, 36, 34, 23) (19, 16, 3, 43, 40, 27) (8, 38, 24, 46, 39) (32, 14, 0, 22, 15) (7, 6, 26) (31, 30, 2) (20, 35, 45) (44, 11, 21) (13, 4, 25) (37, 28, 1) "
"OP(4,5,5,4,4,4,4,4)",0,Solved,"0,0620"," (4t+2)","0,0659","(\infty, 18, \infty, 42) (37, 19, 20, 30, 17) (13, 43, 44, 6, 41) (7, 16, 8, 1) (31, 40, 32, 25) (38, 21, 9, 23) (14, 45, 33, 47) (5, 10, 29, 34) "
"OP(4,5,5,4,4,3,3,3,3)",0,Solved,"0,0910"," (4t+2)","0,0955","(\infty, 36, \infty, 12) (44, 43, 24, 3, 33) (20, 19, 0, 27, 9) (37, 46, 38, 6) (13, 22, 14, 30) (29, 34, 47) (5, 10, 23) (32, 7, 45) (8, 31, 21) "
"OP(8,8,6,4,4,4,4,4,4,4)",0,Solved,"0,3050"," (4t+2)","0,3090","(\infty, 36, 17, 14, \infty, 38, 41, 12) (30, 5, 39, 26, 6, 29, 15, 2) (42, 40, 8, 18, 16, 32) (44, 11, 28, 1) (20, 35, 4, 25) (45, 33, 24, 46) (21, 9, 0, 22) (47, 10, 3, 7) (23, 34, 27, 31) (13, 19, 37, 43) "
"OP(8,8,6,4,4,4,4,3,3,3,3)",0,Solved,"0,0820"," (4t+2)","0,0863","(\infty, 2, 3, 0, \infty, 24, 27, 26) (6, 14, 32, 16, 30, 38, 8, 40) (9, 18, 43, 33, 42, 19) (39, 22, 41, 13) (15, 46, 17, 37) (5, 7, 12, 1) (29, 31, 36, 25) (45, 4, 10) (21, 28, 34) (11, 23, 44) (35, 47, 20) "
"OP(8,8,6,4,3,3,3,3,3,3,3,3)",0,Solved,"0,9840"," (4t+2)","0,9895","(\infty, 0, 25, 46, \infty, 22, 1, 24) (44, 45, 3, 29, 20, 21, 27, 5) (33, 2, 37, 9, 26, 13) (41, 31, 17, 7) (40, 4, 11) (16, 28, 35) (39, 42, 34) (15, 18, 10) (23, 8, 19) (47, 32, 43) (6, 38, 36) (30, 14, 12) "
"OP(8,8,5,5,5,5,5,5,4)",0,Solved,"0,1660"," (4t+2)","0,1697","(\infty, 39, 1, 41, \infty, 17, 25, 15) (11, 37, 40, 7, 35, 13, 16, 31) (2, 36, 18, 9, 38) (26, 12, 42, 33, 14) (47, 20, 3, 5, 0) (23, 44, 27, 29, 24) (22, 45, 4, 10, 6) (46, 21, 28, 34, 30) (19, 8, 43, 32) "
"OP(4,4,5,5,5,5,3,3)",0,Solved,"0,0420"," (4t+2)","0,0460","(\infty, 2, \infty, 26) (4, 5, 28, 29) (7, 23, 18, 38, 16) (31, 47, 42, 14, 40) (27, 45, 12, 33, 41) (3, 21, 36, 9, 17) (11, 22, 15) (35, 46, 39) "
"OP(8,8,5,5,5,5,4,4,3,3)",0,Solved,"0,1490"," (4t+2)","0,1530","(\infty, 16, 41, 30, \infty, 6, 17, 40) (36, 3, 11, 29, 12, 27, 35, 5) (28, 7, 8, 1, 15) (4, 31, 32, 25, 39) (47, 45, 0, 38, 43) (23, 21, 24, 14, 19) (34, 2, 44, 22) (10, 26, 20, 46) (9, 37, 18) (33, 13, 42) "
"OP(4,4,4,5,5,4,4,4)",0,Solved,"0,1300"," (4t+2)","0,1337","(\infty, 2, \infty, 26) (7, 1, 11, 3) (31, 25, 35, 27) (4, 13, 6, 42, 9) (28, 37, 30, 18, 33) (15, 41, 12, 43) (39, 17, 36, 19) (21, 22, 45, 46) "
"OP(4,4,4,5,5,3,3,3,3)",0,Solved,"0,0430"," (4t+2)","0,0463","(\infty, 1, \infty, 25) (9, 3, 12, 2) (33, 27, 36, 26) (0, 46, 21, 4, 8) (24, 22, 45, 28, 32) (17, 6, 11) (41, 30, 35) (23, 7, 40) (47, 31, 16) "
"OP(8,8,5,5,4,4,4,4,4,4)",0,Solved,"0,0550"," (4t+2)","0,0589","(\infty, 34, 16, 44, \infty, 20, 40, 10) (12, 3, 7, 5, 36, 27, 31, 29) (11, 4, 14, 43, 22) (35, 28, 38, 19, 46) (9, 8, 2, 17) (33, 32, 26, 41) (18, 6, 1, 15) (42, 30, 25, 39) (23, 45, 13, 0) (47, 21, 37, 24) "
"OP(8,8,5,5,4,4,4,3,3,3,3)",0,Solved,"0,0490"," (4t+2)","0,0533","(\infty, 4, 3, 46, \infty, 22, 27, 28) (39, 12, 20, 32, 15, 36, 44, 8) (41, 7, 9, 0, 6) (17, 31, 33, 24, 30) (11, 14, 47, 37) (35, 38, 23, 13) (21, 1, 45, 25) (26, 19, 42) (2, 43, 18) (40, 29, 10) (16, 5, 34) "
"OP(8,8,5,5,3,3,3,3,3,3,3,3)",0,Solved,"0,1490"," (4t+2)","0,1533","(\infty, 12, 21, 4, \infty, 28, 45, 36) (23, 27, 37, 11, 47, 3, 13, 35) (20, 14, 46, 1, 2) (44, 38, 22, 25, 26) (10, 15, 8) (34, 39, 32) (18, 5, 33) (42, 29, 9) (17, 31, 6) (41, 7, 30) (0, 19, 40) (24, 43, 16) "
"OP(4,4,4,4,4,4,4,3,3)",0,Solved,"0,1200"," (4t+2)","0,1246","(\infty, 21, \infty, 45) (22, 3, 5, 18) (46, 27, 29, 42) (14, 47, 17, 0) (38, 23, 41, 24) (7, 35, 13, 4) (31, 11, 37, 28) (39, 16, 43) (15, 40, 19) "
"OP(4,4,4,4,3,3,3,3,3,3)",0,Solved,"0,0540"," (4t+2)","0,0592","(\infty, 36, \infty, 12) (30, 41, 20, 16) (6, 17, 44, 40) (8, 13, 32, 37) (9, 1, 23) (33, 25, 47) (46, 26, 14) (22, 2, 38) (5, 11, 7) (29, 35, 31) "
"OP(8,8,4,4,4,4,4,4,4,3,3)",0,Solved,"0,0560"," (4t+2)","0,0598","(\infty, 14, 46, 8, \infty, 32, 22, 38) (39, 16, 33, 3, 15, 40, 9, 27) (10, 19, 23, 12) (34, 43, 47, 36) (13, 42, 20, 28) (37, 18, 44, 4) (6, 1, 21, 7) (30, 25, 45, 31) (2, 5, 26, 29) (24, 17, 11) (0, 41, 35) "
"OP(8,8,4,4,4,4,3,3,3,3,3,3)",0,Solved,"0,0750"," (4t+2)","0,0797","(\infty, 8, 5, 0, \infty, 24, 29, 32) (16, 2, 10, 23, 40, 26, 34, 47) (43, 17, 42, 22) (19, 41, 18, 46) (3, 15, 33, 14) (27, 39, 9, 38) (7, 1, 11) (31, 25, 35) (13, 4, 6) (37, 28, 30) (45, 12, 44) (21, 36, 20) "
"OP(8,8,4,3,3,3,3,3,3,3,3,3,3)",0,Solved,"0,1350"," (4t+2)","0,1423","(\infty, 2, 40, 8, \infty, 32, 16, 26) (20, 0, 42, 11, 44, 24, 18, 35) (6, 7, 30, 31) (47, 13, 1) (23, 37, 25) (3, 21, 10) (27, 45, 34) (5, 9, 14) (29, 33, 38) (41, 19, 22) (17, 43, 46) (39, 12, 4) (15, 36, 28) "
"OP(8,7,7,7,7,7,7)",0,Solved,"0,0560"," (4t+2)","0,0605","(\infty, 13, 40, 17, \infty, 41, 16, 37) (2, 12, 46, 20, 9, 3, 5) (26, 36, 22, 44, 33, 27, 29) (8, 4, 11, 39, 23, 38, 21) (32, 28, 35, 15, 47, 14, 45) (7, 6, 1, 10, 18, 0, 19) (31, 30, 25, 34, 42, 24, 43) "
"OP(4,7,7,7,7,4)",0,Solved,"0,0660"," (4t+2)","0,0702","(\infty, \infty, 23, 47) (21, 35, 6, 7, 0, 5, 1) (45, 11, 30, 31, 24, 29, 25) (3, 43, 41, 8, 2, 12, 42) (27, 19, 17, 32, 26, 36, 18) (10, 37, 34, 13) "
"OP(4,7,7,7,7,5,5,8)",0,Solved,"0,0450"," (4t+2)","0,0491","(\infty, 18, \infty, 42) (1, 10, 11, 4, 8, 19, 21) (25, 34, 35, 28, 32, 43, 45) (41, 16, 33, 0, 13, 5, 15) (17, 40, 9, 24, 37, 29, 39) (7, 23, 44, 14, 2) (31, 47, 20, 38, 26) (46, 12, 6, 3, 22, 36, 30, 27) "
"OP(8,7,7,7,7,6,4,4)",0,Solved,"0,0590"," (4t+2)","0,0624","(\infty, 45, 20, 39, \infty, 15, 44, 21) (1, 5, 2, 7, 13, 4, 3) (25, 29, 26, 31, 37, 28, 27) (43, 9, 16, 36, 23, 38, 22) (19, 33, 40, 12, 47, 14, 46) (8, 0, 10, 32, 24, 34) (17, 35, 18, 6) (41, 11, 42, 30) "
"OP(8,7,7,7,7,5,5,4)",0,Solved,"0,0910"," (4t+2)","0,0945","(\infty, 17, 2, 3, \infty, 27, 26, 41) (1, 6, 8, 11, 18, 36, 10) (25, 30, 32, 35, 42, 12, 34) (33, 16, 5, 45, 7, 19, 46) (9, 40, 29, 21, 31, 43, 22) (13, 38, 44, 15, 47) (37, 14, 20, 39, 23) (4, 0, 28, 24) "
"OP(4,7,7,7,7,4,8,3,3)",0,Solved,"0,1500"," (4t+2)","0,1544","(\infty, 4, \infty, 28) (5, 6, 11, 9, 3, 44, 19) (29, 30, 35, 33, 27, 20, 43) (2, 17, 45, 16, 13, 39, 23) (26, 41, 21, 40, 37, 15, 47) (1, 12, 25, 36) (7, 46, 10, 14, 31, 22, 34, 38) (18, 8, 0) (42, 32, 24) "
"OP(8,7,7,7,7,4,4,3,3)",0,Solved,"0,0910"," (4t+2)","0,0940","(\infty, 2, 3, 0, \infty, 24, 27, 26) (4, 10, 29, 16, 7, 19, 11) (28, 34, 5, 40, 31, 43, 35) (12, 22, 37, 20, 41, 18, 38) (36, 46, 13, 44, 17, 42, 14) (1, 45, 8, 6) (25, 21, 32, 30) (9, 23, 39) (33, 47, 15) "
"OP(4,7,7,6,6,6)",0,Solved,"0,0490"," (4t+2)","0,0533","(\infty, 21, \infty, 45) (3, 15, 23, 38, 10, 42, 16) (27, 39, 47, 14, 34, 18, 40) (12, 17, 46, 32, 11, 1) (36, 41, 22, 8, 35, 25) (2, 19, 44, 26, 43, 20) "
"OP(6,7,7,6,6,4)",0,Solved,"0,0600"," (4t+2)","0,0641","(\infty, 33, 3, \infty, 27, 9) (34, 6, 38, 41, 36, 5, 7) (10, 30, 14, 17, 12, 29, 31) (43, 24, 1, 40, 46, 42) (19, 0, 25, 16, 22, 18) (37, 44, 13, 20) "
"OP(4,7,7,6,6,3,3)",0,Solved,"0,0410"," (4t+2)","0,0457","(\infty, 18, \infty, 42) (3, 15, 40, 20, 7, 36, 14) (27, 39, 16, 44, 31, 12, 38) (10, 43, 46, 41, 11, 1) (34, 19, 22, 17, 35, 25) (2, 23, 37) (26, 47, 13) "
"OP(6,7,7,6,5,5)",0,Solved,"0,0470"," (4t+2)","0,0508","(\infty, 22, 34, \infty, 10, 46) (9, 40, 6, 1, 7, 11, 2) (33, 16, 30, 25, 31, 35, 26) (8, 5, 3, 32, 29, 27) (13, 45, 20, 42, 43) (37, 21, 44, 18, 19) "
"OP(6,7,7,6,4,3,3)",0,Solved,"0,1000"," (4t+2)","0,1030","(\infty, 21, 47, \infty, 23, 45) (1, 11, 22, 37, 5, 18, 9) (25, 35, 46, 13, 29, 42, 33) (39, 16, 36, 15, 40, 12) (8, 2, 32, 26) (7, 19, 38) (31, 43, 14) "
"OP(4,7,7,6,4,4,4)",0,Solved,"0,0880"," (4t+2)","0,0919","(\infty, 22, \infty, 46) (17, 35, 2, 39, 37, 18, 8) (41, 11, 26, 15, 13, 42, 32) (23, 9, 21, 47, 33, 45) (20, 36, 19, 40) (44, 12, 43, 16) (3, 4, 27, 28) "
"OP(4,7,7,6,3,3,3,3)",0,Solved,"0,1150"," (4t+2)","0,1192","(\infty, 42, \infty, 18) (36, 40, 33, 46, 10, 29, 26) (12, 16, 9, 22, 34, 5, 2) (20, 19, 1, 44, 43, 25) (7, 38, 47) (31, 14, 23) (39, 37, 4) (15, 13, 28) "
"OP(6,7,7,5,5,3,3)",0,Solved,"0,0590"," (4t+2)","0,0631","(\infty, 3, 37, \infty, 13, 27) (45, 44, 24, 40, 22, 1, 38) (21, 20, 0, 16, 46, 25, 14) (36, 39, 33, 10, 23) (12, 15, 9, 34, 47) (32, 28, 19) (8, 4, 43) "
"OP(4,7,7,5,5,4,4)",0,Solved,"0,0400"," (4t+2)","0,0444","(\infty, 18, \infty, 42) (44, 13, 5, 3, 9, 35, 14) (20, 37, 29, 27, 33, 11, 38) (4, 0, 34, 19, 7) (28, 24, 10, 43, 31) (1, 6, 17, 8) (25, 30, 41, 32) "
"OP(6,7,7,4,4,4,4)",0,Solved,"0,0520"," (4t+2)","0,0556","(\infty, 14, 40, \infty, 16, 38) (45, 22, 8, 23, 42, 15, 35) (21, 46, 32, 47, 18, 39, 11) (17, 28, 12, 6) (41, 4, 36, 30) (1, 2, 10, 19) (25, 26, 34, 43) "
"OP(6,7,7,4,3,3,3,3)",0,Solved,"0,0620"," (4t+2)","0,0663","(\infty, 3, 9, \infty, 33, 27) (12, 14, 43, 7, 0, 11, 2) (36, 38, 19, 31, 24, 35, 26) (5, 45, 29, 21) (10, 6, 22) (34, 30, 46) (44, 23, 15) (20, 47, 39) "
"OP(4,7,7,4,4,4,3,3)",0,Solved,"0,0430"," (4t+2)","0,0473","(\infty, 4, \infty, 28) (7, 12, 19, 9, 18, 32, 15) (31, 36, 43, 33, 42, 8, 39) (6, 0, 2, 3) (30, 24, 26, 27) (10, 21, 34, 45) (22, 38, 16) (46, 14, 40) "
"OP(4,7,7,3,3,3,3,3,3)",0,Solved,"0,0700"," (4t+2)","0,0737","(\infty, 21, \infty, 45) (42, 3, 1, 11, 30, 8, 43) (18, 27, 25, 35, 6, 32, 19) (46, 10, 4) (22, 34, 28) (38, 5, 23) (14, 29, 47) (2, 41, 16) (26, 17, 40) "
"OP(8,7,7,6,6,6,6,4)",0,Solved,"0,0770"," (4t+2)","0,0803","(\infty, 3, 11, 1, \infty, 25, 35, 27) (46, 12, 23, 6, 15, 42, 13) (22, 36, 47, 30, 39, 18, 37) (7, 19, 45, 10, 5, 4) (31, 43, 21, 34, 29, 28) (20, 16, 41, 9, 2, 0) (44, 40, 17, 33, 26, 24) (8, 14, 32, 38) "
"OP(8,7,7,6,6,6,5,5)",0,Solved,"0,1060"," (4t+2)","0,1103","(\infty, 15, 41, 7, \infty, 31, 17, 39) (9, 8, 2, 10, 23, 44, 16) (33, 32, 26, 34, 47, 20, 40) (14, 19, 0, 3, 1, 5) (38, 43, 24, 27, 25, 29) (22, 11, 21, 46, 35, 45) (18, 6, 37, 4, 36) (42, 30, 13, 28, 12) "
"OP(8,7,7,6,6,6,4,3,3)",0,Solved,"0,0470"," (4t+2)","0,0509","(\infty, 42, 43, 8, \infty, 32, 19, 18) (15, 0, 5, 9, 41, 23, 46) (39, 24, 29, 33, 17, 47, 22) (12, 1, 7, 21, 40, 20) (36, 25, 31, 45, 16, 44) (11, 2, 14, 35, 26, 38) (4, 6, 28, 30) (3, 10, 13) (27, 34, 37) "
"OP(8,7,7,6,6,5,5,3,3)",0,Solved,"0,1370"," (4t+2)","0,1408","(\infty, 40, 22, 2, \infty, 26, 46, 16) (13, 1, 23, 10, 43, 18, 45) (37, 25, 47, 34, 19, 42, 21) (4, 12, 41, 7, 0, 9) (28, 36, 17, 31, 24, 33) (5, 6, 8, 11, 15) (29, 30, 32, 35, 39) (20, 14, 3) (44, 38, 27) "
"OP(4,7,7,5,5,6,4,4,8)",0,Solved,"0,0460"," (4t+2)","0,0505","(\infty, 2, \infty, 26) (3, 4, 7, 11, 1, 13, 5) (27, 28, 31, 35, 25, 37, 29) (8, 17, 33, 46, 19) (32, 41, 9, 22, 43) (12, 38, 21, 36, 14, 45) (10, 39, 16, 44) (34, 15, 40, 20) (23, 18, 0, 6, 47, 42, 24, 30) "
"OP(8,7,7,6,6,4,4,4,4)",0,Solved,"0,0670"," (4t+2)","0,0739","(\infty, 7, 0, 19, \infty, 43, 24, 31) (10, 2, 16, 5, 14, 4, 22) (34, 26, 40, 29, 38, 28, 46) (3, 23, 36, 35, 20, 45) (27, 47, 12, 11, 44, 21) (9, 13, 8, 6) (33, 37, 32, 30) (17, 1, 18, 39) (41, 25, 42, 15) "
"OP(8,7,7,6,6,4,3,3,3,3)",0,Solved,"0,1190"," (4t+2)","0,1249","(\infty, 3, 5, 17, \infty, 41, 29, 27) (1, 32, 18, 39, 45, 26, 10) (25, 8, 42, 15, 21, 2, 34) (4, 47, 19, 9, 12, 37) (28, 23, 43, 33, 36, 13) (0, 35, 24, 11) (46, 20, 16) (22, 44, 40) (14, 7, 6) (38, 31, 30) "
"OP(4,7,7,5,5,5,5,4,8)",0,Solved,"0,0910"," (4t+2)","0,0948","(\infty, 10, \infty, 34) (21, 5, 6, 32, 1, 3, 13) (45, 29, 30, 8, 25, 27, 37) (16, 9, 23, 19, 28) (40, 33, 47, 43, 4) (11, 0, 18, 39, 14) (35, 24, 42, 15, 38) (36, 17, 12, 41) (31, 44, 2, 22, 7, 20, 26, 46) "
"OP(8,7,7,6,5,5,4,4,4)",0,Solved,"0,2670"," (4t+2)","0,2703","(\infty, 40, 0, 46, \infty, 22, 24, 16) (8, 17, 14, 42, 7, 28, 9) (32, 41, 38, 18, 31, 4, 33) (15, 3, 34, 39, 27, 10) (37, 12, 5, 1, 23) (13, 36, 29, 25, 47) (21, 11, 43, 6) (45, 35, 19, 30) (44, 2, 20, 26) "
"OP(8,7,7,6,5,5,3,3,3,3)",0,Solved,"0,0440"," (4t+2)","0,0483","(\infty, 44, 31, 24, \infty, 0, 7, 20) (32, 27, 45, 36, 5, 33, 6) (8, 3, 21, 12, 29, 9, 30) (26, 37, 34, 2, 13, 10) (25, 40, 28, 38, 39) (1, 16, 4, 14, 15) (42, 23, 46) (18, 47, 22) (35, 41, 43) (11, 17, 19) "
"OP(4,7,7,5,5,4,4,8,3,3)",0,Solved,"0,0690"," (4t+2)","0,0724","(\infty, 32, \infty, 8) (2, 43, 23, 41, 30, 20, 45) (26, 19, 47, 17, 6, 44, 21) (34, 28, 9, 5, 18) (10, 4, 33, 29, 42) (11, 37, 46, 25) (35, 13, 22, 1) (39, 31, 14, 16, 15, 7, 38, 40) (36, 0, 3) (12, 24, 27) "
"OP(8,7,7,6,4,4,4,4,3,3)",0,Solved,"0,0740"," (4t+2)","0,0777","(\infty, 10, 16, 8, \infty, 32, 40, 34) (43, 14, 7, 5, 23, 0, 22) (19, 38, 31, 29, 47, 24, 46) (4, 9, 12, 28, 33, 36) (15, 1, 18, 3) (39, 25, 42, 27) (13, 2, 6, 41) (37, 26, 30, 17) (20, 11, 21) (44, 35, 45) "
"OP(8,7,7,6,4,3,3,3,3,3,3)",0,Solved,"0,1860"," (4t+2)","0,1893","(\infty, 22, 33, 0, \infty, 24, 9, 46) (10, 6, 12, 2, 5, 45, 40) (34, 30, 36, 26, 29, 21, 16) (43, 15, 42, 19, 39, 18) (11, 13, 35, 37) (14, 23, 7) (38, 47, 31) (4, 3, 17) (28, 27, 41) (1, 32, 20) (25, 8, 44) "
"OP(4,7,7,4,5,5,5,5,8)",0,Solved,"0,0790"," (4t+2)","0,0846","(\infty, 47, \infty, 23) (4, 40, 31, 39, 46, 33, 2) (28, 16, 7, 15, 22, 9, 26) (38, 35, 14, 11) (27, 43, 32, 37, 41) (3, 19, 8, 13, 17) (5, 25, 44, 45, 30) (29, 1, 20, 21, 6) (34, 24, 42, 36, 10, 0, 18, 12) "
"OP(8,7,7,5,5,5,5,4,4)",0,Solved,"0,0880"," (4t+2)","0,0910","(\infty, 37, 16, 5, \infty, 29, 40, 13) (35, 43, 7, 20, 46, 14, 15) (11, 19, 31, 44, 22, 38, 39) (32, 9, 47, 1, 18) (8, 33, 23, 25, 42) (12, 30, 45, 2, 41) (36, 6, 21, 26, 17) (4, 0, 3, 10) (28, 24, 27, 34) "
"OP(4,7,7,4,4,5,5,8,3,3)",0,Solved,"0,1490"," (4t+2)","0,1533","(\infty, 17, \infty, 41) (19, 6, 33, 26, 8, 34, 42) (43, 30, 9, 2, 32, 10, 18) (39, 44, 45, 11) (15, 20, 21, 35) (0, 38, 47, 36, 4) (24, 14, 23, 12, 28) (31, 25, 37, 40, 7, 1, 13, 16) (46, 27, 29) (22, 3, 5) "
"OP(8,7,7,5,5,4,4,4,3,3)",0,Solved,"0,2460"," (4t+2)","0,2490","(\infty, 7, 9, 43, \infty, 19, 33, 31) (11, 28, 2, 10, 20, 13, 40) (35, 4, 26, 34, 44, 37, 16) (46, 21, 1, 12, 30) (22, 45, 25, 36, 6) (15, 27, 14, 18) (39, 3, 38, 42) (41, 32, 17, 8) (0, 47, 5) (24, 23, 29) "
"OP(8,7,7,5,5,3,3,3,3,3,3)",0,Solved,"0,3570"," (4t+2)","0,3607","(\infty, 27, 7, 5, \infty, 29, 31, 3) (6, 37, 11, 44, 33, 38, 2) (30, 13, 35, 20, 9, 14, 26) (24, 45, 42, 43, 8) (0, 21, 18, 19, 32) (16, 41, 23) (40, 17, 47) (4, 46, 12) (28, 22, 36) (39, 1, 10) (15, 25, 34) "
"OP(4,7,7,4,4,4,4,4,4,8)",0,Solved,"0,0450"," (4t+2)","0,0492","(\infty, 37, \infty, 13) (33, 34, 32, 3, 41, 24, 42) (9, 10, 8, 27, 17, 0, 18) (5, 40, 46, 26) (29, 16, 22, 2) (35, 38, 45, 1) (11, 14, 21, 25) (43, 31, 6, 28) (19, 7, 30, 4) (39, 44, 36, 47, 15, 20, 12, 23) "
"OP(4,7,7,4,4,4,8,3,3,3,3)",0,Solved,"0,0910"," (4t+2)","0,0956","(\infty, 37, \infty, 13) (43, 12, 47, 42, 0, 44, 32) (19, 36, 23, 18, 24, 20, 8) (28, 27, 29, 2) (4, 3, 5, 26) (14, 22, 38, 46) (40, 33, 10, 7, 16, 9, 34, 31) (11, 41, 21) (35, 17, 45) (39, 25, 6) (15, 1, 30) "
"OP(8,7,7,4,4,4,4,4,4,4)",0,Solved,"0,2160"," (4t+2)","0,2193","(\infty, 44, 3, 12, \infty, 36, 27, 20) (8, 41, 21, 39, 13, 2, 0) (32, 17, 45, 15, 37, 26, 24) (4, 7, 1, 5) (28, 31, 25, 29) (19, 9, 40, 6) (43, 33, 16, 30) (38, 22, 34, 11) (14, 46, 10, 35) (18, 23, 42, 47) "
"OP(8,7,7,4,4,4,4,3,3,3,3)",0,Solved,"0,1810"," (4t+2)","0,1852","(\infty, 5, 13, 39, \infty, 15, 37, 29) (40, 17, 2, 14, 46, 0, 21) (16, 41, 26, 38, 22, 24, 45) (23, 9, 6, 43) (47, 33, 30, 19) (20, 10, 4, 11) (44, 34, 28, 35) (1, 36, 18) (25, 12, 42) (3, 7, 8) (27, 31, 32) "
"OP(8,7,7,4,3,3,3,3,3,3,3,3)",0,Solved,"0,1220"," (4t+2)","0,1260","(\infty, 11, 8, 19, \infty, 43, 32, 35) (39, 10, 24, 12, 13, 20, 7) (15, 34, 0, 36, 37, 44, 31) (42, 9, 18, 33) (5, 1, 26) (29, 25, 2) (46, 6, 4) (22, 30, 28) (23, 41, 3) (47, 17, 27) (21, 38, 16) (45, 14, 40) "
"OP(6,6,6,6,6,6)",0,Solved,"0,0810"," (4t+2)","0,0871","(\infty, 43, 15, \infty, 39, 19) (11, 6, 3, 1, 0, 4) (35, 30, 27, 25, 24, 28) (5, 17, 33, 46, 31, 14) (29, 41, 9, 22, 7, 38) (16, 8, 2, 40, 32, 26) "
"OP(6,6,6,6,6,3,3)",0,Solved,"0,0950"," (4t+2)","0,0986","(\infty, 47, 19, \infty, 43, 23) (8, 5, 4, 20, 45, 15) (32, 29, 28, 44, 21, 39) (14, 3, 13, 22, 9, 35) (38, 27, 37, 46, 33, 11) (2, 7, 41) (26, 31, 17) "
"OP(4,6,6,6,6,4,4)",0,Solved,"0,0410"," (4t+2)","0,0447","(\infty, 1, \infty, 25) (4, 3, 6, 2, 0, 9) (28, 27, 30, 26, 24, 33) (22, 36, 19, 8, 16, 34) (46, 12, 43, 32, 40, 10) (31, 18, 11, 5) (7, 42, 35, 29) "
"OP(4,6,6,6,5,5,4)",0,Solved,"0,0980"," (4t+2)","0,1014","(\infty, 16, \infty, 40) (3, 18, 36, 23, 14, 8) (27, 42, 12, 47, 38, 32) (7, 6, 2, 31, 30, 26) (9, 46, 43, 11, 1) (33, 22, 19, 35, 25) (13, 15, 37, 39) "
"OP(6,6,6,6,4,4,4)",0,Solved,"0,0480"," (4t+2)","0,0524","(\infty, 4, 12, \infty, 36, 28) (6, 18, 9, 22, 37, 16) (30, 42, 33, 46, 13, 40) (27, 10, 5, 3, 34, 29) (23, 45, 17, 31) (47, 21, 41, 7) (15, 38, 39, 14) "
"OP(6,6,6,6,3,3,3,3)",0,Solved,"0,0810"," (4t+2)","0,0849","(\infty, 42, 12, \infty, 36, 18) (35, 26, 1, 47, 30, 31) (11, 2, 25, 23, 6, 7) (33, 43, 17, 9, 19, 41) (39, 5, 0) (15, 29, 24) (21, 10, 13) (45, 34, 37) "
"OP(4,6,6,6,4,4,3,3)",0,Solved,"0,0950"," (4t+2)","0,0998","(\infty, 17, \infty, 41) (12, 5, 21, 11, 10, 40) (36, 29, 45, 35, 34, 16) (7, 43, 4, 31, 19, 28) (9, 42, 2, 6) (33, 18, 26, 30) (44, 15, 1) (20, 39, 25) "
"OP(4,6,6,5,5,5,5)",0,Solved,"0,0820"," (4t+2)","0,0875","(\infty, 30, \infty, 6) (3, 0, 14, 15, 47, 11) (27, 24, 38, 39, 23, 35) (43, 32, 12, 42, 21) (19, 8, 36, 18, 45) (5, 1, 7, 20, 10) (29, 25, 31, 44, 34) "
"OP(6,6,6,5,5,4,4)",0,Solved,"0,1040"," (4t+2)","0,1086","(\infty, 39, 3, \infty, 27, 15) (4, 5, 7, 10, 17, 47) (28, 29, 31, 34, 41, 23) (43, 12, 38, 13, 9) (19, 36, 14, 37, 33) (1, 16, 18, 46) (25, 40, 42, 22) "
"OP(4,6,6,5,5,4,3,3)",0,Solved,"0,0420"," (4t+2)","0,0453","(\infty, 47, \infty, 23) (25, 46, 27, 44, 32, 0) (1, 22, 3, 20, 8, 24) (34, 4, 30, 39, 31) (10, 28, 6, 15, 7) (45, 35, 21, 11) (36, 38, 42) (12, 14, 18) "
"OP(6,6,6,4,4,4,3,3)",0,Solved,"0,1780"," (4t+2)","0,1821","(\infty, 8, 6, \infty, 30, 32) (5, 9, 21, 22, 43, 15) (29, 33, 45, 46, 19, 39) (17, 20, 38, 16) (41, 44, 14, 40) (1, 12, 25, 36) (3, 35, 18) (27, 11, 42) "
"OP(6,6,6,3,3,3,3,3,3)",0,Solved,"0,0580"," (4t+2)","0,0620","(\infty, 14, 40, \infty, 16, 38) (7, 12, 19, 35, 23, 32) (31, 36, 43, 11, 47, 8) (46, 33, 6) (22, 9, 30) (0, 4, 18) (24, 28, 42) (17, 3, 20) (41, 27, 44) "
"OP(4,6,6,4,4,4,4,4)",0,Solved,"0,0650"," (4t+2)","0,0685","(\infty, 10, \infty, 34) (42, 46, 19, 11, 36, 24) (18, 22, 43, 35, 12, 0) (2, 3, 41, 21) (26, 27, 17, 45) (47, 14, 1, 15) (23, 38, 25, 39) (30, 8, 6, 32) "
"OP(4,6,6,4,4,3,3,3,3)",0,Solved,"0,1770"," (4t+2)","0,1806","(\infty, 7, \infty, 31) (23, 0, 21, 15, 4, 37) (47, 24, 45, 39, 28, 13) (5, 3, 44, 6) (29, 27, 20, 30) (12, 40, 43) (36, 16, 19) (14, 2, 34) (38, 26, 10) "
"OP(6,6,5,5,5,5,4)",0,Solved,"0,0480"," (4t+2)","0,0529","(\infty, 9, 15, \infty, 39, 33) (44, 19, 7, 20, 43, 31) (21, 5, 4, 2, 23) (45, 29, 28, 26, 47) (6, 10, 11, 14, 0) (30, 34, 35, 38, 24) (8, 1, 32, 25) "
"OP(4,6,5,5,5,5,3,3)",0,Solved,"0,0400"," (4t+2)","0,0434","(\infty, 7, \infty, 31) (46, 9, 0, 22, 33, 24) (45, 14, 6, 47, 41) (21, 38, 30, 23, 17) (27, 4, 18, 19, 29) (3, 28, 42, 43, 5) (20, 36, 16) (44, 12, 40) "
"OP(6,6,5,5,4,4,3,3)",0,Solved,"0,0650"," (4t+2)","0,0689","(\infty, 45, 47, \infty, 23, 21) (37, 4, 38, 13, 28, 14) (39, 22, 35, 43, 5) (15, 46, 11, 19, 29) (41, 34, 44, 25) (17, 10, 20, 1) (3, 30, 2) (27, 6, 26) "
"OP(4,6,5,5,4,4,4,4)",0,Solved,"0,0500"," (4t+2)","0,0532","(\infty, 1, \infty, 25) (9, 3, 12, 33, 27, 36) (2, 0, 14, 6, 5) (26, 24, 38, 30, 29) (44, 22, 41, 13) (20, 46, 17, 37) (21, 39, 23, 10) (45, 15, 47, 34) "
"OP(4,6,5,5,4,3,3,3,3)",0,Solved,"0,0610"," (4t+2)","0,0649","(\infty, 28, \infty, 4) (35, 45, 44, 11, 21, 20) (3, 24, 38, 8, 39) (27, 0, 14, 32, 15) (41, 33, 17, 9) (6, 29, 16) (30, 5, 40) (12, 34, 37) (36, 10, 13) "
"OP(6,6,4,4,4,4,4,4)",0,Solved,"0,0890"," (4t+2)","0,0930","(\infty, 11, 41, \infty, 17, 35) (42, 15, 47, 18, 39, 23) (2, 16, 33, 13) (26, 40, 9, 37) (10, 5, 3, 22) (34, 29, 27, 46) (7, 19, 44, 8) (31, 43, 20, 32) "
"OP(6,6,4,4,4,3,3,3,3)",0,Solved,"0,0610"," (4t+2)","0,0665","(\infty, 12, 4, \infty, 28, 36) (2, 16, 47, 26, 40, 23) (9, 0, 7, 43) (33, 24, 31, 19) (13, 45, 37, 21) (20, 38, 18) (44, 14, 42) (3, 32, 17) (27, 8, 41) "
"OP(6,6,3,3,3,3,3,3,3,3)",0,Solved,"0,0480"," (4t+2)","0,0542","(\infty, 13, 47, \infty, 23, 37) (41, 14, 6, 17, 38, 30) (36, 21, 46) (12, 45, 22) (20, 39, 8) (44, 15, 32) (18, 4, 1) (42, 28, 25) (2, 35, 7) (26, 11, 31) "
"OP(4,6,4,4,4,4,4,3,3)",0,Solved,"0,0830"," (4t+2)","0,0869","(\infty, \infty, 23, 47) (20, 4, 11, 44, 28, 35) (40, 14, 3, 13) (16, 38, 27, 37) (0, 9, 8, 2) (24, 33, 32, 26) (1, 21, 25, 45) (15, 7, 41) (39, 31, 17) "
"OP(4,6,4,4,3,3,3,3,3,3)",0,Solved,"0,0840"," (4t+2)","0,0908","(\infty, \infty, 23, 47) (24, 2, 20, 0, 26, 44) (12, 45, 14, 46) (36, 21, 38, 22) (5, 17, 40) (29, 41, 16) (11, 4, 1) (35, 28, 25) (6, 8, 10) (30, 32, 34) "
"OP(6,5,5,5,5,5,5)",0,Solved,"0,0890"," (4t+2)","0,0932","(\infty, 0, 2, \infty, 26, 24) (3, 6, 5, 9, 15) (27, 30, 29, 33, 39) (22, 8, 4, 12, 21) (46, 32, 28, 36, 45) (34, 14, 7, 18, 43) (10, 38, 31, 42, 19) "
"OP(6,5,5,5,5,4,3,3)",0,Solved,"0,1220"," (4t+2)","0,1256","(\infty, 12, 28, \infty, 4, 36) (7, 45, 1, 6, 47) (31, 21, 25, 30, 23) (11, 10, 44, 13, 26) (35, 34, 20, 37, 2) (0, 42, 24, 18) (39, 16, 43) (15, 40, 19) "
"OP(4,5,5,5,5,4,4,4)",0,Solved,"0,0670"," (4t+2)","0,0729","(\infty, 33, \infty, 9) (43, 46, 25, 0, 26) (19, 22, 1, 24, 2) (34, 35, 6, 36, 40) (10, 11, 30, 12, 16) (42, 44, 39, 28) (18, 20, 15, 4) (32, 47, 8, 23) "
"OP(4,5,5,5,5,3,3,3,3)",0,Solved,"0,0730"," (4t+2)","0,0767","(\infty, 14, \infty, 38) (0, 7, 2, 13, 47) (24, 31, 26, 37, 23) (18, 9, 1, 11, 41) (42, 33, 25, 35, 17) (5, 8, 20) (29, 32, 44) (39, 22, 43) (15, 46, 19) "
"OP(6,5,5,4,4,4,4,4)",0,Solved,"0,0920"," (4t+2)","0,0968","(\infty, 31, 45, \infty, 21, 7) (30, 3, 34, 43, 1) (6, 27, 10, 19, 25) (29, 0, 4, 40) (5, 24, 28, 16) (33, 11, 36, 42) (9, 35, 12, 18) (32, 47, 8, 23) "
"OP(6,5,5,4,4,3,3,3,3)",0,Solved,"0,0380"," (4t+2)","0,0412","(\infty, 19, 3, \infty, 27, 43) (15, 45, 11, 20, 47) (39, 21, 35, 44, 23) (16, 38, 13, 32) (40, 14, 37, 8) (17, 12, 1) (41, 36, 25) (2, 9, 22) (26, 33, 46) "
"OP(4,5,5,4,4,4,4,3,3)",0,Solved,"0,0340"," (4t+2)","0,0380","(\infty, 2, \infty, 26) (4, 5, 7, 13, 21) (28, 29, 31, 37, 45) (34, 16, 27, 11) (10, 40, 3, 35) (14, 41, 19, 47) (38, 17, 43, 23) (18, 15, 22) (42, 39, 46) "
"OP(4,5,5,4,3,3,3,3,3,3)",0,Solved,"0,0760"," (4t+2)","0,0799","(\infty, 5, \infty, 29) (28, 40, 10, 33, 7) (4, 16, 34, 9, 31) (8, 13, 32, 37) (2, 47, 39) (26, 23, 15) (46, 36, 45) (22, 12, 21) (1, 44, 24) (25, 20, 0) "
"OP(6,4,4,4,4,4,4,3,3)",0,Solved,"0,1530"," (4t+2)","0,1566","(\infty, 4, 10, \infty, 34, 28) (2, 46, 23, 18) (26, 22, 47, 42) (9, 8, 0, 15) (33, 32, 24, 39) (5, 12, 1, 19) (29, 36, 25, 43) (7, 27, 45) (31, 3, 21) "
"OP(6,4,4,4,3,3,3,3,3,3)",0,Solved,"0,0650"," (4t+2)","0,0699","(\infty, 45, 19, \infty, 43, 21) (14, 7, 41, 4) (38, 31, 17, 28) (16, 25, 40, 1) (8, 30, 9) (32, 6, 33) (44, 46, 11) (20, 22, 35) (15, 36, 3) (39, 12, 27) "
"OP(6,3,3,3,3,3,3,3,3,3,3)",0,Solved,"0,1540"," (4t+2)","0,1588","(\infty, 41, 33, \infty, 9, 17) (35, 46, 19) (11, 22, 43) (0, 26, 6) (24, 2, 30) (36, 45, 42) (12, 21, 18) (38, 34, 1) (14, 10, 25) (32, 27, 40) (8, 3, 16) "
"OP(4,4,4,4,4,4,4,4,4)",0,Solved,"0,0450"," (4t+2)","0,0489","(\infty, 10, \infty, 34) (12, 5, 6, 3) (36, 29, 30, 27) (20, 41, 16, 4) (44, 17, 40, 28) (0, 15, 32, 18) (24, 39, 8, 42) (1, 14, 22, 11) (25, 38, 46, 35) "
"OP(4,4,4,4,4,4,3,3,3,3)",0,Solved,"0,1260"," (4t+2)","0,1298","(\infty, \infty, 23, 47) (13, 15, 41, 5) (37, 39, 17, 29) (20, 35, 0, 3) (44, 11, 24, 27) (16, 10, 40, 34) (18, 43, 6) (42, 19, 30) (38, 31, 4) (14, 7, 28) "
"OP(4,4,4,3,3,3,3,3,3,3,3)",0,Solved,"0,0410"," (4t+2)","0,0449","(\infty, 2, \infty, 26) (4, 5, 7, 10) (28, 29, 31, 34) (18, 33, 16) (42, 9, 40) (27, 37, 21) (3, 13, 45) (43, 14, 23) (19, 38, 47) (41, 15, 22) (17, 39, 46) "
"OP(8,6,6,6,6,6,6,6)",0,Solved,"0,0510"," (4t+2)","0,0541","(\infty, 34, 0, 8, \infty, 32, 24, 10) (2, 7, 27, 15, 13, 6) (26, 31, 3, 39, 37, 30) (5, 22, 11, 17, 1, 4) (29, 46, 35, 41, 25, 28) (44, 23, 36, 21, 40, 14) (20, 47, 12, 45, 16, 38) (9, 19, 42, 33, 43, 18) "
"OP(8,6,6,6,6,6,6,3,3)",0,Solved,"0,0500"," (4t+2)","0,0550","(\infty, 17, 24, 27, \infty, 3, 0, 41) (22, 11, 5, 10, 26, 44) (46, 35, 29, 34, 2, 20) (33, 13, 47, 8, 12, 25) (9, 37, 23, 32, 36, 1) (16, 15, 30, 18, 43, 45) (40, 39, 6, 42, 19, 21) (4, 14, 31) (28, 38, 7) "
"OP(4,5,5,6,6,6,6,4,8)",0,Solved,"0,0880"," (4t+2)","0,0918","(\infty, 20, \infty, 44) (8, 23, 45, 11, 19) (32, 47, 21, 35, 43) (17, 46, 30, 13, 10, 38) (41, 22, 6, 37, 34, 14) (4, 0, 12, 3, 2, 9) (28, 24, 36, 27, 26, 33) (7, 1, 31, 25) (16, 18, 5, 15, 40, 42, 29, 39) "
"OP(8,6,6,6,6,6,4,4,4)",0,Solved,"0,0440"," (4t+2)","0,0497","(\infty, 36, 20, 38, \infty, 14, 44, 12) (11, 40, 23, 43, 22, 37) (35, 16, 47, 19, 46, 13) (5, 4, 6, 18, 15, 1) (29, 28, 30, 42, 39, 25) (3, 8, 2, 27, 32, 26) (0, 9, 17, 7) (24, 33, 41, 31) (21, 10, 45, 34) "
"OP(8,6,6,6,6,6,3,3,3,3)",0,Solved,"0,0910"," (4t+2)","0,0961","(\infty, 41, 33, 43, \infty, 19, 9, 17) (7, 27, 0, 30, 39, 38) (31, 3, 24, 6, 15, 14) (35, 2, 25, 37, 44, 46) (11, 26, 1, 13, 20, 22) (34, 40, 36, 10, 16, 12) (42, 28, 47) (18, 4, 23) (45, 29, 32) (21, 5, 8) "
"OP(4,5,5,6,6,6,5,5,8)",0,Solved,"0,0490"," (4t+2)","0,0531","(\infty, 28, \infty, 4) (47, 5, 43, 7, 15) (23, 29, 19, 31, 39) (44, 9, 30, 13, 18, 11) (20, 33, 6, 37, 42, 35) (25, 2, 0, 1, 26, 24) (36, 45, 17, 14, 10) (12, 21, 41, 38, 34) (32, 3, 40, 22, 8, 27, 16, 46) "
"OP(8,6,6,6,6,5,5,4,4)",0,Solved,"0,0420"," (4t+2)","0,0452","(\infty, 46, 21, 42, \infty, 18, 45, 22) (14, 43, 11, 41, 15, 3) (38, 19, 35, 17, 39, 27) (4, 7, 20, 10, 1, 2) (28, 31, 44, 34, 25, 26) (40, 9, 23, 8, 12) (16, 33, 47, 32, 36) (5, 0, 6, 13) (29, 24, 30, 37) "
"OP(4,5,5,6,6,6,4,8,3,3)",0,Solved,"0,0910"," (4t+2)","0,0952","(\infty, 44, \infty, 20) (40, 5, 39, 33, 8) (16, 29, 15, 9, 32) (43, 25, 45, 41, 2, 31) (19, 1, 21, 17, 26, 7) (30, 4, 37, 6, 28, 13) (0, 3, 24, 27) (34, 35, 42, 47, 10, 11, 18, 23) (38, 46, 36) (14, 22, 12) "
"OP(8,6,6,6,6,4,4,4,3,3)",0,Solved,"0,0970"," (4t+2)","0,1014","(\infty, 31, 12, 15, \infty, 39, 36, 7) (43, 42, 46, 4, 13, 23) (19, 18, 22, 28, 37, 47) (45, 32, 24, 17, 34, 9) (21, 8, 0, 41, 10, 33) (16, 5, 20, 2) (40, 29, 44, 26) (25, 3, 1, 27) (30, 35, 14) (6, 11, 38) "
"OP(8,6,6,6,6,3,3,3,3,3,3)",0,Solved,"0,0900"," (4t+2)","0,0944","(\infty, 43, 39, 33, \infty, 9, 15, 19) (32, 40, 4, 27, 45, 6) (8, 16, 28, 3, 21, 30) (2, 29, 0, 35, 1, 17) (26, 5, 24, 11, 25, 41) (46, 47, 36) (22, 23, 12) (13, 18, 20) (37, 42, 44) (10, 7, 38) (34, 31, 14) "
"OP(8,6,6,6,5,5,5,5,4)",0,Solved,"0,2580"," (4t+2)","0,2627","(\infty, 12, 45, 22, \infty, 46, 21, 36) (18, 44, 17, 47, 16, 4) (42, 20, 41, 23, 40, 28) (15, 11, 2, 39, 35, 26) (7, 10, 0, 6, 5) (31, 34, 24, 30, 29) (14, 33, 13, 8, 1) (38, 9, 37, 32, 25) (19, 3, 43, 27) "
"OP(4,5,5,6,6,5,5,8,3,3)",0,Solved,"0,0740"," (4t+2)","0,0781","(\infty, 33, \infty, 9) (41, 38, 31, 3, 32) (17, 14, 7, 27, 8) (0, 46, 13, 1, 11, 43) (24, 22, 37, 25, 35, 19) (16, 39, 18, 29, 47) (40, 15, 42, 5, 23) (6, 2, 28, 36, 30, 26, 4, 12) (45, 10, 44) (21, 34, 20) "
"OP(8,6,6,6,5,5,4,4,3,3)",0,Solved,"0,0940"," (4t+2)","0,0990","(\infty, 37, 45, 1, \infty, 25, 21, 13) (36, 43, 11, 28, 42, 24) (12, 19, 35, 4, 18, 0) (33, 39, 34, 9, 15, 10) (44, 6, 26, 47, 46) (20, 30, 2, 23, 22) (41, 8, 27, 38) (17, 32, 3, 14) (31, 40, 5) (7, 16, 29) "
"OP(4,5,5,6,6,4,4,4,4,8)",0,Solved,"0,0900"," (4t+2)","0,0935","(\infty, 18, \infty, 42) (10, 43, 22, 8, 3) (34, 19, 46, 32, 27) (2, 12, 11, 9, 0, 6) (26, 36, 35, 33, 24, 30) (45, 16, 5, 17) (21, 40, 29, 41) (1, 14, 39, 23) (25, 38, 15, 47) (20, 37, 7, 4, 44, 13, 31, 28) "
"OP(4,5,5,6,6,4,8,3,3,3,3)",0,Solved,"0,0560"," (4t+2)","0,0601","(\infty, 33, \infty, 9) (13, 47, 39, 35, 16) (37, 23, 15, 11, 40) (20, 31, 41, 36, 27, 21) (44, 7, 17, 12, 3, 45) (24, 22, 0, 46) (5, 28, 43, 2, 29, 4, 19, 26) (10, 42, 30) (34, 18, 6) (38, 8, 25) (14, 32, 1) "
"OP(8,6,6,6,4,4,4,4,4,4)",0,Solved,"0,1680"," (4t+2)","0,1727","(\infty, 7, 1, 5, \infty, 29, 25, 31) (10, 8, 40, 20, 46, 17) (34, 32, 16, 44, 22, 41) (14, 13, 3, 38, 37, 27) (0, 23, 2, 11) (24, 47, 26, 35) (9, 4, 12, 43) (33, 28, 36, 19) (45, 15, 30, 42) (21, 39, 6, 18) "
"OP(8,6,6,6,4,4,4,3,3,3,3)",0,Solved,"0,1440"," (4t+2)","0,1476","(\infty, 19, 2, 7, \infty, 31, 26, 43) (1, 10, 20, 41, 22, 9) (25, 34, 44, 17, 46, 33) (15, 14, 11, 39, 38, 35) (0, 4, 16, 23) (24, 28, 40, 47) (18, 12, 42, 36) (21, 32, 6) (45, 8, 30) (5, 3, 37) (29, 27, 13) "
"OP(8,6,6,6,3,3,3,3,3,3,3,3)",0,Solved,"0,1020"," (4t+2)","0,1069","(\infty, 46, 3, 18, \infty, 42, 27, 22) (9, 17, 6, 16, 35, 15) (33, 41, 30, 40, 11, 39) (12, 10, 1, 36, 34, 25) (2, 19, 5) (26, 43, 29) (14, 7, 37) (38, 31, 13) (4, 8, 20) (28, 32, 44) (0, 21, 47) (24, 45, 23) "
"OP(8,6,6,5,5,5,5,5,5)",0,Solved,"0,2070"," (4t+2)","0,2109","(\infty, 0, 7, 20, \infty, 44, 31, 24) (3, 15, 43, 21, 37, 22) (27, 39, 19, 45, 13, 46) (5, 14, 18, 35, 8) (29, 38, 42, 11, 32) (4, 10, 9, 1, 6) (28, 34, 33, 25, 30) (12, 23, 41, 16, 2) (36, 47, 17, 40, 26) "
"OP(8,6,6,5,5,5,5,4,3,3)",0,Solved,"0,1160"," (4t+2)","0,1204","(\infty, 41, 15, 21, \infty, 45, 39, 17) (4, 3, 11, 44, 19, 16) (28, 27, 35, 20, 43, 40) (33, 42, 10, 31, 38) (9, 18, 34, 7, 14) (25, 5, 24, 6, 23) (1, 29, 0, 30, 47) (13, 2, 37, 26) (46, 12, 8) (22, 36, 32) "
"OP(4,5,5,6,5,5,4,4,4,8)",0,Solved,"0,0720"," (4t+2)","0,0771","(\infty, 1, \infty, 25) (20, 8, 22, 5, 21) (44, 32, 46, 29, 45) (39, 4, 37, 15, 28, 13) (17, 23, 19, 16, 27) (41, 47, 43, 40, 3) (0, 2, 9, 18) (24, 26, 33, 42) (12, 31, 36, 7) (35, 14, 6, 34, 11, 38, 30, 10) "
"OP(4,5,5,6,5,5,8,3,3,3,3)",0,Solved,"0,0800"," (4t+2)","0,0857","(\infty, 33, \infty, 9) (8, 27, 10, 38, 45) (32, 3, 34, 14, 21) (12, 28, 6, 36, 4, 30) (47, 44, 35, 29, 24) (23, 20, 11, 5, 0) (19, 31, 46, 42, 43, 7, 22, 18) (39, 41, 1) (15, 17, 25) (13, 40, 26) (37, 16, 2) "
"OP(8,6,6,5,5,4,4,4,4,4)",0,Solved,"0,1210"," (4t+2)","0,1253","(\infty, 33, 3, 41, \infty, 17, 27, 9) (5, 22, 6, 2, 45, 47) (29, 46, 30, 26, 21, 23) (18, 15, 28, 19, 7) (42, 39, 4, 43, 31) (8, 35, 20, 1) (32, 11, 44, 25) (38, 10, 24, 16) (14, 34, 0, 40) (12, 13, 36, 37) "
"OP(8,6,6,5,5,4,4,3,3,3,3)",0,Solved,"0,2190"," (4t+2)","0,2251","(\infty, 1, 16, 47, \infty, 23, 40, 25) (43, 11, 45, 20, 0, 22) (19, 35, 21, 44, 24, 46) (36, 18, 7, 4, 17) (12, 42, 31, 28, 41) (10, 6, 14, 5) (34, 30, 38, 29) (8, 2, 9) (32, 26, 33) (15, 3, 13) (39, 27, 37) "
"OP(4,5,5,6,4,4,4,4,8,3,3)",0,Solved,"0,0590"," (4t+2)","0,0626","(\infty, 3, \infty, 27) (4, 5, 7, 13, 9) (28, 29, 31, 37, 33) (46, 14, 1, 22, 38, 25) (11, 26, 15, 8) (35, 2, 39, 32) (40, 23, 45, 17) (16, 47, 21, 41) (36, 18, 6, 20, 12, 42, 30, 44) (0, 10, 19) (24, 34, 43) "
"OP(4,5,5,6,4,8,3,3,3,3,3,3)",0,Solved,"0,2140"," (4t+2)","0,2182","(\infty, 14, \infty, 38) (5, 13, 45, 12, 17) (29, 37, 21, 36, 41) (26, 35, 28, 2, 11, 4) (42, 39, 18, 15) (47, 34, 40, 6, 23, 10, 16, 30) (1, 31, 3) (25, 7, 27) (8, 9, 46) (32, 33, 22) (24, 20, 43) (0, 44, 19) "
"OP(8,6,6,4,4,4,4,4,4,3,3)",0,Solved,"0,1150"," (4t+2)","0,1193","(\infty, 12, 40, 2, \infty, 26, 16, 36) (37, 11, 22, 6, 23, 8) (13, 35, 46, 30, 47, 32) (0, 21, 18, 41) (24, 45, 42, 17) (9, 4, 5, 3) (33, 28, 29, 27) (10, 44, 14, 1) (34, 20, 38, 25) (7, 15, 19) (31, 39, 43) "
"OP(8,6,6,4,4,4,3,3,3,3,3,3)",0,Solved,"0,1680"," (4t+2)","0,1713","(\infty, 16, 36, 14, \infty, 38, 12, 40) (41, 0, 34, 42, 27, 2) (17, 24, 10, 18, 3, 26) (6, 33, 39, 44) (30, 9, 15, 20) (8, 19, 32, 43) (35, 23, 4) (11, 47, 28) (1, 45, 46) (25, 21, 22) (7, 5, 37) (31, 29, 13) "
"OP(8,6,6,3,3,3,3,3,3,3,3,3,3)",0,Solved,"0,2070"," (4t+2)","0,2119","(\infty, 47, 18, 17, \infty, 41, 42, 23) (21, 36, 9, 40, 22, 44) (45, 12, 33, 16, 46, 20) (14, 0, 8) (38, 24, 32) (10, 5, 1) (34, 29, 25) (15, 4, 2) (39, 28, 26) (6, 13, 3) (30, 37, 27) (35, 7, 19) (11, 31, 43) "
"OP(8,6,5,5,5,5,5,5,3,3)",0,Solved,"0,1120"," (4t+2)","0,1161","(\infty, 3, 44, 19, \infty, 43, 20, 27) (7, 21, 15, 31, 45, 39) (38, 18, 40, 5, 35) (14, 42, 16, 29, 11) (17, 2, 13, 1, 22) (41, 26, 37, 25, 46) (8, 12, 4, 23, 6) (32, 36, 28, 47, 30) (10, 0, 9) (34, 24, 33) "
"OP(4,5,5,5,5,5,5,4,4,8)",0,Solved,"0,0380"," (4t+2)","0,0429","(\infty, 44, \infty, 20) (6, 38, 1, 43, 2) (30, 14, 25, 19, 26) (4, 31, 0, 23, 5) (28, 7, 24, 47, 29) (13, 11, 16, 36, 39) (37, 35, 40, 12, 15) (45, 10, 18, 33) (21, 34, 42, 9) (17, 8, 22, 3, 41, 32, 46, 27) "
"OP(8,6,5,5,5,5,4,4,4,4)",0,Solved,"0,3040"," (4t+2)","0,3083","(\infty, 35, 19, 13, \infty, 37, 43, 11) (7, 3, 46, 31, 27, 22) (8, 1, 0, 2, 20) (32, 25, 24, 26, 44) (12, 38, 17, 42, 4) (36, 14, 41, 18, 28) (23, 40, 21, 10) (47, 16, 45, 34) (9, 29, 15, 6) (33, 5, 39, 30) "
"OP(8,6,5,5,5,5,4,3,3,3,3)",0,Solved,"0,3720"," (4t+2)","0,3758","(\infty, 9, 5, 7, \infty, 31, 29, 33) (16, 43, 24, 40, 19, 0) (3, 8, 2, 35, 4) (27, 32, 26, 11, 28) (18, 30, 37, 46, 21) (42, 6, 13, 22, 45) (47, 12, 23, 36) (1, 41, 15) (25, 17, 39) (34, 44, 14) (10, 20, 38) "
"OP(4,5,5,5,5,4,4,4,8,3,3)",0,Solved,"0,0620"," (4t+2)","0,0664","(\infty, 21, \infty, 45) (46, 16, 31, 44, 19) (22, 40, 7, 20, 43) (35, 23, 39, 17, 6) (11, 47, 15, 41, 30) (5, 4, 9, 12) (29, 28, 33, 36) (13, 3, 37, 27) (1, 10, 14, 42, 25, 34, 38, 18) (2, 0, 8) (26, 24, 32) "
"OP(4,5,5,5,5,8,3,3,3,3,3,3)",0,Solved,"0,0630"," (4t+2)","0,0672","(\infty, 26, \infty, 2) (17, 34, 39, 11, 32) (41, 10, 15, 35, 8) (1, 3, 6, 29, 45) (25, 27, 30, 5, 21) (33, 19, 7, 16, 9, 43, 31, 40) (13, 14, 24) (37, 38, 0) (44, 4, 22) (20, 28, 46) (23, 42, 36) (47, 18, 12) "
"OP(8,6,5,5,4,4,4,4,4,3,3)",0,Solved,"0,0950"," (4t+2)","0,0995","(\infty, 33, 46, 25, \infty, 1, 22, 9) (29, 40, 45, 5, 16, 21) (31, 30, 4, 36, 24) (7, 6, 28, 12, 0) (14, 32, 34, 43) (38, 8, 10, 19) (2, 47, 13, 44) (26, 23, 37, 20) (35, 15, 11, 39) (42, 17, 27) (18, 41, 3) "
"OP(8,6,5,5,4,4,3,3,3,3,3,3)",0,Solved,"0,0720"," (4t+2)","0,0768","(\infty, 19, 46, 15, \infty, 39, 22, 43) (17, 10, 2, 41, 34, 26) (11, 45, 20, 38, 23) (35, 21, 44, 14, 47) (9, 5, 0, 37) (33, 29, 24, 13) (1, 3, 4) (25, 27, 28) (16, 32, 6) (40, 8, 30) (7, 36, 42) (31, 12, 18) "
"OP(4,5,5,4,4,4,4,4,4,4,8)",0,Solved,"0,0520"," (4t+2)","0,0561","(\infty, 33, \infty, 9) (32, 6, 27, 25, 45) (8, 30, 3, 1, 21) (22, 36, 42, 13) (46, 12, 18, 37) (2, 40, 35, 34) (26, 16, 11, 10) (19, 15, 4, 44) (43, 39, 28, 20) (0, 7, 24, 31) (17, 14, 47, 29, 41, 38, 23, 5) "
"OP(4,5,5,4,4,4,4,8,3,3,3,3)",0,Solved,"0,1080"," (4t+2)","0,1116","(\infty, 10, \infty, 34) (18, 40, 44, 21, 36) (42, 16, 20, 45, 12) (14, 8, 7, 35) (38, 32, 31, 11) (0, 9, 1, 13) (24, 33, 25, 37) (47, 15, 4, 6, 23, 39, 28, 30) (17, 3, 22) (41, 27, 46) (2, 43, 5) (26, 19, 29) "
"OP(4,5,5,4,8,3,3,3,3,3,3,3,3)",0,Solved,"0,3880"," (4t+2)","0,3932","(\infty, 11, \infty, 35) (16, 6, 0, 45, 25) (40, 30, 24, 21, 1) (4, 26, 28, 2) (7, 34, 19, 42, 31, 10, 43, 18) (5, 37, 36) (29, 13, 12) (3, 17, 47) (27, 41, 23) (8, 15, 44) (32, 39, 20) (22, 9, 14) (46, 33, 38) "
"OP(8,6,4,4,4,4,4,4,4,4,4)",0,Solved,"0,2380"," (4t+2)","0,2425","(\infty, 14, 3, 8, \infty, 32, 27, 38) (12, 0, 13, 36, 24, 37) (22, 4, 10, 43) (46, 28, 34, 19) (23, 39, 17, 9) (47, 15, 41, 33) (6, 7, 5, 2) (30, 31, 29, 26) (45, 35, 44, 16) (21, 11, 20, 40) (18, 1, 42, 25) "
"OP(8,6,4,4,4,4,4,4,3,3,3,3)",0,Solved,"0,3470"," (4t+2)","0,3514","(\infty, 21, 8, 35, \infty, 11, 32, 45) (17, 46, 23, 41, 22, 47) (9, 12, 40, 14) (33, 36, 16, 38) (18, 6, 0, 7) (42, 30, 24, 31) (10, 2, 3, 1) (34, 26, 27, 25) (5, 15, 19) (29, 39, 43) (4, 20, 37) (28, 44, 13) "
"OP(8,6,4,4,4,3,3,3,3,3,3,3,3)",0,Solved,"0,2340"," (4t+2)","0,2373","(\infty, 9, 32, 43, \infty, 19, 8, 33) (5, 24, 22, 29, 0, 46) (47, 38, 18, 21) (23, 14, 42, 45) (2, 16, 26, 40) (34, 1, 28) (10, 25, 4) (15, 3, 7) (39, 27, 31) (41, 6, 11) (17, 30, 35) (44, 13, 12) (20, 37, 36) "
"OP(8,6,3,3,3,3,3,3,3,3,3,3,3,3)",0,Solved,"0,0550"," (4t+2)","0,0584","(\infty, 16, 12, 44, \infty, 20, 36, 40) (9, 23, 0, 33, 47, 24) (2, 7, 13) (26, 31, 37) (6, 18, 5) (30, 42, 29) (22, 43, 4) (46, 19, 28) (11, 1, 3) (35, 25, 27) (45, 17, 14) (21, 41, 38) (34, 15, 8) (10, 39, 32) "
"OP(4,4,4,5,5,5,5,5,5,8)",0,Solved,"0,0880"," (4t+2)","0,0919","(\infty, 32, \infty, 8) (2, 41, 14, 9) (26, 17, 38, 33) (44, 0, 6, 40, 25) (20, 24, 30, 16, 1) (18, 5, 36, 13, 15) (42, 29, 12, 37, 39) (11, 3, 4, 34, 22) (35, 27, 28, 10, 46) (7, 45, 19, 47, 31, 21, 43, 23) "
"OP(8,5,5,5,5,5,5,4,4,4)",0,Solved,"0,1060"," (4t+2)","0,1098","(\infty, 10, 4, 6, \infty, 30, 28, 34) (9, 8, 47, 27, 5) (33, 32, 23, 3, 29) (7, 21, 39, 12, 17) (31, 45, 15, 36, 41) (11, 0, 16, 1, 46) (35, 24, 40, 25, 22) (19, 42, 2, 38) (43, 18, 26, 14) (13, 20, 37, 44) "
"OP(8,5,5,5,5,5,5,3,3,3,3)",0,Solved,"0,1810"," (4t+2)","0,1852","(\infty, 44, 31, 38, \infty, 14, 7, 20) (47, 35, 3, 28, 43) (23, 11, 27, 4, 19) (33, 34, 26, 16, 30) (9, 10, 2, 40, 6) (37, 32, 5, 24, 46) (13, 8, 29, 0, 22) (25, 36, 42) (1, 12, 18) (39, 41, 21) (15, 17, 45) "
"OP(4,4,4,4,5,5,5,5,8,3,3)",0,Solved,"0,0380"," (4t+2)","0,0424","(\infty, 18, \infty, 42) (14, 16, 1, 5) (38, 40, 25, 29) (4, 12, 28, 36) (13, 33, 20, 8, 3) (37, 9, 44, 32, 27) (17, 39, 10, 21, 35) (41, 15, 34, 45, 11) (2, 19, 22, 47, 26, 43, 46, 23) (0, 7, 6) (24, 31, 30) "
"OP(8,5,5,5,5,4,4,4,4,3,3)",0,Solved,"0,0740"," (4t+2)","0,0773","(\infty, 5, 16, 45, \infty, 21, 40, 29) (2, 0, 1, 4, 8) (26, 24, 25, 28, 32) (6, 19, 47, 33, 18) (30, 43, 23, 9, 42) (20, 11, 3, 10) (44, 35, 27, 34) (15, 46, 14, 41) (39, 22, 38, 17) (12, 7, 37) (36, 31, 13) "
"OP(8,5,5,5,5,4,3,3,3,3,3,3)",0,Solved,"0,3490"," (4t+2)","0,3539","(\infty, 30, 15, 12, \infty, 36, 39, 6) (8, 9, 18, 34, 46) (32, 33, 42, 10, 22) (13, 5, 3, 14, 40) (37, 29, 27, 38, 16) (2, 19, 26, 43) (11, 17, 45) (35, 41, 21) (4, 23, 0) (28, 47, 24) (1, 44, 31) (25, 20, 7) "
"OP(4,4,4,5,5,4,4,4,4,4,8)",0,Solved,"0,2110"," (4t+2)","0,2153","(\infty, \infty, 23, 47) (12, 3, 6, 22) (36, 27, 30, 46) (4, 9, 42, 41, 11) (28, 33, 18, 17, 35) (7, 44, 21, 43) (31, 20, 45, 19) (8, 39, 10, 2) (32, 15, 34, 26) (1, 5, 25, 29) (14, 0, 13, 40, 38, 24, 37, 16) "
"OP(4,4,4,5,5,4,4,8,3,3,3,3)",0,Solved,"0,0440"," (4t+2)","0,0485","(\infty, 38, \infty, 14) (47, 6, 28, 43) (23, 30, 4, 19) (0, 32, 2, 3, 20) (24, 8, 26, 27, 44) (29, 10, 33, 21) (5, 34, 9, 45) (11, 17, 31, 22, 35, 41, 7, 46) (1, 12, 39) (25, 36, 15) (37, 42, 40) (13, 18, 16) "
"OP(4,4,5,5,8,3,3,3,3,3,3,3,3)",0,Solved,"0,0720"," (4t+2)","0,0757","(\infty, 35, \infty, 11) (0, 1, 24, 25) (3, 6, 14, 29, 13) (27, 30, 38, 5, 37) (7, 16, 23, 43, 31, 40, 47, 19) (2, 46, 4) (26, 22, 28) (17, 34, 12) (41, 10, 36) (8, 21, 42) (32, 45, 18) (9, 20, 39) (33, 44, 15) "
"OP(8,5,5,4,4,4,4,4,4,4,4)",0,Solved,"0,1000"," (4t+2)","0,1031","(\infty, 2, 3, 0, \infty, 24, 27, 26) (4, 10, 23, 16, 14) (28, 34, 47, 40, 38) (5, 13, 33, 22) (29, 37, 9, 46) (7, 36, 11, 43) (31, 12, 35, 19) (6, 1, 45, 15) (30, 25, 21, 39) (8, 41, 20, 42) (32, 17, 44, 18) "
"OP(8,5,5,4,4,4,4,4,3,3,3,3)",0,Solved,"0,2000"," (4t+2)","0,2037","(\infty, 21, 37, 35, \infty, 11, 13, 45) (16, 4, 34, 43, 42) (40, 28, 10, 19, 18) (0, 15, 2, 6) (24, 39, 26, 30) (1, 20, 47, 9) (25, 44, 23, 33) (5, 22, 29, 46) (32, 7, 12) (8, 31, 36) (14, 3, 17) (38, 27, 41) "
"OP(8,5,5,4,4,3,3,3,3,3,3,3,3)",0,Solved,"0,1090"," (4t+2)","0,1133","(\infty, 43, 9, 7, \infty, 31, 33, 19) (8, 40, 34, 11, 15) (32, 16, 10, 35, 39) (14, 36, 3, 42) (38, 12, 27, 18) (22, 41, 4) (46, 17, 28) (2, 45, 5) (26, 21, 29) (1, 13, 0) (25, 37, 24) (44, 23, 6) (20, 47, 30) "
"OP(4,4,4,4,4,4,4,4,4,8,3,3)",0,Solved,"0,0470"," (4t+2)","0,0510","(\infty, 13, \infty, 37) (23, 42, 15, 46) (47, 18, 39, 22) (17, 33, 19, 6) (41, 9, 43, 30) (34, 8, 44, 16) (10, 32, 20, 40) (1, 2, 11, 7) (25, 26, 35, 31) (21, 14, 4, 12, 45, 38, 28, 36) (0, 5, 3) (24, 29, 27) "
"OP(4,4,4,4,4,4,8,3,3,3,3,3,3)",0,Solved,"0,0700"," (4t+2)","0,0751","(\infty, 21, \infty, 45) (42, 5, 41, 14) (18, 29, 17, 38) (1, 6, 16, 20) (25, 30, 40, 44) (19, 26, 43, 2) (22, 9, 15, 0, 46, 33, 39, 24) (7, 37, 23) (31, 13, 47) (4, 3, 12) (28, 27, 36) (8, 11, 34) (32, 35, 10) "
"OP(4,4,4,8,3,3,3,3,3,3,3,3,3,3)",0,Solved,"0,1040"," (4t+2)","0,1111","(\infty, 46, \infty, 22) (40, 29, 38, 43) (16, 5, 14, 19) (4, 37, 39, 9, 28, 13, 15, 33) (34, 11, 3) (10, 35, 27) (7, 6, 0) (31, 30, 24) (42, 32, 20) (18, 8, 44) (45, 17, 1) (21, 41, 25) (2, 36, 23) (26, 12, 47) "
"OP(8,4,4,4,4,4,4,4,4,4,3,3)",0,Solved,"0,1050"," (4t+2)","0,1112","(\infty, 35, 4, 5, \infty, 29, 28, 11) (14, 2, 7, 41) (38, 26, 31, 17) (18, 47, 15, 43) (42, 23, 39, 19) (3, 13, 22, 44) (27, 37, 46, 20) (9, 12, 16, 1) (33, 36, 40, 25) (0, 6, 24, 30) (8, 10, 45) (32, 34, 21) "
"OP(8,4,4,4,4,4,4,3,3,3,3,3,3)",0,Solved,"0,1650"," (4t+2)","0,1688","(\infty, 30, 32, 4, \infty, 28, 8, 6) (16, 2, 12, 47) (40, 26, 36, 23) (45, 13, 17, 18) (21, 37, 41, 42) (33, 3, 15, 38) (9, 27, 39, 14) (5, 20, 46) (29, 44, 22) (10, 1, 7) (34, 25, 31) (19, 0, 11) (43, 24, 35) "
"OP(8,4,4,4,3,3,3,3,3,3,3,3,3,3)",0,Solved,"0,2750"," (4t+2)","0,2803","(\infty, 21, 39, 11, \infty, 35, 15, 45) (19, 0, 16, 41) (43, 24, 40, 17) (5, 12, 29, 36) (6, 1, 14) (30, 25, 38) (3, 9, 18) (27, 33, 42) (2, 23, 13) (26, 47, 37) (8, 7, 4) (32, 31, 28) (46, 44, 10) (22, 20, 34) "
"OP(8,3,3,3,3,3,3,3,3,3,3,3,3,3,3)",0,Solved,"0,2820"," (4t+2)","0,2857","(\infty, 35, 42, 31, \infty, 7, 18, 11) (20, 4, 32) (44, 28, 8) (33, 6, 36) (9, 30, 12) (43, 26, 45) (19, 2, 21) (3, 37, 29) (27, 13, 5) (47, 34, 38) (23, 10, 14) (46, 41, 40) (22, 17, 16) (1, 39, 24) (25, 15, 0) "
"OP(4,7,7,7,7,4)",0,Solved,"0,0590"," (4t+2)","0,0622","(\infty, \infty, 23, 47) (21, 35, 6, 7, 0, 5, 1) (45, 11, 30, 31, 24, 29, 25) (3, 43, 41, 8, 2, 12, 42) (27, 19, 17, 32, 26, 36, 18) (10, 37, 34, 13) "
"OP(8,6,7,7,7,7,4,4)",0,Solved,"0,0830"," (4t+2)","0,0870","(\infty, 14, 44, 18, \infty, 42, 20, 38) (1, 9, 36, 25, 33, 12) (6, 22, 47, 19, 32, 15, 0) (30, 46, 23, 43, 8, 39, 24) (2, 7, 5, 4, 40, 21, 11) (26, 31, 29, 28, 16, 45, 35) (17, 13, 10, 3) (41, 37, 34, 27) "
"OP(4,6,7,7,7,7)",0,Solved,"0,0270"," (4t+2)","0,0311","(\infty, 1, \infty, 25) (13, 3, 10, 37, 27, 34) (2, 0, 11, 12, 4, 9, 5) (26, 24, 35, 36, 28, 33, 29) (6, 18, 41, 22, 16, 32, 15) (30, 42, 17, 46, 40, 8, 39) "
"OP(6,7,7,7,7,4)",0,Solved,"0,2310"," (4t+2)","0,2357","(\infty, 12, 44, \infty, 20, 36) (7, 0, 18, 43, 22, 10, 1) (31, 24, 42, 19, 46, 34, 25) (3, 11, 14, 47, 13, 33, 16) (27, 35, 38, 23, 37, 9, 40) (8, 4, 32, 28) "
"OP(4,7,7,7,7,3,3)",0,Solved,"0,0540"," (4t+2)","0,0572","(\infty, 12, \infty, 36) (33, 3, 45, 37, 0, 38, 42) (9, 27, 21, 13, 24, 14, 18) (26, 25, 47, 6, 11, 8, 40) (2, 1, 23, 30, 35, 32, 16) (19, 44, 46) (43, 20, 22) "
"OP(6,7,7,7,7,6,5,5)",0,Solved,"0,0680"," (4t+2)","0,0724","(\infty, 41, 11, \infty, 35, 17) (20, 5, 13, 33, 47, 22, 39) (44, 29, 37, 9, 23, 46, 15) (18, 6, 10, 16, 32, 19, 45) (42, 30, 34, 40, 8, 43, 21) (14, 4, 1, 38, 28, 25) (2, 3, 12, 7, 0) (26, 27, 36, 31, 24) "
"OP(6,7,7,7,7,6,4,3,3)",0,Solved,"0,0600"," (4t+2)","0,0643","(\infty, 45, 43, \infty, 19, 21) (16, 12, 2, 3, 0, 15, 9) (40, 36, 26, 27, 24, 39, 33) (6, 14, 23, 28, 5, 22, 42) (30, 38, 47, 4, 29, 46, 18) (37, 8, 34, 13, 32, 10) (31, 44, 7, 20) (41, 11, 25) (17, 35, 1) "
"OP(4,7,7,7,7,4,4,4,6)",0,Solved,"0,0620"," (4t+2)","0,0663","(\infty, 44, \infty, 20) (11, 33, 14, 39, 18, 36, 22) (35, 9, 38, 15, 42, 12, 46) (23, 32, 4, 0, 1, 3, 6) (47, 8, 28, 24, 25, 27, 30) (7, 17, 2, 43) (31, 41, 26, 19) (29, 13, 5, 37) (45, 10, 16, 21, 34, 40) "
"OP(4,7,7,7,7,6,3,3,3,3)",0,Solved,"0,2300"," (4t+2)","0,2342","(\infty, 22, \infty, 46) (43, 21, 9, 39, 20, 36, 16) (19, 45, 33, 15, 44, 12, 40) (5, 13, 23, 38, 7, 32, 18) (29, 37, 47, 14, 31, 8, 42) (17, 10, 4, 41, 34, 28) (0, 1, 3) (24, 25, 27) (11, 6, 2) (35, 30, 26) "
"OP(8,7,7,6,6,4)",0,Solved,"0,1240"," (4t+2)","0,1276","(\infty, 2, 23, 36, \infty, 12, 47, 26) (5, 7, 1, 10, 21, 6, 3) (29, 31, 25, 34, 45, 30, 27) (13, 17, 40, 22, 39, 19) (37, 41, 16, 46, 15, 43) (8, 0, 32, 24) "
"OP(8,6,7,7,5,5)",0,Solved,"0,0750"," (4t+2)","0,0804","(\infty, 14, 23, 2, \infty, 26, 47, 38) (6, 4, 11, 30, 28, 35) (43, 9, 8, 46, 29, 17, 45) (19, 33, 32, 22, 5, 41, 21) (15, 31, 27, 12, 18) (39, 7, 3, 36, 42) "
"OP(8,6,7,7,4,3,3)",0,Solved,"0,2910"," (4t+2)","0,2964","(\infty, \infty, 23, 10, 13, 37, 34, 47) (21, 2, 7, 45, 26, 31) (6, 15, 1, 22, 0, 17, 12) (30, 39, 25, 46, 24, 41, 36) (5, 38, 29, 14) (18, 20, 43) (42, 44, 19) "
"OP(8,7,7,5,5,3,3)",0,Solved,"0,0590"," (4t+2)","0,0631","(\infty, 19, 5, 21, \infty, 45, 29, 43) (0, 6, 44, 9, 2, 22, 11) (24, 30, 20, 33, 26, 46, 35) (13, 8, 7, 10, 14) (37, 32, 31, 34, 38) (41, 1, 40) (17, 25, 16) "
"OP(4,7,7,5,5,4,4)",0,Solved,"0,0430"," (4t+2)","0,0473","(\infty, 18, \infty, 42) (44, 13, 5, 3, 9, 35, 14) (20, 37, 29, 27, 33, 11, 38) (4, 0, 34, 19, 7) (28, 24, 10, 43, 31) (1, 6, 17, 8) (25, 30, 41, 32) "
"OP(8,7,7,4,4,4,4)",0,Solved,"0,0450"," (4t+2)","0,0489","(\infty, 47, 14, 39, \infty, 15, 38, 23) (22, 8, 35, 45, 16, 42, 17) (46, 32, 11, 21, 40, 18, 41) (28, 12, 6, 1) (4, 36, 30, 25) (2, 10, 19, 37) (26, 34, 43, 13) "
"OP(8,7,7,4,3,3,3,3)",0,Solved,"0,0470"," (4t+2)","0,0508","(\infty, 2, 13, 46, \infty, 22, 37, 26) (6, 23, 3, 15, 42, 19, 14) (30, 47, 27, 39, 18, 43, 38) (40, 11, 16, 35) (17, 9, 12) (41, 33, 36) (44, 7, 21) (20, 31, 45) "
"OP(4,7,7,4,4,5,5)",0,Solved,"0,0410"," (4t+2)","0,0446","(\infty, 8, \infty, 32) (22, 10, 1, 17, 42, 14, 44) (46, 34, 25, 41, 18, 38, 20) (13, 19, 6, 3) (37, 43, 30, 27) (4, 2, 23, 12, 11) (28, 26, 47, 36, 35) "
"OP(8,6,7,7,5,5,4,4,4)",0,Solved,"0,0890"," (4t+2)","0,0930","(\infty, 44, 13, 4, \infty, 28, 37, 20) (34, 7, 33, 10, 31, 9) (38, 25, 35, 46, 40, 45, 26) (14, 1, 11, 22, 16, 21, 2) (5, 6, 39, 42, 12) (29, 30, 15, 18, 36) (27, 41, 43, 47) (3, 17, 19, 23) (32, 0, 8, 24) "
"OP(8,6,7,7,5,5,3,3,3,3)",0,Solved,"0,1100"," (4t+2)","0,1143","(\infty, 47, 33, 17, \infty, 41, 9, 23) (11, 16, 43, 35, 40, 19) (20, 2, 12, 38, 5, 3, 39) (44, 26, 36, 14, 29, 27, 15) (10, 21, 46, 18, 1) (34, 45, 22, 42, 25) (13, 0, 6) (37, 24, 30) (7, 4, 8) (31, 28, 32) "
"OP(4,7,7,4,4,4,3,3)",0,Solved,"0,0460"," (4t+2)","0,0501","(\infty, 4, \infty, 28) (7, 12, 19, 9, 18, 32, 15) (31, 36, 43, 33, 42, 8, 39) (6, 0, 2, 3) (30, 24, 26, 27) (10, 21, 34, 45) (22, 38, 16) (46, 14, 40) "
"OP(8,6,7,7,4,4,4,4,3,3)",0,Solved,"0,1270"," (4t+2)","0,1314","(\infty, 9, 46, 29, \infty, 5, 22, 33) (31, 40, 43, 7, 16, 19) (38, 37, 45, 11, 44, 2, 15) (14, 13, 21, 35, 20, 26, 39) (18, 8, 12, 34) (42, 32, 36, 10) (41, 23, 28, 0) (17, 47, 4, 24) (3, 1, 30) (27, 25, 6) "
"OP(8,6,7,7,4,3,3,3,3,3,3)",0,Solved,"0,2800"," (4t+2)","0,2842","(\infty, 39, 42, 41, \infty, 17, 18, 15) (10, 40, 36, 34, 16, 12) (11, 4, 29, 1, 14, 0, 43) (35, 28, 5, 25, 38, 24, 19) (47, 8, 23, 32) (33, 7, 45) (9, 31, 21) (3, 22, 30) (27, 46, 6) (13, 2, 44) (37, 26, 20) "
"OP(6,7,7,6,6,6)",0,Solved,"0,1080"," (4t+2)","0,1112","(\infty, 35, 45, \infty, 21, 11) (8, 26, 6, 39, 46, 1, 27) (32, 2, 30, 15, 22, 25, 3) (20, 28, 41, 5, 42, 36) (44, 4, 17, 29, 18, 12) (40, 31, 33, 16, 7, 9) "
"OP(6,7,7,6,6,3,3)",0,Solved,"0,1270"," (4t+2)","0,1315","(\infty, 16, 8, \infty, 32, 40) (45, 0, 22, 41, 36, 15, 3) (21, 24, 46, 17, 12, 39, 27) (47, 1, 34, 2, 37, 9) (23, 25, 10, 26, 13, 33) (4, 35, 5) (28, 11, 29) "
"OP(4,7,7,6,6,4,4)",0,Solved,"0,0420"," (4t+2)","0,0463","(\infty, 21, \infty, 45) (3, 13, 32, 44, 11, 43, 17) (27, 37, 8, 20, 35, 19, 41) (12, 42, 22, 14, 10, 1) (36, 18, 46, 38, 34, 25) (2, 15, 40, 23) (26, 39, 16, 47) "
"OP(4,6,7,7,5,5,4)",0,Solved,"0,0670"," (4t+2)","0,0707","(\infty, 35, \infty, 11) (0, 1, 4, 24, 25, 28) (6, 31, 20, 13, 21, 43, 16) (30, 7, 44, 37, 45, 19, 40) (14, 2, 46, 3, 5) (38, 26, 22, 27, 29) (18, 12, 42, 36) "
"OP(6,6,7,7,4,4,4)",0,Solved,"0,0930"," (4t+2)","0,0975","(\infty, 44, 28, \infty, 4, 20) (43, 5, 39, 19, 29, 15) (33, 42, 2, 45, 3, 16, 31) (9, 18, 26, 21, 27, 40, 7) (34, 37, 14, 41) (10, 13, 38, 17) (12, 30, 36, 6) "
"OP(6,6,7,7,3,3,3,3)",0,Solved,"0,1120"," (4t+2)","0,1159","(\infty, 24, 34, \infty, 10, 0) (43, 26, 32, 19, 2, 8) (3, 23, 41, 46, 31, 5, 37) (27, 47, 17, 22, 7, 29, 13) (45, 44, 4) (21, 20, 28) (25, 36, 38) (1, 12, 14) "
"OP(4,6,7,7,4,4,3,3)",0,Solved,"0,0550"," (4t+2)","0,0589","(\infty, \infty, 23, 47) (15, 41, 12, 39, 17, 36) (2, 7, 11, 19, 32, 18, 9) (26, 31, 35, 43, 8, 42, 33) (1, 0, 6, 3) (25, 24, 30, 27) (40, 22, 10) (16, 46, 34) "
"OP(4,7,7,5,5,5,5)",0,Solved,"0,0540"," (4t+2)","0,0578","(\infty, 30, \infty, 6) (42, 35, 37, 34, 33, 29, 8) (18, 11, 13, 10, 9, 5, 32) (4, 16, 3, 12, 23) (28, 40, 27, 36, 47) (2, 22, 38, 0, 17) (26, 46, 14, 24, 41) "
"OP(6,7,7,5,5,4,4)",0,Solved,"0,0900"," (4t+2)","0,0937","(\infty, 21, 11, \infty, 35, 45) (38, 13, 39, 0, 29, 36, 4) (14, 37, 15, 24, 5, 12, 28) (41, 6, 33, 25, 42) (17, 30, 9, 1, 18) (46, 34, 32, 43) (22, 10, 8, 19) "
"OP(4,7,7,5,5,4,3,3)",0,Solved,"0,1860"," (4t+2)","0,1897","(\infty, 33, \infty, 9) (1, 2, 8, 5, 3, 19, 41) (25, 26, 32, 29, 27, 43, 17) (4, 11, 6, 23, 14) (28, 35, 30, 47, 38) (12, 16, 36, 40) (46, 10, 39) (22, 34, 15) "
"OP(6,7,7,4,4,4,3,3)",0,Solved,"0,1420"," (4t+2)","0,1456","(\infty, 19, 21, \infty, 45, 43) (44, 17, 6, 0, 14, 47, 16) (20, 41, 30, 24, 38, 23, 40) (15, 8, 18, 34) (39, 32, 42, 10) (46, 33, 22, 9) (3, 11, 37) (27, 35, 13) "
"OP(6,7,7,3,3,3,3,3,3)",0,Solved,"0,1700"," (4t+2)","0,1733","(\infty, 41, 11, \infty, 35, 17) (29, 3, 20, 47, 9, 46, 37) (5, 27, 44, 23, 33, 22, 13) (40, 21, 34) (16, 45, 10) (14, 39, 6) (38, 15, 30) (43, 1, 42) (19, 25, 18) "
"OP(4,7,7,4,4,4,4,4)",0,Solved,"0,0830"," (4t+2)","0,0881","(\infty, 33, \infty, 9) (8, 41, 16, 3, 1, 6, 45) (32, 17, 40, 27, 25, 30, 21) (10, 0, 19, 11) (34, 24, 43, 35) (39, 13, 44, 12) (15, 37, 20, 36) (5, 23, 29, 47) "
"OP(4,7,7,4,4,3,3,3,3)",0,Solved,"0,0600"," (4t+2)","0,0635","(\infty, 4, \infty, 28) (7, 12, 19, 9, 18, 32, 15) (31, 36, 43, 33, 42, 8, 39) (6, 0, 2, 3) (30, 24, 26, 27) (10, 40, 14) (34, 16, 38) (41, 13, 45) (17, 37, 21) "
"OP(6,7,7,6,5,5,5,5,4)",0,Solved,"0,1920"," (4t+2)","0,1962","(\infty, 40, 34, \infty, 10, 16) (5, 37, 6, 46, 41, 43, 33) (29, 13, 30, 22, 17, 19, 9) (45, 18, 36, 21, 42, 12) (1, 35, 38, 2, 27) (25, 11, 14, 26, 3) (47, 0, 39, 32, 28) (23, 24, 15, 8, 4) (44, 31, 20, 7) "
"OP(4,7,7,5,5,5,5,6,3,3)",0,Solved,"0,1000"," (4t+2)","0,1041","(\infty, 35, \infty, 11) (45, 25, 29, 24, 3, 37, 38) (21, 1, 5, 0, 27, 13, 14) (39, 6, 28, 47, 22) (15, 30, 4, 23, 46) (36, 34, 43, 7, 18) (12, 10, 19, 31, 42) (8, 16, 26, 32, 40, 2) (44, 41, 9) (20, 17, 33) "
"OP(6,7,7,6,5,5,4,4,3,3)",0,Solved,"0,0840"," (4t+2)","0,0883","(\infty, 10, 0, \infty, 24, 34) (43, 7, 39, 16, 35, 2, 42) (19, 31, 15, 40, 11, 26, 18) (13, 41, 20, 37, 17, 44) (5, 9, 4, 22, 8) (29, 33, 28, 46, 32) (47, 6, 12, 21) (23, 30, 36, 45) (1, 14, 3) (25, 38, 27) "
"OP(4,7,7,5,5,4,4,4,4,6)",0,Solved,"0,0630"," (4t+2)","0,0670","(\infty, 4, \infty, 28) (5, 6, 2, 16, 39, 19, 7) (29, 30, 26, 40, 15, 43, 31) (3, 8, 14, 23, 10) (27, 32, 38, 47, 34) (0, 11, 21, 18) (24, 35, 45, 42) (36, 17, 1, 9) (12, 41, 25, 33) (13, 44, 22, 37, 20, 46) "
"OP(4,7,7,5,5,4,6,3,3,3,3)",0,Solved,"0,0930"," (4t+2)","0,0968","(\infty, 7, \infty, 31) (15, 18, 17, 43, 6, 23, 13) (39, 42, 41, 19, 30, 47, 37) (14, 8, 4, 16, 0) (38, 32, 28, 40, 24) (10, 1, 34, 25) (11, 3, 22, 35, 27, 46) (20, 45, 2) (44, 21, 26) (33, 12, 5) (9, 36, 29) "
"OP(6,7,7,6,4,4,4,4,4,4)",0,Solved,"0,0380"," (4t+2)","0,0418","(\infty, 40, 10, \infty, 34, 16) (5, 7, 3, 11, 14, 23, 4) (29, 31, 27, 35, 38, 47, 28) (0, 6, 19, 24, 30, 43) (12, 1, 8, 22) (36, 25, 32, 46) (39, 17, 2, 18) (15, 41, 26, 42) (20, 45, 9, 37) (44, 21, 33, 13) "
"OP(6,7,7,6,4,4,4,3,3,3,3)",0,Solved,"0,3960"," (4t+2)","0,4011","(\infty, 29, 9, \infty, 33, 5) (44, 4, 10, 40, 11, 7, 41) (20, 28, 34, 16, 35, 31, 17) (36, 13, 0, 12, 37, 24) (45, 2, 43, 6) (21, 26, 19, 30) (25, 27, 1, 3) (22, 23, 38) (46, 47, 14) (8, 18, 39) (32, 42, 15) "
"OP(6,7,7,6,3,3,3,3,3,3,3,3)",0,Solved,"0,1630"," (4t+2)","0,1665","(\infty, 37, 33, \infty, 9, 13) (44, 36, 26, 4, 47, 38, 8) (20, 12, 2, 28, 23, 14, 32) (39, 7, 40, 15, 31, 16) (41, 6, 35) (17, 30, 11) (45, 43, 46) (21, 19, 22) (25, 42, 5) (1, 18, 29) (0, 34, 27) (24, 10, 3) "
"OP(4,7,7,4,4,4,4,4,6,3,3)",0,Solved,"0,0520"," (4t+2)","0,0558","(\infty, 20, \infty, 44) (9, 3, 6, 8, 22, 42, 21) (33, 27, 30, 32, 46, 18, 45) (14, 47, 17, 40) (38, 23, 41, 16) (5, 13, 12, 1) (29, 37, 36, 25) (11, 4, 35, 28) (39, 7, 2, 15, 31, 26) (19, 10, 0) (43, 34, 24) "
"OP(4,7,7,4,4,6,3,3,3,3,3,3)",0,Solved,"0,1440"," (4t+2)","0,1472","(\infty, 18, \infty, 42) (24, 15, 38, 9, 8, 2, 4) (0, 39, 14, 33, 32, 26, 28) (7, 12, 22, 25) (31, 36, 46, 1) (21, 47, 11, 45, 23, 35) (10, 6, 41) (34, 30, 17) (5, 20, 13) (29, 44, 37) (16, 43, 27) (40, 19, 3) "
"OP(8,6,6,6,6,6)",0,Solved,"0,0510"," (4t+2)","0,0551","(\infty, 34, 0, 8, \infty, 32, 24, 10) (2, 7, 27, 15, 13, 6) (26, 31, 3, 39, 37, 30) (5, 22, 11, 17, 1, 4) (29, 46, 35, 41, 25, 28) (44, 23, 36, 20, 47, 12) "
"OP(8,6,6,6,6,3,3)",0,Solved,"0,0530"," (4t+2)","0,0562","(\infty, 17, 24, 27, \infty, 3, 0, 41) (22, 11, 5, 10, 26, 44) (46, 35, 29, 34, 2, 20) (33, 13, 47, 8, 12, 25) (9, 37, 23, 32, 36, 1) (16, 15, 30) (40, 39, 6) "
"OP(4,5,5,6,6,6,4)",0,Solved,"0,1400"," (4t+2)","0,1446","(\infty, 15, \infty, 39) (35, 0, 37, 44, 32) (11, 24, 13, 20, 8) (46, 7, 41, 9, 34, 42) (22, 31, 17, 33, 10, 18) (29, 1, 6, 5, 25, 30) (27, 45, 3, 21) "
"OP(8,6,6,6,4,4,4)",0,Solved,"0,0380"," (4t+2)","0,0422","(\infty, 36, 20, 38, \infty, 14, 44, 12) (11, 40, 23, 43, 22, 37) (35, 16, 47, 19, 46, 13) (5, 4, 6, 29, 28, 30) (18, 15, 1, 3) (42, 39, 25, 27) (8, 2, 32, 26) "
"OP(8,6,6,6,3,3,3,3)",0,Solved,"0,0900"," (4t+2)","0,0941","(\infty, 41, 33, 43, \infty, 19, 9, 17) (7, 27, 0, 30, 39, 38) (31, 3, 24, 6, 15, 14) (35, 2, 25, 11, 26, 1) (37, 44, 46) (13, 20, 22) (34, 40, 36) (10, 16, 12) "
"OP(4,5,5,6,6,5,5)",0,Solved,"0,0580"," (4t+2)","0,0626","(\infty, 20, \infty, 44) (9, 41, 15, 4, 2) (33, 17, 39, 28, 26) (0, 6, 3, 12, 37, 8) (24, 30, 27, 36, 13, 32) (5, 1, 11, 23, 10) (29, 25, 35, 47, 34) "
"OP(8,6,6,5,5,4,4)",0,Solved,"0,0410"," (4t+2)","0,0444","(\infty, 46, 21, 42, \infty, 18, 45, 22) (14, 43, 11, 41, 15, 3) (38, 19, 35, 17, 39, 27) (4, 7, 20, 10, 1) (28, 31, 44, 34, 25) (2, 40, 9, 23) (26, 16, 33, 47) "
"OP(4,5,5,6,6,4,3,3)",0,Solved,"0,1490"," (4t+2)","0,1531","(\infty, 3, \infty, 27) (4, 11, 8, 45, 2) (28, 35, 32, 21, 26) (6, 5, 1, 7, 33, 20) (30, 29, 25, 31, 9, 44) (15, 23, 39, 47) (17, 36, 19) (41, 12, 43) "
"OP(8,6,6,4,4,4,3,3)",0,Solved,"0,0910"," (4t+2)","0,0948","(\infty, 31, 12, 15, \infty, 39, 36, 7) (43, 42, 46, 4, 13, 23) (19, 18, 22, 28, 37, 47) (45, 32, 24, 17) (21, 8, 0, 41) (34, 9, 10, 33) (16, 5, 20) (40, 29, 44) "
"OP(8,6,6,3,3,3,3,3,3)",0,Solved,"0,0880"," (4t+2)","0,0917","(\infty, 43, 39, 33, \infty, 9, 15, 19) (32, 40, 4, 27, 45, 6) (8, 16, 28, 3, 21, 30) (2, 29, 0) (26, 5, 24) (35, 1, 17) (11, 25, 41) (46, 47, 36) (22, 23, 12) "
"OP(8,6,5,5,5,5,4)",0,Solved,"0,0690"," (4t+2)","0,0737","(\infty, 18, 45, 44, \infty, 20, 21, 42) (19, 37, 11, 43, 13, 35) (4, 10, 22, 41, 26) (28, 34, 46, 17, 2) (9, 15, 1, 14, 16) (33, 39, 25, 38, 40) (6, 23, 30, 47) "
"OP(4,5,5,6,5,5,3,3)",0,Solved,"0,1440"," (4t+2)","0,1481","(\infty, 38, \infty, 14) (41, 22, 18, 20, 19) (17, 46, 42, 44, 43) (9, 39, 6, 33, 15, 30) (7, 0, 16, 2, 10) (31, 24, 40, 26, 34) (36, 45, 8) (12, 21, 32) "
"OP(8,6,5,5,4,4,3,3)",0,Solved,"0,1400"," (4t+2)","0,1440","(\infty, 44, 39, 6, \infty, 30, 15, 20) (12, 4, 13, 36, 28, 37) (5, 24, 41, 11, 22) (29, 0, 17, 35, 46) (1, 23, 43, 8) (25, 47, 19, 32) (7, 9, 3) (31, 33, 27) "
"OP(4,5,5,6,4,4,4,4)",0,Solved,"0,0690"," (4t+2)","0,0725","(\infty, 18, \infty, 42) (43, 8, 4, 2, 10) (19, 32, 28, 26, 34) (30, 46, 3, 6, 22, 27) (0, 1, 20, 11) (24, 25, 44, 35) (21, 41, 23, 9) (45, 17, 47, 33) "
"OP(4,5,5,6,4,3,3,3,3)",0,Solved,"0,1490"," (4t+2)","0,1525","(\infty, 22, \infty, 46) (5, 41, 6, 7, 14) (29, 17, 30, 31, 38) (21, 1, 20, 45, 25, 44) (16, 0, 40, 24) (9, 35, 2) (33, 11, 26) (19, 8, 10) (43, 32, 34) "
"OP(8,6,4,4,4,4,4,4)",0,Solved,"0,1530"," (4t+2)","0,1571","(\infty, 30, 2, 20, \infty, 44, 26, 6) (35, 38, 22, 11, 14, 46) (21, 47, 3, 4) (45, 23, 27, 28) (37, 8, 1, 42) (13, 32, 25, 18) (0, 40, 41, 36) (24, 16, 17, 12) "
"OP(8,6,4,4,4,3,3,3,3)",0,Solved,"0,1920"," (4t+2)","0,1954","(\infty, 0, 7, 10, \infty, 34, 31, 24) (12, 3, 37, 36, 27, 13) (38, 11, 1, 9) (14, 35, 25, 33) (21, 15, 45, 39) (19, 47, 18) (43, 23, 42) (2, 8, 6) (26, 32, 30) "
"OP(8,6,3,3,3,3,3,3,3,3)",0,Solved,"0,0370"," (4t+2)","0,0415","(\infty, 15, 44, 13, \infty, 37, 20, 39) (14, 6, 17, 38, 30, 41) (8, 18, 36) (32, 42, 12) (21, 47, 22) (45, 23, 46) (4, 1, 2) (28, 25, 26) (35, 7, 19) (11, 31, 43) "
"OP(8,5,5,5,5,5,5)",0,Solved,"0,2080"," (4t+2)","0,2110","(\infty, 0, 7, 20, \infty, 44, 31, 24) (3, 15, 43, 21, 37) (27, 39, 19, 45, 13) (22, 5, 14, 18, 35) (46, 29, 38, 42, 11) (8, 4, 10, 9, 1) (32, 28, 34, 33, 25) "
"OP(8,5,5,5,5,4,3,3)",0,Solved,"0,1200"," (4t+2)","0,1244","(\infty, 41, 15, 21, \infty, 45, 39, 17) (4, 3, 11, 44, 19) (28, 27, 35, 20, 43) (16, 33, 42, 10, 31) (40, 9, 18, 34, 7) (38, 25, 14, 1) (5, 24, 6) (29, 0, 30) "
"OP(4,5,5,5,5,4,4,4)",0,Solved,"0,0690"," (4t+2)","0,0731","(\infty, 33, \infty, 9) (43, 46, 25, 0, 26) (19, 22, 1, 24, 2) (34, 35, 6, 36, 40) (10, 11, 30, 12, 16) (42, 44, 39, 28) (18, 20, 15, 4) (32, 47, 8, 23) "
"OP(4,5,5,5,5,3,3,3,3)",0,Solved,"0,0750"," (4t+2)","0,0797","(\infty, 14, \infty, 38) (0, 7, 2, 13, 47) (24, 31, 26, 37, 23) (18, 9, 1, 11, 41) (42, 33, 25, 35, 17) (5, 8, 20) (29, 32, 44) (39, 22, 43) (15, 46, 19) "
"OP(8,5,5,4,4,4,4,4)",0,Solved,"0,1270"," (4t+2)","0,1316","(\infty, 33, 3, 41, \infty, 17, 27, 9) (5, 22, 6, 2, 45) (29, 46, 30, 26, 21) (47, 18, 15, 28) (23, 42, 39, 4) (19, 7, 8, 35) (43, 31, 32, 11) (20, 1, 44, 25) "
"OP(8,5,5,4,4,3,3,3,3)",0,Solved,"0,2220"," (4t+2)","0,2266","(\infty, 1, 16, 47, \infty, 23, 40, 25) (43, 11, 45, 20, 0) (19, 35, 21, 44, 24) (22, 36, 18, 7) (46, 12, 42, 31) (4, 17, 10) (28, 41, 34) (6, 14, 5) (30, 38, 29) "
"OP(4,5,5,4,4,4,4,3,3)",0,Solved,"0,0320"," (4t+2)","0,0360","(\infty, 2, \infty, 26) (4, 5, 7, 13, 21) (28, 29, 31, 37, 45) (34, 16, 27, 11) (10, 40, 3, 35) (14, 41, 19, 47) (38, 17, 43, 23) (18, 15, 22) (42, 39, 46) "
"OP(4,5,5,4,3,3,3,3,3,3)",0,Solved,"0,0740"," (4t+2)","0,0783","(\infty, 5, \infty, 29) (28, 40, 10, 33, 7) (4, 16, 34, 9, 31) (8, 13, 32, 37) (2, 47, 39) (26, 23, 15) (46, 36, 45) (22, 12, 21) (1, 44, 24) (25, 20, 0) "
"OP(8,4,4,4,4,4,4,3,3)",0,Solved,"0,1200"," (4t+2)","0,1277","(\infty, 12, 40, 2, \infty, 26, 16, 36) (37, 11, 22, 6) (13, 35, 46, 30) (23, 8, 0, 21) (47, 32, 24, 45) (18, 41, 9, 4) (42, 17, 33, 28) (5, 3, 10) (29, 27, 34) "
"OP(8,4,4,4,3,3,3,3,3,3)",0,Solved,"0,1600"," (4t+2)","0,1648","(\infty, 16, 36, 14, \infty, 38, 12, 40) (41, 0, 34, 42) (17, 24, 10, 18) (27, 2, 3, 26) (6, 33, 39) (30, 9, 15) (44, 8, 19) (20, 32, 43) (35, 23, 4) (11, 47, 28) "
"OP(8,3,3,3,3,3,3,3,3,3,3)",0,Solved,"0,2050"," (4t+2)","0,2096","(\infty, 47, 18, 17, \infty, 41, 42, 23) (21, 36, 9) (45, 12, 33) (40, 22, 44) (16, 46, 20) (14, 0, 8) (38, 24, 32) (10, 5, 1) (34, 29, 25) (15, 4, 2) (39, 28, 26) "
"OP(8,6,5,5,5,5,5,5,3,3)",0,Solved,"0,1130"," (4t+2)","0,1168","(\infty, 3, 44, 19, \infty, 43, 20, 27) (7, 21, 15, 31, 45, 39) (38, 18, 40, 5, 35) (14, 42, 16, 29, 11) (17, 2, 13, 1, 22) (41, 26, 37, 25, 46) (8, 12, 4, 23, 6) (32, 36, 28, 47, 30) (10, 0, 9) (34, 24, 33) "
"OP(4,4,4,4,5,5,5,5)",0,Solved,"0,1210"," (4t+2)","0,1249","(\infty, 19, \infty, 43) (8, 0, 1, 3) (32, 24, 25, 27) (39, 2, 15, 26) (4, 7, 11, 20, 10) (28, 31, 35, 44, 34) (5, 12, 33, 47, 17) (29, 36, 9, 23, 41) "
"OP(8,6,5,5,5,5,4,4,4,4)",0,Solved,"0,3010"," (4t+2)","0,3060","(\infty, 35, 19, 13, \infty, 37, 43, 11) (7, 3, 46, 31, 27, 22) (8, 1, 0, 2, 20) (32, 25, 24, 26, 44) (12, 38, 17, 42, 4) (36, 14, 41, 18, 28) (23, 40, 21, 10) (47, 16, 45, 34) (9, 29, 15, 6) (33, 5, 39, 30) "
"OP(8,6,5,5,5,5,4,3,3,3,3)",0,Solved,"0,3750"," (4t+2)","0,3797","(\infty, 9, 5, 7, \infty, 31, 29, 33) (16, 43, 24, 40, 19, 0) (3, 8, 2, 35, 4) (27, 32, 26, 11, 28) (18, 30, 37, 46, 21) (42, 6, 13, 22, 45) (47, 12, 23, 36) (1, 41, 15) (25, 17, 39) (34, 44, 14) (10, 20, 38) "
"OP(4,4,4,5,5,4,4,3,3)",0,Solved,"0,0730"," (4t+2)","0,0763","(\infty, 15, \infty, 39) (5, 18, 37, 10) (29, 42, 13, 34) (1, 8, 33, 16, 4) (25, 32, 9, 40, 28) (22, 11, 3, 12) (46, 35, 27, 36) (38, 23, 7) (14, 47, 31) "
"OP(4,4,5,5,3,3,3,3,3,3)",0,Solved,"0,0900"," (4t+2)","0,0942","(\infty, 1, \infty, 25) (11, 18, 35, 42) (43, 7, 22, 40, 15) (19, 31, 46, 16, 39) (23, 12, 38) (47, 36, 14) (9, 5, 6) (33, 29, 30) (44, 8, 17) (20, 32, 41) "
"OP(8,6,5,5,4,4,4,4,4,3,3)",0,Solved,"0,0920"," (4t+2)","0,0954","(\infty, 33, 46, 25, \infty, 1, 22, 9) (29, 40, 45, 5, 16, 21) (31, 30, 4, 36, 24) (7, 6, 28, 12, 0) (14, 32, 34, 43) (38, 8, 10, 19) (2, 47, 13, 44) (26, 23, 37, 20) (35, 15, 11, 39) (42, 17, 27) (18, 41, 3) "
"OP(8,6,5,5,4,4,3,3,3,3,3,3)",0,Solved,"0,0760"," (4t+2)","0,0798","(\infty, 19, 46, 15, \infty, 39, 22, 43) (17, 10, 2, 41, 34, 26) (11, 45, 20, 38, 23) (35, 21, 44, 14, 47) (9, 5, 0, 37) (33, 29, 24, 13) (1, 3, 4) (25, 27, 28) (16, 32, 6) (40, 8, 30) (7, 36, 42) (31, 12, 18) "
"OP(4,4,4,4,4,4,4,4,4)",0,Solved,"0,0430"," (4t+2)","0,0480","(\infty, 10, \infty, 34) (12, 5, 6, 3) (36, 29, 30, 27) (20, 41, 16, 4) (44, 17, 40, 28) (0, 15, 32, 18) (24, 39, 8, 42) (1, 14, 22, 11) (25, 38, 46, 35) "
"OP(4,4,4,4,4,4,3,3,3,3)",0,Solved,"0,1260"," (4t+2)","0,1323","(\infty, \infty, 23, 47) (13, 15, 41, 5) (37, 39, 17, 29) (20, 35, 0, 3) (44, 11, 24, 27) (16, 10, 40, 34) (18, 43, 6) (42, 19, 30) (38, 31, 4) (14, 7, 28) "
"OP(4,4,4,3,3,3,3,3,3,3,3)",0,Solved,"0,0420"," (4t+2)","0,0457","(\infty, 2, \infty, 26) (4, 5, 7, 10) (28, 29, 31, 34) (18, 33, 16) (42, 9, 40) (27, 37, 21) (3, 13, 45) (43, 14, 23) (19, 38, 47) (41, 15, 22) (17, 39, 46) "
"OP(8,6,4,4,4,4,4,4,4,4,4)",0,Solved,"0,2380"," (4t+2)","0,2417","(\infty, 14, 3, 8, \infty, 32, 27, 38) (12, 0, 13, 36, 24, 37) (22, 4, 10, 43) (46, 28, 34, 19) (23, 39, 17, 9) (47, 15, 41, 33) (6, 7, 5, 2) (30, 31, 29, 26) (45, 35, 44, 16) (21, 11, 20, 40) (18, 1, 42, 25) "
"OP(8,6,4,4,4,4,4,4,3,3,3,3)",0,Solved,"0,3550"," (4t+2)","0,3586","(\infty, 21, 8, 35, \infty, 11, 32, 45) (17, 46, 23, 41, 22, 47) (9, 12, 40, 14) (33, 36, 16, 38) (18, 6, 0, 7) (42, 30, 24, 31) (10, 2, 3, 1) (34, 26, 27, 25) (5, 15, 19) (29, 39, 43) (4, 20, 37) (28, 44, 13) "
"OP(8,6,4,4,4,3,3,3,3,3,3,3,3)",0,Solved,"0,2310"," (4t+2)","0,2351","(\infty, 9, 32, 43, \infty, 19, 8, 33) (5, 24, 22, 29, 0, 46) (47, 38, 18, 21) (23, 14, 42, 45) (2, 16, 26, 40) (34, 1, 28) (10, 25, 4) (15, 3, 7) (39, 27, 31) (41, 6, 11) (17, 30, 35) (44, 13, 12) (20, 37, 36) "
"OP(8,6,3,3,3,3,3,3,3,3,3,3,3,3)",0,Solved,"0,0550"," (4t+2)","0,0588","(\infty, 16, 12, 44, \infty, 20, 36, 40) (9, 23, 0, 33, 47, 24) (2, 7, 13) (26, 31, 37) (6, 18, 5) (30, 42, 29) (22, 43, 4) (46, 19, 28) (11, 1, 3) (35, 25, 27) (45, 17, 14) (21, 41, 38) (34, 15, 8) (10, 39, 32) "
"OP(4,6,6,6,6,6,4)",0,Solved,"0,1930"," (4t+2)","0,2007","(\infty, 46, \infty, 22) (4, 3, 45, 2, 39, 25) (28, 27, 21, 26, 15, 1) (5, 38, 7, 42, 12, 41) (29, 14, 31, 18, 36, 17) (19, 23, 20, 43, 47, 44) (8, 40, 32, 16) "
"OP(4,6,6,6,6,5,5)",0,Solved,"0,0430"," (4t+2)","0,0464","(\infty, 16, \infty, 40) (39, 22, 43, 11, 44, 21) (15, 46, 19, 35, 20, 45) (6, 18, 37, 9, 31, 17) (30, 42, 13, 33, 7, 41) (1, 2, 4, 12, 5) (25, 26, 28, 36, 29) "
"OP(6,6,6,6,6,4,4)",0,Solved,"0,0460"," (4t+2)","0,0498","(\infty, 10, 36, \infty, 12, 34) (33, 15, 18, 35, 40, 29) (9, 39, 42, 11, 16, 5) (44, 43, 24, 37, 46, 6) (20, 19, 0, 13, 22, 30) (8, 14, 2, 23) (32, 38, 26, 47) "
"OP(4,6,6,6,6,4,3,3)",0,Solved,"0,0440"," (4t+2)","0,0478","(\infty, 22, \infty, 46) (0, 21, 37, 2, 19, 7) (24, 45, 13, 26, 43, 31) (34, 36, 47, 3, 4, 42) (10, 12, 23, 27, 28, 18) (25, 6, 1, 30) (14, 44, 35) (38, 20, 11) "
"OP(6,6,6,6,5,5,4)",0,Solved,"0,0930"," (4t+2)","0,0967","(\infty, 6, 14, \infty, 38, 30) (13, 43, 36, 11, 33, 16) (37, 19, 12, 35, 9, 40) (47, 1, 17, 23, 25, 41) (46, 42, 15, 4, 24) (22, 18, 39, 28, 0) (10, 45, 34, 21) "
"OP(4,6,6,6,5,5,3,3)",0,Solved,"0,0720"," (4t+2)","0,0753","(\infty, \infty, 23, 47) (44, 22, 43, 15, 45, 10) (20, 46, 19, 39, 21, 34) (4, 12, 37, 28, 36, 13) (6, 11, 18, 8, 2) (30, 35, 42, 32, 26) (33, 14, 31) (9, 38, 7) "
"OP(6,6,6,6,4,4,3,3)",0,Solved,"0,2470"," (4t+2)","0,2510","(\infty, 21, 31, \infty, 7, 45) (13, 0, 44, 19, 8, 1) (37, 24, 20, 43, 32, 25) (34, 5, 38, 10, 29, 14) (22, 23, 2, 42) (46, 47, 26, 18) (36, 4, 17) (12, 28, 41) "
"OP(4,6,6,6,4,4,4,4)",0,Solved,"0,0680"," (4t+2)","0,0720","(\infty, 3, \infty, 27) (41, 0, 6, 9, 13, 8) (17, 24, 30, 33, 37, 32) (11, 38, 21, 35, 14, 45) (10, 2, 12, 1) (34, 26, 36, 25) (19, 7, 5, 18) (43, 31, 29, 42) "
"OP(4,6,6,6,4,3,3,3,3)",0,Solved,"0,0570"," (4t+2)","0,0612","(\infty, 2, \infty, 26) (4, 5, 7, 10, 17, 35) (28, 29, 31, 34, 41, 11) (16, 27, 14, 40, 3, 38) (9, 18, 33, 42) (47, 37, 21) (23, 13, 45) (15, 43, 22) (39, 19, 46) "
"OP(6,6,6,5,5,5,5)",0,Solved,"0,1410"," (4t+2)","0,1454","(\infty, 46, 14, \infty, 38, 22) (8, 36, 21, 44, 23, 37) (32, 12, 45, 20, 47, 13) (0, 31, 18, 11, 3) (24, 7, 42, 35, 27) (2, 17, 6, 15, 33) (26, 41, 30, 39, 9) "
"OP(6,6,6,5,5,4,3,3)",0,Solved,"0,1340"," (4t+2)","0,1382","(\infty, 46, 32, \infty, 8, 22) (14, 3, 6, 5, 17, 10) (38, 27, 30, 29, 41, 34) (16, 35, 4, 19, 21) (40, 11, 28, 43, 45) (44, 0, 20, 24) (9, 1, 39) (33, 25, 15) "
"OP(4,6,6,5,5,4,4,4)",0,Solved,"0,0750"," (4t+2)","0,0785","(\infty, 7, \infty, 31) (9, 5, 12, 42, 16, 10) (33, 29, 36, 18, 40, 34) (11, 1, 6, 22, 45) (35, 25, 30, 46, 21) (8, 44, 13, 41) (32, 20, 37, 17) (15, 4, 39, 28) "
"OP(4,6,6,5,5,3,3,3,3)",0,Solved,"0,0370"," (4t+2)","0,0413","(\infty, 2, \infty, 26) (4, 5, 7, 10, 17, 35) (28, 29, 31, 34, 41, 11) (16, 27, 14, 37, 22) (40, 3, 38, 13, 46) (42, 33, 43) (18, 9, 19) (15, 47, 21) (39, 23, 45) "
"OP(6,6,6,4,4,4,4,4)",0,Solved,"0,2600"," (4t+2)","0,2640","(\infty, 1, 3, \infty, 27, 25) (22, 36, 0, 20, 10, 45) (46, 12, 24, 44, 34, 21) (8, 14, 43, 42) (32, 38, 19, 18) (9, 4, 15, 7) (33, 28, 39, 31) (16, 47, 40, 23) "
"OP(6,6,6,4,4,3,3,3,3)",0,Solved,"0,0390"," (4t+2)","0,0433","(\infty, 42, 14, \infty, 38, 18) (17, 5, 3, 11, 21, 34) (41, 29, 27, 35, 45, 10) (4, 0, 9, 16) (28, 24, 33, 40) (30, 1, 43) (6, 25, 19) (20, 46, 13) (44, 22, 37) "
"OP(4,6,6,4,4,4,4,3,3)",0,Solved,"0,0700"," (4t+2)","0,0739","(\infty, 10, \infty, 34) (47, 45, 8, 2, 3, 44) (23, 21, 32, 26, 27, 20) (46, 30, 39, 29) (22, 6, 15, 5) (12, 42, 7, 35) (36, 18, 31, 11) (43, 17, 9) (19, 41, 33) "
"OP(4,6,6,4,3,3,3,3,3,3)",0,Solved,"0,0500"," (4t+2)","0,0538","(\infty, 2, \infty, 26) (4, 5, 7, 10, 17, 35) (28, 29, 31, 34, 41, 11) (16, 27, 40, 3) (9, 18, 38) (33, 42, 14) (23, 46, 19) (47, 22, 43) (15, 21, 37) (39, 45, 13) "
"OP(6,6,5,5,5,5,3,3)",0,Solved,"0,0530"," (4t+2)","0,0568","(\infty, 4, 8, \infty, 32, 28) (7, 16, 42, 31, 40, 18) (5, 12, 43, 15, 0) (29, 36, 19, 39, 24) (2, 3, 9, 10, 45) (26, 27, 33, 34, 21) (13, 38, 46) (37, 14, 22) "
"OP(4,6,5,5,5,5,4,4)",0,Solved,"0,0800"," (4t+2)","0,0864","(\infty, 19, \infty, 43) (3, 1, 6, 27, 25, 30) (47, 15, 40, 7, 18) (23, 39, 16, 31, 42) (4, 11, 20, 38, 12) (28, 35, 44, 14, 36) (13, 41, 10, 0) (37, 17, 34, 24) "
"OP(6,6,5,5,4,4,4,4)",0,Solved,"0,0490"," (4t+2)","0,0530","(\infty, 37, 11, \infty, 35, 13) (39, 14, 4, 15, 38, 28) (16, 46, 10, 42, 23) (40, 22, 34, 18, 47) (8, 12, 6, 1) (32, 36, 30, 25) (2, 19, 7, 20) (26, 43, 31, 44) "
"OP(6,6,5,5,4,3,3,3,3)",0,Solved,"0,1160"," (4t+2)","0,1211","(\infty, 18, 6, \infty, 30, 42) (43, 21, 39, 19, 45, 15) (35, 1, 2, 23, 4) (11, 25, 26, 47, 28) (10, 37, 34, 13) (5, 36, 44) (29, 12, 20) (40, 38, 27) (16, 14, 3) "
"OP(4,6,5,5,4,4,4,3,3)",0,Solved,"0,1060"," (4t+2)","0,1109","(\infty, 18, \infty, 42) (9, 3, 5, 33, 27, 29) (22, 43, 8, 4, 7) (46, 19, 32, 28, 31) (23, 45, 15, 40) (47, 21, 39, 16) (14, 0, 38, 24) (13, 1, 6) (37, 25, 30) "
"OP(4,6,5,5,3,3,3,3,3,3)",0,Solved,"0,1500"," (4t+2)","0,1538","(\infty, 37, \infty, 13) (38, 40, 31, 14, 16, 7) (3, 47, 41, 46, 25) (27, 23, 17, 22, 1) (9, 29, 6) (33, 5, 30) (44, 4, 39) (20, 28, 15) (35, 34, 2) (11, 10, 26) "
"OP(6,6,4,4,4,4,4,3,3)",0,Solved,"0,1400"," (4t+2)","0,1435","(\infty, 32, 10, \infty, 34, 8) (44, 47, 3, 20, 23, 27) (13, 12, 45, 24) (37, 36, 21, 0) (15, 1, 6, 19) (39, 25, 30, 43) (9, 17, 33, 41) (40, 42, 14) (16, 18, 38) "
"OP(6,6,4,4,3,3,3,3,3,3)",0,Solved,"0,0410"," (4t+2)","0,0454","(\infty, 47, 13, \infty, 37, 23) (41, 16, 6, 17, 40, 30) (19, 45, 15, 46) (43, 21, 39, 22) (11, 38, 4) (35, 14, 28) (7, 1, 2) (31, 25, 26) (10, 18, 3) (34, 42, 27) "
"OP(4,6,4,4,4,4,4,4,4)",0,Solved,"0,1140"," (4t+2)","0,1169","(\infty, 33, \infty, 9) (37, 32, 39, 13, 8, 15) (45, 44, 25, 34) (21, 20, 1, 10) (28, 43, 35, 5) (4, 19, 11, 29) (6, 27, 40, 38) (30, 3, 16, 14) (46, 42, 22, 18) "
"OP(4,6,4,4,4,4,3,3,3,3)",0,Solved,"0,0420"," (4t+2)","0,0463","(\infty, 34, \infty, 10) (47, 31, 41, 23, 7, 17) (33, 27, 44, 4) (9, 3, 20, 28) (13, 2, 11, 39) (37, 26, 35, 15) (24, 38, 45) (0, 14, 21) (40, 25, 12) (16, 1, 36) "
"OP(4,6,4,3,3,3,3,3,3,3,3)",0,Solved,"0,0700"," (4t+2)","0,0734","(\infty, 46, \infty, 22) (43, 37, 41, 19, 13, 17) (42, 45, 18, 21) (33, 2, 34) (9, 26, 10) (35, 40, 31) (11, 16, 7) (39, 6, 25) (15, 30, 1) (3, 38, 28) (27, 14, 4) "
"OP(4,5,5,5,5,5,5,4)",0,Solved,"0,2270"," (4t+2)","0,2312","(\infty, 1, \infty, 25) (2, 3, 5, 8, 12) (26, 27, 29, 32, 36) (20, 6, 0, 7, 15) (44, 30, 24, 31, 39) (4, 13, 33, 45, 19) (28, 37, 9, 21, 43) (10, 23, 34, 47) "
"OP(6,5,5,5,5,4,4,4)",0,Solved,"0,2190"," (4t+2)","0,2217","(\infty, 2, 18, \infty, 42, 26) (30, 22, 33, 31, 19) (6, 46, 9, 7, 43) (34, 25, 44, 23, 5) (10, 1, 20, 47, 29) (0, 8, 17, 11) (24, 32, 41, 35) (4, 21, 28, 45) "
"OP(6,5,5,5,5,3,3,3,3)",0,Solved,"0,1100"," (4t+2)","0,1148","(\infty, 29, 45, \infty, 21, 5) (44, 30, 17, 10, 28) (20, 6, 41, 34, 4) (47, 16, 37, 35, 9) (23, 40, 13, 11, 33) (1, 43, 42) (25, 19, 18) (22, 31, 0) (46, 7, 24) "
"OP(4,5,5,5,5,4,4,3,3)",0,Solved,"0,0470"," (4t+2)","0,0515","(\infty, 11, \infty, 35) (7, 6, 3, 9, 5) (31, 30, 27, 33, 29) (26, 13, 23, 8, 45) (2, 37, 47, 32, 21) (28, 16, 43, 12) (4, 40, 19, 36) (38, 10, 1) (14, 34, 25) "
"OP(6,5,5,4,4,4,4,3,3)",0,Solved,"0,0690"," (4t+2)","0,0733","(\infty, 16, 44, \infty, 20, 40) (18, 1, 5, 15, 34) (42, 25, 29, 39, 10) (45, 41, 19, 35) (21, 17, 43, 11) (0, 23, 4, 12) (24, 47, 28, 36) (46, 13, 3) (22, 37, 27) "
"OP(6,5,5,4,3,3,3,3,3,3)",0,Solved,"0,5560"," (4t+2)","0,5625","(\infty, 39, 35, \infty, 11, 15) (33, 6, 25, 2, 36) (9, 30, 1, 26, 12) (3, 29, 27, 5) (45, 34, 40) (21, 10, 16) (32, 44, 42) (8, 20, 18) (38, 43, 7) (14, 19, 31) "
"OP(4,5,5,4,4,4,4,4,4)",0,Solved,"0,0800"," (4t+2)","0,0837","(\infty, 38, \infty, 14) (1, 45, 2, 10, 43) (25, 21, 26, 34, 19) (12, 42, 31, 11) (36, 18, 7, 35) (16, 33, 17, 4) (40, 9, 41, 28) (39, 5, 27, 30) (15, 29, 3, 6) "
"OP(4,5,5,4,4,4,3,3,3,3)",0,Solved,"0,1130"," (4t+2)","0,1169","(\infty, 16, \infty, 40) (2, 17, 43, 15, 3) (26, 41, 19, 39, 27) (38, 4, 13, 9) (14, 28, 37, 33) (18, 1, 42, 25) (23, 7, 10) (47, 31, 34) (8, 21, 44) (32, 45, 20) "
"OP(4,5,5,3,3,3,3,3,3,3,3)",0,Solved,"0,0570"," (4t+2)","0,0628","(\infty, 13, \infty, 37) (6, 3, 9, 11, 46) (30, 27, 33, 35, 22) (4, 40, 17) (28, 16, 41) (7, 2, 20) (31, 26, 44) (0, 14, 15) (24, 38, 39) (18, 45, 1) (42, 21, 25) "
"OP(6,4,4,4,4,4,4,4,4)",0,Solved,"0,1560"," (4t+2)","0,1592","(\infty, 46, 18, \infty, 42, 22) (45, 13, 35, 17) (21, 37, 11, 41) (4, 14, 2, 8) (28, 38, 26, 32) (6, 5, 9, 23) (30, 29, 33, 47) (12, 0, 1, 16) (36, 24, 25, 40) "
"OP(6,4,4,4,4,4,3,3,3,3)",0,Solved,"0,1770"," (4t+2)","0,1819","(\infty, 42, 14, \infty, 38, 18) (21, 43, 16, 47) (45, 19, 40, 23) (0, 7, 13, 10) (24, 31, 37, 34) (6, 8, 30, 32) (2, 17, 5) (26, 41, 29) (15, 4, 22) (39, 28, 46) "
"OP(6,4,4,3,3,3,3,3,3,3,3)",0,Solved,"0,3230"," (4t+2)","0,3275","(\infty, 36, 28, \infty, 4, 12) (13, 47, 32, 16) (37, 23, 8, 40) (3, 30, 41) (27, 6, 17) (18, 29, 19) (42, 5, 43) (33, 21, 14) (9, 45, 38) (2, 0, 20) (26, 24, 44) "
"OP(4,4,4,4,4,4,4,4,3,3)",0,Solved,"0,1040"," (4t+2)","0,1076","(\infty, 47, \infty, 23) (17, 36, 27, 16) (41, 12, 3, 40) (29, 11, 46, 8) (5, 35, 22, 32) (21, 7, 33, 28) (45, 31, 9, 4) (0, 20, 24, 44) (15, 30, 14) (39, 6, 38) "
"OP(4,4,4,4,4,3,3,3,3,3,3)",0,Solved,"0,0560"," (4t+2)","0,0599","(\infty, 34, \infty, 10) (2, 20, 19, 8) (26, 44, 43, 32) (3, 11, 1, 6) (27, 35, 25, 30) (28, 37, 23) (4, 13, 47) (16, 41, 15) (40, 17, 39) (24, 9, 45) (0, 33, 21) "
"OP(4,4,3,3,3,3,3,3,3,3,3,3)",0,Solved,"0,0800"," (4t+2)","0,0843","(\infty, 13, \infty, 37) (11, 5, 35, 29) (44, 18, 34) (20, 42, 10) (17, 6, 16) (41, 30, 40) (3, 12, 7) (27, 36, 31) (24, 39, 47) (0, 15, 23) (33, 14, 21) (9, 38, 45) "
"OP(4,5,5,5,5,5,5,5,5,6)",0,Solved,"0,0570"," (4t+2)","0,0617","(\infty, 2, \infty, 26) (23, 36, 24, 28, 13) (47, 12, 0, 4, 37) (7, 10, 17, 22, 5) (31, 34, 41, 46, 29) (44, 33, 8, 16, 38) (20, 9, 32, 40, 14) (35, 6, 27, 18, 19) (11, 30, 3, 42, 43) (1, 15, 45, 25, 39, 21) "
"OP(6,6,5,5,5,5,5,5,4,4)",0,Solved,"0,1520"," (4t+2)","0,1568","(\infty, 4, 46, \infty, 22, 28) (8, 36, 25, 32, 12, 1) (6, 37, 29, 2, 35) (30, 13, 5, 26, 11) (16, 38, 41, 7, 3) (40, 14, 17, 31, 27) (45, 43, 44, 34, 9) (21, 19, 20, 10, 33) (24, 42, 47, 15) (0, 18, 23, 39) "
"OP(4,5,5,5,5,5,5,4,6,3,3)",0,Solved,"0,0560"," (4t+2)","0,0603","(\infty, 34, \infty, 10) (1, 46, 37, 20, 28) (25, 22, 13, 44, 4) (43, 24, 36, 41, 30) (19, 0, 12, 17, 6) (42, 9, 2, 40, 8) (18, 33, 26, 16, 32) (39, 38, 15, 14) (47, 45, 27, 23, 21, 3) (31, 5, 11) (7, 29, 35) "
"OP(6,6,5,5,5,5,4,4,4,3,3)",0,Solved,"0,2190"," (4t+2)","0,2224","(\infty, 29, 1, \infty, 25, 5) (44, 36, 46, 20, 12, 22) (4, 34, 2, 38, 31) (28, 10, 26, 14, 7) (43, 47, 33, 35, 40) (19, 23, 9, 11, 16) (37, 0, 39, 6) (13, 24, 15, 30) (42, 41, 18, 17) (3, 45, 32) (27, 21, 8) "
"OP(6,6,5,5,5,5,3,3,3,3,3,3)",0,Solved,"0,1950"," (4t+2)","0,1993","(\infty, 3, 47, \infty, 23, 27) (1, 41, 8, 25, 17, 32) (20, 6, 0, 16, 21) (44, 30, 24, 40, 45) (5, 2, 14, 43, 15) (29, 26, 38, 19, 39) (10, 12, 37) (34, 36, 13) (4, 22, 11) (28, 46, 35) (18, 31, 9) (42, 7, 33) "
"OP(4,5,5,5,5,4,4,4,4,4,6)",0,Solved,"0,0780"," (4t+2)","0,0818","(\infty, 14, \infty, 38) (1, 40, 41, 44, 27) (25, 16, 17, 20, 3) (34, 5, 42, 47, 26) (10, 29, 18, 23, 2) (28, 43, 8, 24) (4, 19, 32, 0) (35, 37, 30, 7) (11, 13, 6, 31) (36, 46, 12, 22) (9, 39, 45, 33, 15, 21) "
"OP(4,5,5,5,5,4,4,6,3,3,3,3)",0,Solved,"0,1520"," (4t+2)","0,1566","(\infty, 13, \infty, 37) (15, 9, 41, 12, 0) (39, 33, 17, 36, 24) (8, 1, 14, 45, 22) (32, 25, 38, 21, 46) (10, 47, 19, 40) (34, 23, 43, 16) (20, 42, 4, 44, 18, 28) (5, 6, 3) (29, 30, 27) (2, 7, 11) (26, 31, 35) "
"OP(6,6,5,5,4,4,4,4,4,4,4)",0,Solved,"0,6150"," (4t+2)","0,6205","(\infty, 22, 38, \infty, 14, 46) (23, 1, 30, 47, 25, 6) (10, 15, 17, 3, 7) (34, 39, 41, 27, 31) (12, 13, 0, 20) (36, 37, 24, 44) (4, 40, 2, 43) (28, 16, 26, 19) (8, 33, 18, 45) (32, 9, 42, 21) (5, 11, 29, 35) "
"OP(6,6,5,5,4,4,4,4,3,3,3,3)",0,Solved,"0,3170"," (4t+2)","0,3209","(\infty, 32, 18, \infty, 42, 8) (2, 1, 37, 26, 25, 13) (17, 33, 46, 44, 39) (41, 9, 22, 20, 15) (0, 31, 4, 45) (24, 7, 28, 21) (5, 14, 43, 47) (29, 38, 19, 23) (36, 3, 11) (12, 27, 35) (10, 40, 30) (34, 16, 6) "
"OP(6,6,5,5,4,3,3,3,3,3,3,3,3)",0,Solved,"0,0810"," (4t+2)","0,0856","(\infty, 13, 45, \infty, 21, 37) (1, 6, 43, 25, 30, 19) (11, 14, 7, 17, 40) (35, 38, 31, 41, 16) (0, 15, 24, 39) (10, 12, 4) (34, 36, 28) (23, 2, 3) (47, 26, 27) (9, 22, 5) (33, 46, 29) (8, 42, 20) (32, 18, 44) "
"OP(4,5,5,4,4,4,4,4,4,6,3,3)",0,Solved,"0,1030"," (4t+2)","0,1066","(\infty, 1, \infty, 25) (16, 45, 9, 2, 7) (40, 21, 33, 26, 31) (15, 46, 11, 41) (39, 22, 35, 17) (19, 47, 10, 44) (43, 23, 34, 20) (13, 5, 8, 12) (37, 29, 32, 36) (6, 4, 14, 30, 28, 38) (24, 18, 3) (0, 42, 27) "
"OP(4,5,5,4,4,4,6,3,3,3,3,3,3)",0,Solved,"0,0590"," (4t+2)","0,0637","(\infty, 43, \infty, 19) (38, 35, 6, 33, 3) (14, 11, 30, 9, 27) (36, 34, 44, 24) (12, 10, 20, 0) (45, 37, 21, 13) (31, 46, 29, 7, 22, 5) (39, 28, 32) (15, 4, 8) (41, 47, 42) (17, 23, 18) (1, 40, 26) (25, 16, 2) "
"OP(4,5,5,6,3,3,3,3,3,3,3,3,3,3)",0,Solved,"0,0950"," (4t+2)","0,0997","(\infty, 44, \infty, 20) (15, 21, 17, 32, 2) (39, 45, 41, 8, 26) (18, 6, 1, 42, 30, 25) (0, 11, 34) (24, 35, 10) (40, 13, 23) (16, 37, 47) (3, 4, 12) (27, 28, 36) (19, 38, 22) (43, 14, 46) (9, 7, 29) (33, 31, 5) "
"OP(6,6,4,4,4,4,4,4,4,4,3,3)",0,Solved,"0,1900"," (4t+2)","0,1948","(\infty, 43, 15, \infty, 39, 19) (10, 35, 21, 34, 11, 45) (23, 40, 14, 44) (47, 16, 38, 20) (18, 6, 17, 33) (42, 30, 41, 9) (5, 12, 8, 0) (29, 36, 32, 24) (2, 1, 7, 4) (26, 25, 31, 28) (3, 22, 13) (27, 46, 37) "
"OP(6,6,4,4,4,4,4,3,3,3,3,3,3)",0,Solved,"0,3120"," (4t+2)","0,3158","(\infty, 4, 0, \infty, 24, 28) (23, 9, 15, 47, 33, 39) (2, 14, 41, 13) (26, 38, 17, 37) (19, 34, 16, 45) (43, 10, 40, 21) (22, 5, 46, 29) (12, 20, 11) (36, 44, 35) (6, 1, 3) (30, 25, 27) (8, 18, 31) (32, 42, 7) "
"OP(6,6,4,4,3,3,3,3,3,3,3,3,3,3)",0,Solved,"0,0410"," (4t+2)","0,0454","(\infty, 6, 18, \infty, 42, 30) (23, 17, 25, 47, 41, 1) (19, 38, 33, 3) (43, 14, 9, 27) (24, 22, 31) (0, 46, 7) (45, 28, 8) (21, 4, 32) (26, 5, 39) (2, 29, 15) (40, 36, 37) (16, 12, 13) (44, 11, 34) (20, 35, 10) "
"OP(4,4,4,4,4,4,4,4,4,4,4,6)",0,Solved,"0,0440"," (4t+2)","0,0483","(\infty, 1, \infty, 25) (8, 3, 5, 2) (32, 27, 29, 26) (0, 10, 11, 4) (24, 34, 35, 28) (6, 36, 23, 14) (30, 12, 47, 38) (18, 33, 19, 7) (42, 9, 43, 31) (40, 13, 45, 17) (16, 37, 21, 41) (15, 44, 22, 39, 20, 46) "
"OP(4,4,4,4,4,4,4,4,6,3,3,3,3)",0,Solved,"0,1200"," (4t+2)","0,1238","(\infty, 35, \infty, 11) (4, 5, 47, 2) (28, 29, 23, 26) (19, 31, 9, 39) (43, 7, 33, 15) (0, 10, 1, 8) (24, 34, 25, 32) (37, 18, 13, 42) (46, 21, 38, 22, 45, 14) (40, 3, 36) (16, 27, 12) (30, 17, 44) (6, 41, 20) "
"OP(4,4,4,4,4,6,3,3,3,3,3,3,3,3)",0,Solved,"0,1230"," (4t+2)","0,1271","(\infty, 29, \infty, 5) (37, 3, 34, 19) (13, 27, 10, 43) (15, 41, 12, 16) (39, 17, 36, 40) (30, 20, 14, 6, 44, 38) (7, 18, 46) (31, 42, 22) (35, 0, 32) (11, 24, 8) (4, 45, 9) (28, 21, 33) (23, 25, 2) (47, 1, 26) "
"OP(4,4,6,3,3,3,3,3,3,3,3,3,3,3,3)",0,Solved,"0,0910"," (4t+2)","0,0948","(\infty, 14, \infty, 38) (3, 9, 27, 33) (44, 45, 8, 20, 21, 32) (31, 39, 17) (7, 15, 41) (10, 43, 23) (34, 19, 47) (11, 40, 36) (35, 16, 12) (22, 6, 13) (46, 30, 37) (18, 1, 28) (42, 25, 4) (2, 0, 5) (26, 24, 29) "
"OP(4,6,6,6,6,6,6)",0,Solved,"0,0490"," (4t+2)","0,0532","(\infty, 8, \infty, 32) (36, 44, 31, 30, 37, 47) (12, 20, 7, 6, 13, 23) (46, 24, 27, 18, 1, 21) (22, 0, 3, 42, 25, 45) (39, 10, 14, 16, 4, 9) (15, 34, 38, 40, 28, 33) "
"OP(6,6,6,6,6,6,6,4,4)",0,Solved,"0,0460"," (4t+2)","0,0502","(\infty, 10, 36, \infty, 12, 34) (33, 15, 18, 35, 40, 29) (9, 39, 42, 11, 16, 5) (44, 43, 24, 37, 46, 6) (20, 19, 0, 13, 22, 30) (8, 14, 2, 23, 7, 41) (32, 38, 26, 47, 31, 17) (45, 25, 27, 4) (21, 1, 3, 28) "
"OP(6,5,5,6,6,6,6,6,4)",0,Solved,"0,0500"," (4t+2)","0,0539","(\infty, 20, 36, \infty, 12, 44) (45, 35, 24, 19, 33) (21, 11, 0, 43, 9) (17, 47, 5, 46, 38, 16) (41, 23, 29, 22, 14, 40) (7, 30, 34, 37, 39, 26) (31, 6, 10, 13, 15, 2) (28, 8, 25, 4, 32, 1) (42, 27, 18, 3) "
"OP(4,6,6,6,6,6,3,3)",0,Solved,"0,1380"," (4t+2)","0,1425","(\infty, 12, \infty, 36) (8, 16, 15, 2, 22, 11) (32, 40, 39, 26, 46, 35) (23, 6, 13, 45, 18, 0) (47, 30, 37, 21, 42, 24) (14, 4, 9, 38, 28, 33) (10, 43, 17) (34, 19, 41) "
"OP(6,6,6,6,6,6,4,4,3,3)",0,Solved,"0,0590"," (4t+2)","0,0635","(\infty, 2, 4, \infty, 28, 26) (6, 7, 14, 22, 10, 16) (30, 31, 38, 46, 34, 40) (27, 18, 41, 9, 23, 45) (3, 42, 17, 33, 47, 21) (36, 15, 43, 12, 39, 19) (11, 0, 13, 8) (35, 24, 37, 32) (1, 20, 5) (25, 44, 29) "
"OP(6,5,5,6,6,6,6,5,5)",0,Solved,"0,0490"," (4t+2)","0,0530","(\infty, 4, 24, \infty, 0, 28) (8, 16, 19, 2, 9) (32, 40, 43, 26, 33) (38, 36, 22, 7, 23, 27) (14, 12, 46, 31, 47, 3) (6, 41, 18, 44, 15, 45) (30, 17, 42, 20, 39, 21) (11, 5, 10, 37, 1) (35, 29, 34, 13, 25) "
"OP(6,5,5,6,6,6,6,4,3,3)",0,Solved,"0,1000"," (4t+2)","0,1047","(\infty, 35, 43, \infty, 19, 11) (33, 6, 32, 44, 42) (9, 30, 8, 20, 18) (27, 37, 24, 40, 41, 47) (3, 13, 0, 16, 17, 23) (4, 34, 38, 31, 46, 29) (28, 10, 14, 7, 22, 5) (26, 45, 2, 21) (39, 25, 36) (15, 1, 12) "
"OP(4,6,6,6,6,4,4,4)",0,Solved,"0,1260"," (4t+2)","0,1316","(\infty, 22, \infty, 46) (7, 6, 2, 43, 4, 9) (31, 30, 26, 19, 28, 33) (37, 5, 8, 16, 34, 20) (13, 29, 32, 40, 10, 44) (11, 23, 1, 21) (35, 47, 25, 45) (14, 3, 38, 27) "
"OP(4,6,6,6,6,3,3,3,3)",0,Solved,"0,0900"," (4t+2)","0,0946","(\infty, 32, \infty, 8) (41, 39, 5, 31, 34, 9) (17, 15, 29, 7, 10, 33) (6, 24, 44, 25, 40, 27) (30, 0, 20, 1, 16, 3) (35, 43, 4) (11, 19, 28) (46, 42, 26) (22, 18, 2) "
"OP(6,6,6,6,6,4,4,4,4,4)",0,Solved,"0,2580"," (4t+2)","0,2616","(\infty, 1, 3, \infty, 27, 25) (22, 36, 0, 20, 10, 45) (46, 12, 24, 44, 34, 21) (8, 14, 43, 42, 9, 4) (32, 38, 19, 18, 33, 28) (15, 7, 16, 47) (39, 31, 40, 23) (17, 35, 13, 6) (41, 11, 37, 30) (5, 2, 29, 26) "
"OP(6,6,6,6,6,4,4,3,3,3,3)",0,Solved,"0,0400"," (4t+2)","0,0437","(\infty, 42, 14, \infty, 38, 18) (17, 5, 3, 11, 21, 34) (41, 29, 27, 35, 45, 10) (4, 0, 9, 16, 30, 1) (28, 24, 33, 40, 6, 25) (43, 20, 46, 13) (19, 44, 22, 37) (2, 7, 8) (26, 31, 32) (12, 39, 23) (36, 15, 47) "
"OP(6,5,5,6,6,6,5,5,3,3)",0,Solved,"0,1500"," (4t+2)","0,1532","(\infty, 14, 34, \infty, 10, 38) (12, 16, 3, 45, 2) (36, 40, 27, 21, 26) (6, 43, 25, 46, 17, 18) (30, 19, 1, 22, 41, 42) (4, 29, 31, 28, 5, 7) (0, 8, 15, 47, 33) (24, 32, 39, 23, 9) (44, 13, 35) (20, 37, 11) "
"OP(4,6,6,6,5,5,4,4)",0,Solved,"0,0480"," (4t+2)","0,0520","(\infty, 22, \infty, 46) (18, 34, 19, 40, 9, 37) (42, 10, 43, 16, 33, 13) (14, 3, 15, 38, 27, 39) (4, 7, 11, 1, 2) (28, 31, 35, 25, 26) (21, 8, 17, 47) (45, 32, 41, 23) "
"OP(6,5,5,6,6,6,4,4,4,4)",0,Solved,"0,0700"," (4t+2)","0,0740","(\infty, 13, 39, \infty, 15, 37) (12, 3, 40, 26, 47) (36, 27, 16, 2, 23) (19, 0, 20, 38, 6, 7) (43, 24, 44, 14, 30, 31) (1, 4, 10, 25, 28, 34) (41, 46, 5, 45) (17, 22, 29, 21) (33, 8, 18, 35) (9, 32, 42, 11) "
"OP(6,5,5,6,6,6,4,3,3,3,3)",0,Solved,"0,2030"," (4t+2)","0,2074","(\infty, 1, 7, \infty, 31, 25) (11, 20, 34, 3, 4) (35, 44, 10, 27, 28) (9, 46, 18, 45, 2, 38) (33, 22, 42, 21, 26, 14) (47, 43, 5, 23, 19, 29) (16, 0, 40, 24) (15, 37, 12) (39, 13, 36) (6, 8, 41) (30, 32, 17) "
"OP(4,6,6,6,4,4,4,3,3)",0,Solved,"0,1590"," (4t+2)","0,1631","(\infty, 39, \infty, 15) (40, 24, 20, 9, 14, 1) (16, 0, 44, 33, 38, 25) (11, 4, 7, 35, 28, 31) (2, 19, 46, 21) (26, 43, 22, 45) (3, 13, 27, 37) (8, 23, 17) (32, 47, 41) "
"OP(4,6,6,6,3,3,3,3,3,3)",0,Solved,"0,1340"," (4t+2)","0,1384","(\infty, 15, \infty, 39) (40, 14, 43, 23, 46, 13) (16, 38, 19, 47, 22, 37) (42, 10, 1, 18, 34, 25) (9, 2, 12) (33, 26, 36) (4, 6, 20) (28, 30, 44) (7, 8, 3) (31, 32, 27) "
"OP(6,6,6,6,4,4,4,4,4,3,3)",0,Solved,"0,1490"," (4t+2)","0,1533","(\infty, 47, 45, \infty, 21, 23) (37, 24, 5, 39, 32, 6) (13, 0, 29, 15, 8, 30) (7, 3, 26, 31, 27, 2) (38, 10, 40, 28) (14, 34, 16, 4) (46, 43, 44, 35) (22, 19, 20, 11) (41, 1, 17, 25) (36, 42, 9) (12, 18, 33) "
"OP(6,6,6,6,4,4,3,3,3,3,3,3)",0,Solved,"0,1250"," (4t+2)","0,1313","(\infty, 18, 40, \infty, 16, 42) (7, 21, 3, 11, 34, 19) (31, 45, 27, 35, 10, 43) (20, 14, 15, 44, 38, 39) (12, 28, 8, 17) (36, 4, 32, 41) (0, 13, 2) (24, 37, 26) (23, 33, 30) (47, 9, 6) (5, 22, 1) (29, 46, 25) "
"OP(4,6,6,5,5,5,5,4)",0,Solved,"0,0490"," (4t+2)","0,0525","(\infty, 1, \infty, 25) (8, 18, 9, 40, 26, 0) (32, 42, 33, 16, 2, 24) (39, 19, 35, 30, 27) (15, 43, 11, 6, 3) (5, 7, 13, 28, 46) (29, 31, 37, 4, 22) (45, 20, 21, 44) "
"OP(6,5,5,6,6,5,5,4,4,4)",0,Solved,"0,2630"," (4t+2)","0,2668","(\infty, 11, 7, \infty, 31, 35) (1, 0, 32, 34, 37) (25, 24, 8, 10, 13) (45, 5, 47, 12, 38, 17) (21, 29, 23, 36, 14, 41) (20, 3, 46, 39, 2) (44, 27, 22, 15, 26) (19, 42, 9, 28) (43, 18, 33, 4) (6, 40, 30, 16) "
"OP(6,5,5,6,6,5,5,3,3,3,3)",0,Solved,"0,1000"," (4t+2)","0,1031","(\infty, 43, 17, \infty, 41, 19) (7, 4, 2, 1, 11) (31, 28, 26, 25, 35) (27, 14, 5, 0, 6, 13) (3, 38, 29, 24, 30, 37) (47, 20, 39, 21, 36) (23, 44, 15, 45, 12) (42, 10, 22) (18, 34, 46) (16, 8, 33) (40, 32, 9) "
"OP(4,6,6,5,5,4,4,3,3)",0,Solved,"0,0650"," (4t+2)","0,0690","(\infty, 4, \infty, 28) (5, 12, 17, 33, 22, 13) (29, 36, 41, 9, 46, 37) (6, 10, 0, 2, 3) (30, 34, 24, 26, 27) (14, 40, 19, 42) (38, 16, 43, 18) (8, 39, 21) (32, 15, 45) "
"OP(6,5,5,6,6,4,4,4,4,3,3)",0,Solved,"0,0960"," (4t+2)","0,1010","(\infty, 22, 4, \infty, 28, 46) (43, 12, 16, 39, 45) (19, 36, 40, 15, 21) (44, 9, 37, 30, 38, 1) (20, 33, 13, 6, 14, 25) (3, 17, 8, 18) (27, 41, 32, 42) (35, 34, 7, 23) (11, 10, 31, 47) (26, 29, 0) (2, 5, 24) "
"OP(6,5,5,6,6,4,3,3,3,3,3,3)",0,Solved,"0,2730"," (4t+2)","0,2760","(\infty, 24, 40, \infty, 16, 0) (26, 38, 17, 47, 34) (2, 14, 41, 23, 10) (42, 28, 8, 37, 33, 31) (18, 4, 32, 13, 9, 7) (36, 35, 12, 11) (1, 44, 27) (25, 20, 3) (39, 30, 45) (15, 6, 21) (5, 46, 43) (29, 22, 19) "
"OP(4,6,6,4,4,4,4,4,4)",0,Solved,"0,0350"," (4t+2)","0,0394","(\infty, 21, \infty, 45) (44, 13, 5, 3, 9, 10) (20, 37, 29, 27, 33, 34) (7, 4, 0, 16) (31, 28, 24, 40) (18, 6, 1, 8) (42, 30, 25, 32) (17, 35, 15, 2) (41, 11, 39, 26) "
"OP(4,6,6,4,4,4,3,3,3,3)",0,Solved,"0,1480"," (4t+2)","0,1530","(\infty, 33, \infty, 9) (0, 38, 21, 3, 8, 36) (24, 14, 45, 27, 32, 12) (39, 23, 42, 43) (15, 47, 18, 19) (41, 6, 17, 30) (1, 35, 10) (25, 11, 34) (37, 40, 29) (13, 16, 5) "
"OP(4,6,6,3,3,3,3,3,3,3,3)",0,Solved,"0,0920"," (4t+2)","0,0954","(\infty, 14, \infty, 38) (20, 2, 8, 15, 41, 7) (44, 26, 32, 39, 17, 31) (35, 43, 45) (11, 19, 21) (29, 12, 10) (5, 36, 34) (13, 25, 42) (37, 1, 18) (23, 22, 9) (47, 46, 33) "
"OP(6,6,6,4,4,4,4,4,4,4,4)",0,Solved,"0,1510"," (4t+2)","0,1546","(\infty, 46, 18, \infty, 42, 22) (45, 13, 35, 17, 4, 14) (21, 37, 11, 41, 28, 38) (2, 8, 6, 5) (26, 32, 30, 29) (9, 23, 12, 0) (33, 47, 36, 24) (1, 16, 43, 20) (25, 40, 19, 44) (10, 3, 7, 15) (34, 27, 31, 39) "
"OP(6,6,6,4,4,4,4,4,3,3,3,3)",0,Solved,"0,1810"," (4t+2)","0,1843","(\infty, 42, 14, \infty, 38, 18) (21, 43, 16, 47, 0, 7) (45, 19, 40, 23, 24, 31) (13, 10, 6, 8) (37, 34, 30, 32) (2, 17, 5, 15) (26, 41, 29, 39) (4, 22, 28, 46) (20, 9, 1) (44, 33, 25) (35, 12, 3) (11, 36, 27) "
"OP(6,6,6,4,4,3,3,3,3,3,3,3,3)",0,Solved,"0,3220"," (4t+2)","0,3262","(\infty, 36, 28, \infty, 4, 12) (13, 47, 32, 16, 3, 30) (37, 23, 8, 40, 27, 6) (41, 18, 29, 19) (17, 42, 5, 43) (33, 21, 14) (9, 45, 38) (2, 0, 20) (26, 24, 44) (46, 7, 1) (22, 31, 25) (10, 11, 15) (34, 35, 39) "
"OP(4,6,5,5,5,5,5,5)",0,Solved,"0,1430"," (4t+2)","0,1467","(\infty, 19, \infty, 43) (5, 40, 22, 29, 16, 46) (17, 21, 13, 12, 1) (41, 45, 37, 36, 25) (10, 30, 47, 8, 35) (34, 6, 23, 32, 11) (28, 42, 9, 7, 2) (4, 18, 33, 31, 26) "
"OP(6,5,5,6,5,5,5,5,4,4)",0,Solved,"0,0770"," (4t+2)","0,0802","(\infty, 26, 34, \infty, 10, 2) (36, 5, 37, 28, 1) (12, 29, 13, 4, 25) (43, 39, 33, 19, 15, 9) (27, 38, 31, 8, 46) (3, 14, 7, 32, 22) (41, 40, 42, 24, 44) (17, 16, 18, 0, 20) (47, 11, 6, 21) (23, 35, 30, 45) "
"OP(4,6,5,5,5,5,4,3,3)",0,Solved,"0,0600"," (4t+2)","0,0639","(\infty, 20, \infty, 44) (43, 7, 17, 19, 31, 41) (5, 0, 15, 33, 34) (29, 24, 39, 9, 10) (42, 14, 45, 6, 28) (18, 38, 21, 30, 4) (35, 3, 11, 27) (26, 13, 16) (2, 37, 40) "
"OP(6,5,5,6,5,5,4,4,4,3,3)",0,Solved,"0,2250"," (4t+2)","0,2288","(\infty, 40, 2, \infty, 26, 16) (18, 3, 38, 43, 22) (42, 27, 14, 19, 46) (5, 35, 4, 29, 11, 28) (47, 6, 0, 20, 8) (23, 30, 24, 44, 32) (41, 15, 13, 12) (17, 39, 37, 36) (9, 1, 33, 25) (21, 7, 10) (45, 31, 34) "
"OP(6,5,5,6,5,5,3,3,3,3,3,3)",0,Solved,"0,1670"," (4t+2)","0,1705","(\infty, 2, 4, \infty, 28, 26) (17, 7, 3, 0, 8) (41, 31, 27, 24, 32) (46, 14, 45, 22, 38, 21) (16, 34, 15, 37, 9) (40, 10, 39, 13, 33) (6, 1, 12) (30, 25, 36) (5, 18, 19) (29, 42, 43) (11, 44, 23) (35, 20, 47) "
"OP(4,6,5,5,4,4,4,4,4)",0,Solved,"0,2260"," (4t+2)","0,2305","(\infty, 17, \infty, 41) (46, 15, 47, 22, 39, 23) (42, 20, 33, 3, 14) (18, 44, 9, 27, 38) (16, 37, 4, 6) (40, 13, 28, 30) (1, 7, 11, 10) (25, 31, 35, 34) (2, 21, 26, 45) "
"OP(4,6,5,5,4,4,3,3,3,3)",0,Solved,"0,1670"," (4t+2)","0,1706","(\infty, 15, \infty, 39) (6, 11, 17, 30, 35, 41) (2, 5, 4, 12, 38) (26, 29, 28, 36, 14) (40, 10, 8, 23) (16, 34, 32, 47) (9, 0, 19) (33, 24, 43) (3, 13, 21) (27, 37, 45) "
"OP(6,5,5,6,4,4,4,4,4,4,4)",0,Solved,"0,3240"," (4t+2)","0,3277","(\infty, 9, 23, \infty, 47, 33) (19, 7, 22, 6, 2) (43, 31, 46, 30, 26) (12, 21, 1, 36, 45, 25) (13, 8, 0, 10) (37, 32, 24, 34) (41, 14, 44, 15) (17, 38, 20, 39) (18, 11, 5, 16) (42, 35, 29, 40) (4, 3, 28, 27) "
"OP(6,5,5,6,4,4,4,4,3,3,3,3)",0,Solved,"0,0810"," (4t+2)","0,0852","(\infty, 22, 2, \infty, 26, 46) (45, 10, 47, 8, 11) (21, 34, 23, 32, 35) (41, 0, 12, 17, 24, 36) (1, 20, 3, 9) (25, 44, 27, 33) (7, 5, 4, 37) (31, 29, 28, 13) (42, 15, 19) (18, 39, 43) (38, 16, 6) (14, 40, 30) "
"OP(6,5,5,6,4,3,3,3,3,3,3,3,3)",0,Solved,"0,2830"," (4t+2)","0,2866","(\infty, 24, 14, \infty, 38, 0) (2, 8, 44, 4, 33) (26, 32, 20, 28, 9) (35, 40, 39, 11, 16, 15) (46, 43, 22, 19) (47, 36, 34) (23, 12, 10) (41, 37, 7) (17, 13, 31) (6, 29, 45) (30, 5, 21) (1, 42, 27) (25, 18, 3) "
"OP(4,6,4,4,4,4,4,4,3,3)",0,Solved,"0,0630"," (4t+2)","0,0662","(\infty, 42, \infty, 18) (36, 47, 33, 12, 23, 9) (30, 4, 34, 40) (6, 28, 10, 16) (35, 39, 31, 38) (11, 15, 7, 14) (46, 27, 32, 45) (22, 3, 8, 21) (1, 24, 44) (25, 0, 20) "
"OP(4,6,4,4,4,3,3,3,3,3,3)",0,Solved,"0,0910"," (4t+2)","0,0953","(\infty, 40, \infty, 16) (11, 8, 6, 35, 32, 30) (10, 37, 1, 9) (34, 13, 25, 33) (3, 12, 27, 36) (17, 45, 22) (41, 21, 46) (0, 7, 20) (24, 31, 44) (4, 38, 42) (28, 14, 18) "
"OP(4,6,3,3,3,3,3,3,3,3,3,3)",0,Solved,"0,1730"," (4t+2)","0,1761","(\infty, 39, \infty, 15) (34, 43, 41, 10, 19, 17) (0, 36, 47) (24, 12, 23) (31, 4, 44) (7, 28, 20) (26, 45, 40) (2, 21, 16) (27, 37, 46) (3, 13, 22) (38, 32, 9) (14, 8, 33) "
"OP(6,6,4,4,4,4,4,4,4,4,3,3)",0,Solved,"0,1870"," (4t+2)","0,1923","(\infty, 43, 15, \infty, 39, 19) (10, 35, 21, 34, 11, 45) (23, 40, 14, 44) (47, 16, 38, 20) (18, 6, 17, 33) (42, 30, 41, 9) (5, 12, 8, 0) (29, 36, 32, 24) (2, 1, 7, 4) (26, 25, 31, 28) (3, 22, 13) (27, 46, 37) "
"OP(6,6,4,4,4,4,4,3,3,3,3,3,3)",0,Solved,"0,3110"," (4t+2)","0,3170","(\infty, 4, 0, \infty, 24, 28) (23, 9, 15, 47, 33, 39) (2, 14, 41, 13) (26, 38, 17, 37) (19, 34, 16, 45) (43, 10, 40, 21) (22, 5, 46, 29) (12, 20, 11) (36, 44, 35) (6, 1, 3) (30, 25, 27) (8, 18, 31) (32, 42, 7) "
"OP(6,6,4,4,3,3,3,3,3,3,3,3,3,3)",0,Solved,"0,0440"," (4t+2)","0,0477","(\infty, 6, 18, \infty, 42, 30) (23, 17, 25, 47, 41, 1) (19, 38, 33, 3) (43, 14, 9, 27) (24, 22, 31) (0, 46, 7) (45, 28, 8) (21, 4, 32) (26, 5, 39) (2, 29, 15) (40, 36, 37) (16, 12, 13) (44, 11, 34) (20, 35, 10) "
"OP(6,5,5,5,5,5,5,5,5,4)",0,Solved,"0,0630"," (4t+2)","0,0666","(\infty, 36, 6, \infty, 30, 12) (32, 39, 28, 0, 34) (8, 15, 4, 24, 10) (42, 33, 46, 25, 2) (18, 9, 22, 1, 26) (47, 37, 38, 7, 43) (23, 13, 14, 31, 19) (29, 44, 41, 35, 3) (5, 20, 17, 11, 27) (45, 40, 21, 16) "
"OP(4,5,5,5,5,5,5,3,3)",0,Solved,"0,0540"," (4t+2)","0,0583","(\infty, 14, \infty, 38) (13, 3, 4, 15, 10) (37, 27, 28, 39, 34) (2, 6, 29, 1, 20) (26, 30, 5, 25, 44) (9, 43, 17, 8, 40) (33, 19, 41, 32, 16) (0, 46, 11) (24, 22, 35) "
"OP(6,5,5,5,5,5,5,4,4,3,3)",0,Solved,"0,1820"," (4t+2)","0,1851","(\infty, 24, 8, \infty, 32, 0) (6, 35, 38, 5, 7) (30, 11, 14, 29, 31) (19, 26, 34, 28, 15) (43, 2, 10, 4, 39) (18, 44, 23, 37, 1) (42, 20, 47, 13, 25) (9, 27, 36, 46) (33, 3, 12, 22) (16, 21, 41) (40, 45, 17) "
"OP(4,5,5,5,5,4,4,4,4)",0,Solved,"0,1280"," (4t+2)","0,1323","(\infty, 20, \infty, 44) (7, 10, 37, 6, 0) (31, 34, 13, 30, 24) (3, 5, 4, 22, 18) (27, 29, 28, 46, 42) (23, 12, 2, 11) (47, 36, 26, 35) (9, 14, 43, 17) (33, 38, 19, 41) "
"OP(4,5,5,5,5,4,3,3,3,3)",0,Solved,"0,2170"," (4t+2)","0,2225","(\infty, 34, \infty, 10) (46, 4, 31, 8, 0) (22, 28, 7, 32, 24) (35, 40, 3, 6, 39) (11, 16, 27, 30, 15) (5, 43, 29, 19) (37, 17, 36) (13, 41, 12) (23, 1, 14) (47, 25, 38) "
"OP(6,5,5,5,5,4,4,4,4,4,4)",0,Solved,"0,0460"," (4t+2)","0,0495","(\infty, 13, 27, \infty, 3, 37) (36, 43, 28, 38, 33) (12, 19, 4, 14, 9) (2, 20, 22, 31, 30) (26, 44, 46, 7, 6) (15, 32, 40, 34) (39, 8, 16, 10) (29, 25, 41, 18) (5, 1, 17, 42) (47, 21, 0, 35) (23, 45, 24, 11) "
"OP(6,5,5,5,5,4,4,4,3,3,3,3)",0,Solved,"0,1160"," (4t+2)","0,1199","(\infty, 22, 10, \infty, 34, 46) (40, 5, 14, 42, 13) (16, 29, 38, 18, 37) (4, 0, 7, 23, 6) (28, 24, 31, 47, 30) (9, 12, 45, 20) (33, 36, 21, 44) (15, 1, 39, 25) (2, 3, 8) (26, 27, 32) (19, 41, 11) (43, 17, 35) "
"OP(6,5,5,5,5,3,3,3,3,3,3,3,3)",0,Solved,"0,0780"," (4t+2)","0,0816","(\infty, 14, 16, \infty, 40, 38) (7, 23, 6, 15, 2) (31, 47, 30, 39, 26) (42, 13, 41, 19, 5) (18, 37, 17, 43, 29) (4, 22, 1) (28, 46, 25) (3, 9, 10) (27, 33, 34) (8, 12, 0) (32, 36, 24) (21, 11, 44) (45, 35, 20) "
"OP(4,5,5,4,4,4,4,4,3,3)",0,Solved,"0,0590"," (4t+2)","0,0622","(\infty, 3, \infty, 27) (4, 5, 7, 13, 17) (28, 29, 31, 37, 41) (46, 10, 1, 20) (22, 34, 25, 44) (26, 11, 8, 15) (2, 35, 32, 39) (23, 9, 47, 33) (6, 36, 19) (30, 12, 43) "
"OP(4,5,5,4,4,3,3,3,3,3,3)",0,Solved,"0,0610"," (4t+2)","0,0669","(\infty, 10, \infty, 34) (12, 7, 3, 22, 45) (36, 31, 27, 46, 21) (1, 15, 2, 4) (25, 39, 26, 28) (20, 47, 9) (44, 23, 33) (40, 8, 0) (16, 32, 24) (11, 18, 6) (35, 42, 30) "
"OP(6,5,5,4,4,4,4,4,4,4,3,3)",0,Solved,"0,1850"," (4t+2)","0,1908","(\infty, 29, 37, \infty, 13, 5) (40, 44, 2, 0, 10) (16, 20, 26, 24, 34) (46, 41, 15, 1) (22, 17, 39, 25) (43, 42, 27, 7) (19, 18, 3, 31) (35, 4, 33, 8) (11, 28, 9, 32) (12, 23, 36, 47) (45, 38, 6) (21, 14, 30) "
"OP(6,5,5,4,4,4,4,3,3,3,3,3,3)",0,Solved,"0,1060"," (4t+2)","0,1110","(\infty, 21, 7, \infty, 31, 45) (10, 12, 39, 11, 23) (34, 36, 15, 35, 47) (17, 27, 42, 16) (41, 3, 18, 40) (1, 20, 4, 46) (25, 44, 28, 22) (6, 14, 37) (30, 38, 13) (19, 8, 26) (43, 32, 2) (5, 0, 9) (29, 24, 33) "
"OP(6,5,5,4,3,3,3,3,3,3,3,3,3,3)",0,Solved,"0,3060"," (4t+2)","0,3105","(\infty, 41, 29, \infty, 5, 17) (45, 37, 6, 28, 43) (21, 13, 30, 4, 19) (38, 32, 14, 8) (3, 47, 2) (27, 23, 26) (35, 7, 42) (11, 31, 18) (1, 24, 40) (25, 0, 16) (46, 9, 36) (22, 33, 12) (39, 44, 10) (15, 20, 34) "
"OP(4,4,4,4,4,4,4,4,4,4)",0,Solved,"0,0670"," (4t+2)","0,0707","(\infty, 30, \infty, 6) (38, 33, 1, 32) (14, 9, 25, 8) (39, 41, 26, 47) (15, 17, 2, 23) (35, 44, 37, 24) (11, 20, 13, 0) (46, 34, 4, 27) (22, 10, 28, 3) (40, 36, 16, 12) "
"OP(4,4,4,4,4,4,4,3,3,3,3)",0,Solved,"0,0770"," (4t+2)","0,0808","(\infty, 35, \infty, 11) (30, 44, 33, 2) (6, 20, 9, 26) (1, 46, 3, 24) (25, 22, 27, 0) (37, 28, 32, 45) (13, 4, 8, 21) (42, 12, 41) (18, 36, 17) (34, 40, 15) (10, 16, 39) "
"OP(4,4,4,4,3,3,3,3,3,3,3,3)",0,Solved,"0,0830"," (4t+2)","0,0873","(\infty, 17, \infty, 41) (8, 44, 15, 0) (32, 20, 39, 24) (6, 3, 30, 27) (16, 10, 45) (40, 34, 21) (14, 42, 23) (38, 18, 47) (46, 7, 4) (22, 31, 28) (9, 11, 12) (33, 35, 36) "
"OP(4,3,3,3,3,3,3,3,3,3,3,3,3)",0,Solved,"0,1170"," (4t+2)","0,1213","(\infty, 38, \infty, 14) (13, 11, 8) (37, 35, 32) (24, 20, 21) (0, 44, 45) (41, 33, 10) (17, 9, 34) (15, 40, 12) (39, 16, 36) (2, 23, 5) (26, 47, 29) (22, 31, 19) (46, 7, 43) "
"OP(6,4,4,4,4,4,4,4,4,4,4,4)",0,Solved,"0,0440"," (4t+2)","0,0481","(\infty, 7, 23, \infty, 47, 31) (12, 5, 42, 16) (36, 29, 18, 40) (3, 1, 21, 2) (27, 25, 45, 26) (0, 10, 22, 8) (24, 34, 46, 32) (41, 14, 11, 6) (17, 38, 35, 30) (13, 44, 19, 4) (37, 20, 43, 28) (9, 15, 33, 39) "
"OP(6,4,4,4,4,4,4,4,4,3,3,3,3)",0,Solved,"0,1370"," (4t+2)","0,1405","(\infty, 11, 5, \infty, 29, 35) (10, 9, 13, 40) (34, 33, 37, 16) (22, 2, 18, 41) (46, 26, 42, 17) (8, 44, 6, 3) (32, 20, 30, 27) (4, 38, 21, 43) (28, 14, 45, 19) (1, 47, 36) (25, 23, 12) (0, 15, 7) (24, 39, 31) "
"OP(6,4,4,4,4,4,3,3,3,3,3,3,3,3)",0,Solved,"0,1540"," (4t+2)","0,1579","(\infty, 40, 14, \infty, 38, 16) (36, 0, 21, 19) (12, 24, 45, 43) (8, 4, 15, 1) (32, 28, 39, 25) (10, 9, 34, 33) (37, 17, 47) (13, 41, 23) (42, 7, 2) (18, 31, 26) (20, 5, 11) (44, 29, 35) (3, 6, 22) (27, 30, 46) "
"OP(6,4,4,3,3,3,3,3,3,3,3,3,3,3,3)",0,Solved,"0,1300"," (4t+2)","0,1340","(\infty, 14, 2, \infty, 26, 38) (40, 12, 1, 11) (16, 36, 25, 35) (21, 7, 42) (45, 31, 18) (13, 43, 17) (37, 19, 41) (15, 46, 23) (39, 22, 47) (10, 3, 8) (34, 27, 32) (5, 4, 20) (29, 28, 44) (6, 9, 0) (30, 33, 24) "
"OP(6,4,5,5,5,5,5,5,5,5)",0,Solved,"0,3920"," (4t+2)","0,3961","(\infty, 25, 39, \infty, 15, 1) (36, 41, 12, 17) (35, 46, 26, 38, 3) (11, 22, 2, 14, 27) (43, 44, 29, 37, 47) (19, 20, 5, 13, 23) (33, 6, 32, 7, 24) (9, 30, 8, 31, 0) (4, 34, 40, 42, 45) (28, 10, 16, 18, 21) "
"OP(6,5,5,5,5,5,5,3,3)",0,Solved,"0,2100"," (4t+2)","0,2147","(\infty, 16, 8, \infty, 32, 40) (22, 11, 36, 9, 18) (46, 35, 12, 33, 42) (0, 17, 3, 6, 23) (24, 41, 27, 30, 47) (14, 13, 7, 45, 2) (38, 37, 31, 21, 26) (43, 15, 20) (19, 39, 44) "
"OP(4,5,5,5,5,5,5,4,4)",0,Solved,"0,1060"," (4t+2)","0,1103","(\infty, 19, \infty, 43) (9, 3, 10, 18, 31) (33, 27, 34, 42, 7) (38, 23, 13, 41, 20) (14, 47, 37, 17, 44) (8, 5, 1, 6, 22) (32, 29, 25, 30, 46) (0, 12, 11, 2) (24, 36, 35, 26) "
"OP(4,5,5,5,5,5,5,4,3,3,3,3)",0,Solved,"0,1520"," (4t+2)","0,1567","(\infty, 29, \infty, 5) (31, 3, 44, 39, 33) (7, 27, 20, 15, 9) (14, 4, 41, 19, 1) (38, 28, 17, 43, 25) (47, 2, 42, 21, 30) (23, 26, 18, 45, 6) (35, 34, 11, 10) (32, 13, 46) (8, 37, 22) (16, 0, 12) (40, 24, 36) "
"OP(6,5,5,5,5,4,4,4,4)",0,Solved,"0,0920"," (4t+2)","0,0952","(\infty, 43, 13, \infty, 37, 19) (16, 7, 10, 12, 5) (40, 31, 34, 36, 29) (22, 17, 39, 6, 8) (46, 41, 15, 30, 32) (2, 9, 21, 42) (26, 33, 45, 18) (1, 14, 4, 20) (25, 38, 28, 44) "
"OP(6,4,5,5,5,5,3,3,3,3)",0,Solved,"0,1120"," (4t+2)","0,1160","(\infty, 13, 1, \infty, 25, 37) (11, 2, 35, 26) (32, 45, 41, 3, 9) (8, 21, 17, 27, 33) (6, 7, 38, 46, 40) (30, 31, 14, 22, 16) (10, 4, 20) (34, 28, 44) (18, 24, 47) (42, 0, 23) "
"OP(4,5,5,5,5,4,4,4,3,3)",0,Solved,"0,1430"," (4t+2)","0,1460","(\infty, 30, \infty, 6) (5, 20, 9, 3, 2) (29, 44, 33, 27, 26) (21, 23, 4, 22, 42) (45, 47, 28, 46, 18) (8, 43, 11, 15) (32, 19, 35, 39) (10, 0, 34, 24) (13, 1, 41) (37, 25, 17) "
"OP(4,5,5,5,5,3,3,3,3,3,3)",0,Solved,"0,0390"," (4t+2)","0,0441","(\infty, 22, \infty, 46) (17, 38, 13, 43, 12) (41, 14, 37, 19, 36) (18, 3, 9, 0, 7) (42, 27, 33, 24, 31) (21, 2, 34) (45, 26, 10) (47, 15, 11) (23, 39, 35) (1, 44, 4) (25, 20, 28) "
"OP(6,5,5,4,4,4,4,4,3,3)",0,Solved,"0,1690"," (4t+2)","0,1729","(\infty, 30, 0, \infty, 24, 6) (1, 2, 5, 11, 9) (25, 26, 29, 35, 33) (4, 19, 15, 17) (28, 43, 39, 41) (13, 42, 21, 44) (37, 18, 45, 20) (22, 8, 46, 32) (36, 10, 3) (12, 34, 27) "
"OP(6,5,5,4,4,3,3,3,3,3,3)",0,Solved,"0,0960"," (4t+2)","0,0994","(\infty, 31, 33, \infty, 9, 7) (4, 5, 37, 44, 46) (28, 29, 13, 20, 22) (41, 47, 10, 32) (17, 23, 34, 8) (30, 0, 36) (6, 24, 12) (3, 45, 14) (27, 21, 38) (1, 11, 40) (25, 35, 16) "
"OP(6,4,5,5,3,3,3,3,3,3,3,3,3,3)",0,Solved,"0,2850"," (4t+2)","0,2883","(\infty, 15, 23, \infty, 47, 39) (1, 4, 25, 28) (8, 6, 40, 34, 44) (32, 30, 16, 10, 20) (36, 41, 19) (12, 17, 43) (3, 2, 21) (27, 26, 45) (9, 22, 42) (33, 46, 18) (7, 0, 11) (31, 24, 35) (5, 37, 14) (29, 13, 38) "
"OP(4,5,5,4,4,4,4,4,4,4)",0,Solved,"0,1380"," (4t+2)","0,1418","(\infty, 20, \infty, 44) (21, 1, 12, 2, 14) (45, 25, 36, 26, 38) (22, 40, 19, 6) (46, 16, 43, 30) (11, 15, 23, 37) (35, 39, 47, 13) (42, 17, 0, 9) (18, 41, 24, 33) (8, 3, 32, 27) "
"OP(4,5,5,4,4,4,4,3,3,3,3)",0,Solved,"0,1550"," (4t+2)","0,1601","(\infty, 21, \infty, 45) (35, 47, 13, 2, 15) (11, 23, 37, 26, 39) (43, 22, 44, 14) (19, 46, 20, 38) (16, 10, 1, 33) (40, 34, 25, 9) (5, 0, 8) (29, 24, 32) (12, 18, 41) (36, 42, 17) "
"OP(4,4,5,5,3,3,3,3,3,3,3,3)",0,Solved,"0,0560"," (4t+2)","0,0620","(\infty, 18, \infty, 42) (8, 39, 32, 15) (46, 37, 9, 3, 0) (22, 13, 33, 27, 24) (23, 4, 29) (47, 28, 5) (44, 30, 41) (20, 6, 17) (40, 1, 31) (16, 25, 7) (36, 43, 21) (12, 19, 45) "
"OP(6,4,4,4,4,4,4,4,4,4)",0,Solved,"0,0440"," (4t+2)","0,0484","(\infty, 7, 23, \infty, 47, 31) (12, 5, 42, 16) (36, 29, 18, 40) (3, 1, 21, 2) (27, 25, 45, 26) (0, 10, 22, 8) (24, 34, 46, 32) (41, 14, 11, 6) (17, 38, 35, 30) (13, 44, 37, 20) "
"OP(6,4,4,4,4,4,4,3,3,3,3)",0,Solved,"0,1400"," (4t+2)","0,1437","(\infty, 11, 5, \infty, 29, 35) (10, 9, 13, 40) (34, 33, 37, 16) (22, 2, 18, 41) (46, 26, 42, 17) (8, 44, 6, 3) (32, 20, 30, 27) (4, 38, 21) (28, 14, 45) (43, 1, 47) (19, 25, 23) "
"OP(6,4,4,4,3,3,3,3,3,3,3,3)",0,Solved,"0,1590"," (4t+2)","0,1629","(\infty, 40, 14, \infty, 38, 16) (36, 0, 21, 19) (12, 24, 45, 43) (8, 4, 32, 28) (15, 1, 10) (39, 25, 34) (9, 37, 17) (33, 13, 41) (47, 42, 7) (23, 18, 31) (2, 20, 5) (26, 44, 29) "
"OP(6,3,3,3,3,3,3,3,3,3,3,3,3)",0,Solved,"0,1320"," (4t+2)","0,1351","(\infty, 14, 2, \infty, 26, 38) (40, 12, 1) (16, 36, 25) (11, 21, 7) (35, 45, 31) (42, 13, 43) (18, 37, 19) (17, 15, 46) (41, 39, 22) (23, 10, 3) (47, 34, 27) (8, 5, 4) (32, 29, 28) "
"OP(4,4,4,4,4,4,4,4,4,3,3)",0,Solved,"0,0940"," (4t+2)","0,0977","(\infty, 12, \infty, 36) (19, 38, 1, 5) (43, 14, 25, 29) (46, 21, 9, 4) (22, 45, 33, 28) (41, 15, 0, 13) (17, 39, 24, 37) (8, 7, 16, 6) (32, 31, 40, 30) (11, 3, 10) (35, 27, 34) "
"OP(4,4,4,4,4,4,3,3,3,3,3,3)",0,Solved,"0,0770"," (4t+2)","0,0815","(\infty, 2, \infty, 26) (4, 5, 14, 45) (28, 29, 38, 21) (7, 17, 44, 19) (31, 41, 20, 43) (12, 23, 36, 47) (6, 10, 8) (30, 34, 32) (0, 27, 42) (24, 3, 18) (22, 9, 39) (46, 33, 15) "
"OP(4,4,4,3,3,3,3,3,3,3,3,3,3)",0,Solved,"0,1860"," (4t+2)","0,1897","(\infty, 12, \infty, 36) (26, 17, 6, 7) (2, 41, 30, 31) (8, 20, 47) (32, 44, 23) (1, 0, 4) (25, 24, 28) (34, 33, 16) (10, 9, 40) (39, 19, 27) (15, 43, 3) (22, 11, 37) (46, 35, 13) "
"OP(4,4,3,3,3,3,3,3,3,3,3,3,3,3,3,3)",0,Solved,"0,0800"," (4t+2)","0,0833","(\infty, 5, \infty, 29) (10, 15, 34, 39) (20, 6, 0) (44, 30, 24) (2, 18, 9) (26, 42, 33) (1, 22, 12) (25, 46, 36) (38, 13, 16) (14, 37, 40) (47, 7, 11) (23, 31, 35) (3, 4, 21) (27, 28, 45) (8, 43, 41) (32, 19, 17) "
"OP(4,3,3,4,4,4,4,4,4,4,4,4,4)",0,Solved,"0,0620"," (4t+2)","0,0659","(\infty, \infty, 23, 47) (19, 11, 4) (43, 35, 28) (34, 16, 6, 17) (10, 40, 30, 41) (0, 3, 5, 9) (24, 27, 29, 33) (7, 2, 1, 13) (31, 26, 25, 37) (44, 12, 38, 15) (20, 36, 14, 39) (8, 21, 42, 22) (32, 45, 18, 46) "
"OP(4,3,3,4,4,4,4,4,4,4,3,3,3,3)",0,Solved,"0,0590"," (4t+2)","0,0626","(\infty, 35, \infty, 11) (47, 40, 46) (23, 16, 22) (42, 6, 38, 4) (18, 30, 14, 28) (45, 0, 8, 41) (21, 24, 32, 17) (10, 1, 12, 33) (34, 25, 36, 9) (44, 39, 20, 15) (5, 3, 31) (29, 27, 7) (2, 19, 37) (26, 43, 13) "
"OP(4,3,3,4,4,4,4,3,3,3,3,3,3,3,3)",0,Solved,"0,1510"," (4t+2)","0,1547","(\infty, 47, \infty, 23) (45, 31, 0) (21, 7, 24) (11, 44, 9, 37) (35, 20, 33, 13) (43, 3, 46, 16) (19, 27, 22, 40) (10, 6, 29) (34, 30, 5) (17, 15, 8) (41, 39, 32) (28, 12, 18) (4, 36, 42) (2, 1, 38) (26, 25, 14) "
"OP(4,3,3,4,3,3,3,3,3,3,3,3,3,3,3,3)",0,Solved,"0,1690"," (4t+2)","0,1732","(\infty, 9, \infty, 33) (15, 11, 34) (39, 35, 10) (5, 32, 29, 8) (24, 31, 37) (0, 7, 13) (22, 27, 42) (46, 3, 18) (44, 43, 6) (20, 19, 30) (4, 12, 21) (28, 36, 45) (41, 23, 25) (17, 47, 1) (40, 14, 26) (16, 38, 2) "
